#****************************************************************************************************************************************************************************************************************
#Calib info:
 	 RunNr: 484	 start time:0x7ffcee9a9010	 RunNrPed: 485	 start time:0x7ffcee9a9020	 RunNrMip: 484	 start time:0x7ffcee9a9030	 Vop: 45	 Vov: 6.7	 BC calib set: 1
#****************************************************************************************************************************************************************************************************************
#cellID	layer	row	column	module	ped mean H	ped sig H	ped mean L	ped sig L	mip Scale H	mip Width H	mip Scale L	mip Width L	LG-HG	HG-LG	BC
#****************************************************************************************************************************************************************************************************************
0	0	0	0	0	80.921804	1.123752	80.705158	0.274069	20.238660	11.897413	-1000.000000	-1000.000000	-64.000000	-1000.000000	-64.000000	528.000000	3
1	1	0	0	0	89.947117	0.894263	90.070464	0.365085	18.257167	10.464569	-1000.000000	-1000.000000	-64.000000	-1000.000000	-64.000000	528.000000	3
2	2	0	0	0	81.274655	0.964806	81.100008	0.297148	32.849299	17.305847	-1000.000000	-1000.000000	-64.000000	-1000.000000	-64.000000	528.000000	3
3	3	0	0	0	81.319150	1.219795	81.294524	0.299534	37.817260	18.446055	-1000.000000	-1000.000000	-64.000000	-1000.000000	-64.000000	528.000000	3
4	4	0	0	0	78.885189	1.076425	79.413990	0.257171	37.066823	18.153517	-1000.000000	-1000.000000	-64.000000	-1000.000000	-64.000000	528.000000	3
5	5	0	0	0	81.960478	0.940988	82.316365	0.380199	45.087557	21.833149	-1000.000000	-1000.000000	-64.000000	-1000.000000	-64.000000	528.000000	3
6	6	0	0	0	80.729984	1.186192	80.362587	0.211650	33.580212	19.947023	-1000.000000	-1000.000000	-64.000000	-1000.000000	-64.000000	528.000000	3
7	7	0	0	0	74.953996	1.331707	75.361632	0.262697	35.286358	21.703739	-1000.000000	-1000.000000	-64.000000	-1000.000000	-64.000000	528.000000	3
64	0	0	1	0	80.501206	0.498587	79.782103	0.194970	22.308196	13.101841	-1000.000000	-1000.000000	-64.000000	-1000.000000	-64.000000	528.000000	3
65	1	0	1	0	79.715819	1.034481	80.003841	0.166162	20.072509	12.777633	-1000.000000	-1000.000000	-64.000000	-1000.000000	-64.000000	528.000000	3
66	2	0	1	0	81.295466	1.093223	81.236945	0.302339	37.920216	20.614811	-1000.000000	-1000.000000	-64.000000	-1000.000000	-64.000000	528.000000	3
67	3	0	1	0	89.720134	1.014218	89.670952	0.333774	34.227060	17.529180	-1000.000000	-1000.000000	-64.000000	-1000.000000	-64.000000	528.000000	3
68	4	0	1	0	81.480820	1.096584	81.409944	0.307298	40.714475	19.320835	-1000.000000	-1000.000000	-64.000000	-1000.000000	-64.000000	528.000000	3
69	5	0	1	0	82.270114	0.767310	82.610523	0.360101	40.312846	19.254976	-1000.000000	-1000.000000	-64.000000	-1000.000000	-64.000000	528.000000	3
70	6	0	1	0	77.580076	0.741564	77.136033	0.329683	31.797272	18.509417	-1000.000000	-1000.000000	-64.000000	-1000.000000	-64.000000	528.000000	3
71	7	0	1	0	81.596731	0.992806	81.107318	0.332576	36.671223	23.053835	-1000.000000	-1000.000000	-64.000000	-1000.000000	-64.000000	528.000000	3
128	0	0	2	0	80.767849	0.688609	80.269546	0.202157	21.833027	11.877690	-1000.000000	-1000.000000	-64.000000	-1000.000000	-64.000000	528.000000	3
129	1	0	2	0	81.032740	0.970632	80.704562	0.273555	23.223586	13.336508	-1000.000000	-1000.000000	-64.000000	-1000.000000	-64.000000	528.000000	3
130	2	0	2	0	81.943439	0.973986	81.958772	0.359322	31.546713	14.669174	-1000.000000	-1000.000000	-64.000000	-1000.000000	-64.000000	528.000000	3
131	3	0	2	0	83.342342	1.405126	83.542462	0.237610	34.004275	16.818675	-1000.000000	-1000.000000	-64.000000	-1000.000000	-64.000000	528.000000	3
132	4	0	2	0	81.496354	1.007534	81.285276	0.353157	36.458478	17.252878	-1000.000000	-1000.000000	-64.000000	-1000.000000	-64.000000	528.000000	3
133	5	0	2	0	82.323158	0.915234	82.780992	0.326012	46.120228	22.789376	-1000.000000	-1000.000000	-64.000000	-1000.000000	-64.000000	528.000000	3
134	6	0	2	0	82.693380	1.141119	83.205415	0.283507	33.330808	20.420142	-1000.000000	-1000.000000	-64.000000	-1000.000000	-64.000000	528.000000	3
135	7	0	2	0	82.219860	0.907570	82.482836	0.343503	38.311988	24.542913	-1000.000000	-1000.000000	-64.000000	-1000.000000	-64.000000	528.000000	3
192	0	0	3	0	81.879543	1.041031	82.149073	0.312062	19.672022	13.111410	-1000.000000	-1000.000000	-64.000000	-1000.000000	-64.000000	528.000000	3
193	1	0	3	0	81.212511	1.146455	81.124099	0.318635	20.570676	12.888219	-1000.000000	-1000.000000	-64.000000	-1000.000000	-64.000000	528.000000	3
194	2	0	3	0	81.981025	1.017041	82.074228	0.309142	33.997986	16.822272	-1000.000000	-1000.000000	-64.000000	-1000.000000	-64.000000	528.000000	3
195	3	0	3	0	81.481645	0.879573	81.204799	0.325167	33.851067	16.223495	-1000.000000	-1000.000000	-64.000000	-1000.000000	-64.000000	528.000000	3
196	4	0	3	0	81.421599	0.983392	81.152553	0.320798	40.920260	20.014794	-1000.000000	-1000.000000	-64.000000	-1000.000000	-64.000000	528.000000	3
197	5	0	3	0	80.833332	0.507823	80.437550	0.241974	49.113969	24.279799	-1000.000000	-1000.000000	-64.000000	-1000.000000	-64.000000	528.000000	3
198	6	0	3	0	82.331616	0.913478	82.796804	0.324944	33.267532	19.866846	-1000.000000	-1000.000000	-64.000000	-1000.000000	-64.000000	528.000000	3
199	7	0	3	0	80.700976	0.420247	80.003356	0.129506	33.924657	20.861154	-1000.000000	-1000.000000	-64.000000	-1000.000000	-64.000000	528.000000	3
256	0	1	0	0	82.370162	0.856363	82.644682	0.335155	19.849567	11.757851	-1000.000000	-1000.000000	-64.000000	-1000.000000	-64.000000	528.000000	3
257	1	1	0	0	90.540129	1.071519	91.184158	0.282962	21.438781	13.741014	-1000.000000	-1000.000000	-64.000000	-1000.000000	-64.000000	528.000000	3
258	2	1	0	0	81.442869	0.993533	81.077521	0.309786	33.786732	16.375036	-1000.000000	-1000.000000	-64.000000	-1000.000000	-64.000000	528.000000	3
259	3	1	0	0	76.754748	0.932060	76.226252	0.219201	33.626503	15.805914	-1000.000000	-1000.000000	-64.000000	-1000.000000	-64.000000	528.000000	3
260	4	1	0	0	90.503546	0.887677	90.843009	0.316746	42.718961	25.129399	-1000.000000	-1000.000000	-64.000000	-1000.000000	-64.000000	528.000000	3
261	5	1	0	0	82.108893	0.924965	82.304879	0.355337	47.776461	25.103504	-1000.000000	-1000.000000	-64.000000	-1000.000000	-64.000000	528.000000	3
262	6	1	0	0	82.252836	0.929353	82.552609	0.345811	36.412435	21.609332	-1000.000000	-1000.000000	-64.000000	-1000.000000	-64.000000	528.000000	3
263	7	1	0	0	81.329417	1.018798	81.037320	0.325710	33.959222	21.113384	-1000.000000	-1000.000000	-64.000000	-1000.000000	-64.000000	528.000000	3
320	0	1	1	0	80.670458	0.595236	80.199960	0.186954	20.116389	12.164801	-1000.000000	-1000.000000	-64.000000	-1000.000000	-64.000000	528.000000	3
321	1	1	1	0	81.833364	1.022371	81.964440	0.338260	22.338998	13.163644	-1000.000000	-1000.000000	-64.000000	-1000.000000	-64.000000	528.000000	3
322	2	1	1	0	81.352994	1.035994	81.081884	0.305784	35.217731	17.138893	-1000.000000	-1000.000000	-64.000000	-1000.000000	-64.000000	528.000000	3
323	3	1	1	0	81.615629	1.225681	81.520776	0.302119	38.849394	18.892378	-1000.000000	-1000.000000	-64.000000	-1000.000000	-64.000000	528.000000	3
324	4	1	1	0	82.418242	1.124618	82.781887	0.307323	42.996890	22.234965	-1000.000000	-1000.000000	-64.000000	-1000.000000	-64.000000	528.000000	3
325	5	1	1	0	82.740261	1.197905	83.274704	0.278997	40.895218	20.221304	-1000.000000	-1000.000000	-64.000000	-1000.000000	-64.000000	528.000000	3
326	6	1	1	0	80.867278	0.521853	80.525410	0.243815	36.306821	23.431086	-1000.000000	-1000.000000	-64.000000	-1000.000000	-64.000000	528.000000	3
327	7	1	1	0	81.494340	1.047221	81.327826	0.333225	36.052084	22.860850	-1000.000000	-1000.000000	-64.000000	-1000.000000	-64.000000	528.000000	3
384	0	1	2	0	81.517550	0.882786	81.486281	0.310153	22.260315	12.522218	-1000.000000	-1000.000000	-64.000000	-1000.000000	-64.000000	528.000000	3
385	1	1	2	0	82.584766	1.056080	83.038905	0.306005	22.904924	13.635542	-1000.000000	-1000.000000	-64.000000	-1000.000000	-64.000000	528.000000	3
386	2	1	2	0	81.291364	1.071693	80.987721	0.301439	33.791289	15.754955	-1000.000000	-1000.000000	-64.000000	-1000.000000	-64.000000	528.000000	3
387	3	1	2	0	82.618815	1.259285	82.864191	0.316314	35.302721	17.408194	-1000.000000	-1000.000000	-64.000000	-1000.000000	-64.000000	528.000000	3
388	4	1	2	0	81.720076	0.909770	81.674942	0.366607	40.201234	19.304804	-1000.000000	-1000.000000	-64.000000	-1000.000000	-64.000000	528.000000	3
389	5	1	2	0	81.892139	1.099297	82.070499	0.316939	51.185084	27.124734	-1000.000000	-1000.000000	-64.000000	-1000.000000	-64.000000	528.000000	3
390	6	1	2	0	81.598542	0.886042	81.412629	0.368077	34.783321	20.414782	-1000.000000	-1000.000000	-64.000000	-1000.000000	-64.000000	528.000000	3
391	7	1	2	0	65.270462	1.628709	65.265105	0.324288	33.696917	21.268243	-1000.000000	-1000.000000	-64.000000	-1000.000000	-64.000000	528.000000	3
448	0	1	3	0	86.760655	1.187593	87.123297	0.293080	21.236564	12.026345	-1000.000000	-1000.000000	-64.000000	-1000.000000	-64.000000	528.000000	3
449	1	1	3	0	81.622564	0.853233	81.673338	0.338612	22.576963	13.363841	-1000.000000	-1000.000000	-64.000000	-1000.000000	-64.000000	528.000000	3
450	2	1	3	0	82.231266	0.966705	82.501221	0.316467	34.874139	17.478168	-1000.000000	-1000.000000	-64.000000	-1000.000000	-64.000000	528.000000	3
451	3	1	3	0	83.277397	1.473390	83.593366	0.261393	35.938042	18.075870	-1000.000000	-1000.000000	-64.000000	-1000.000000	-64.000000	528.000000	3
452	4	1	3	0	73.879957	0.955671	73.821762	0.315537	41.900372	19.870841	-1000.000000	-1000.000000	-64.000000	-1000.000000	-64.000000	528.000000	3
453	5	1	3	0	81.113358	0.984540	80.701504	0.267482	44.772955	22.527258	-1000.000000	-1000.000000	-64.000000	-1000.000000	-64.000000	528.000000	3
454	6	1	3	0	81.004779	1.072612	80.755615	0.277474	33.636563	20.164082	-1000.000000	-1000.000000	-64.000000	-1000.000000	-64.000000	528.000000	3
455	7	1	3	0	81.541250	1.030591	81.481097	0.394316	31.396423	19.002419	-1000.000000	-1000.000000	-64.000000	-1000.000000	-64.000000	528.000000	3
512	0	0	0	1	81.225538	1.115867	81.013379	0.299780	20.882093	12.763792	-1000.000000	-1000.000000	-64.000000	-1000.000000	-64.000000	270.000000	3
513	1	0	0	1	95.401386	0.564450	95.944770	0.154166	23.046942	13.453190	-1000.000000	-1000.000000	-64.000000	-1000.000000	-64.000000	270.000000	3
514	2	0	0	1	81.987518	1.053417	82.058938	0.306204	32.972754	15.932261	-1000.000000	-1000.000000	-64.000000	-1000.000000	-64.000000	270.000000	3
515	3	0	0	1	83.539029	1.520637	83.726685	0.223859	31.050869	14.530153	-1000.000000	-1000.000000	-64.000000	-1000.000000	-64.000000	270.000000	3
516	4	0	0	1	82.502038	1.059938	82.931093	0.305261	32.826324	15.887419	-1000.000000	-1000.000000	-64.000000	-1000.000000	-64.000000	780.000000	3
517	5	0	0	1	84.784422	1.060361	84.318587	0.212824	41.276533	20.849770	-1000.000000	-1000.000000	-64.000000	-1000.000000	-64.000000	780.000000	3
518	6	0	0	1	82.396837	0.830583	82.844986	0.320987	31.363497	18.855567	-1000.000000	-1000.000000	-64.000000	-1000.000000	-64.000000	780.000000	3
519	7	0	0	1	81.589674	0.872058	81.278079	0.373096	34.911077	21.371548	-1000.000000	-1000.000000	-64.000000	-1000.000000	-64.000000	780.000000	3
576	0	0	1	1	90.504645	0.817875	91.092084	0.278756	20.468517	12.464477	-1000.000000	-1000.000000	-64.000000	-1000.000000	-64.000000	270.000000	3
577	1	0	1	1	81.625454	0.997654	81.579399	0.321896	23.359474	13.432837	-1000.000000	-1000.000000	-64.000000	-1000.000000	-64.000000	270.000000	3
578	2	0	1	1	81.385243	0.980764	81.245485	0.317998	31.644129	14.705833	-1000.000000	-1000.000000	-64.000000	-1000.000000	-64.000000	780.000000	3
579	3	0	1	1	82.045668	0.953686	82.119277	0.353201	29.867611	14.262520	-1000.000000	-1000.000000	-64.000000	-1000.000000	-64.000000	780.000000	3
580	4	0	1	1	82.871098	1.344452	83.173082	0.289442	34.544196	16.044656	-1000.000000	-1000.000000	-64.000000	-1000.000000	-64.000000	780.000000	3
581	5	0	1	1	84.628903	0.733586	84.090322	0.196027	42.377878	20.653178	-1000.000000	-1000.000000	-64.000000	-1000.000000	-64.000000	270.000000	3
582	6	0	1	1	83.110986	1.345601	83.444010	0.247329	32.402212	19.499961	-1000.000000	-1000.000000	-64.000000	-1000.000000	-64.000000	780.000000	3
583	7	0	1	1	81.948496	0.959355	81.792636	0.363317	35.334733	22.032590	-1000.000000	-1000.000000	-64.000000	-1000.000000	-64.000000	270.000000	3
640	0	0	2	1	83.025601	1.300319	83.566664	0.231384	20.822732	12.928524	-1000.000000	-1000.000000	-64.000000	-1000.000000	-64.000000	270.000000	3
641	1	0	2	1	80.583064	1.099552	80.382128	0.216338	24.133944	13.851065	-1000.000000	-1000.000000	-64.000000	-1000.000000	-64.000000	270.000000	3
642	2	0	2	1	81.517883	0.924275	81.339536	0.339328	29.316812	13.551166	-1000.000000	-1000.000000	-64.000000	-1000.000000	-64.000000	780.000000	3
643	3	0	2	1	82.962416	1.234740	83.439834	0.255516	33.023204	15.782912	-1000.000000	-1000.000000	-64.000000	-1000.000000	-64.000000	270.000000	3
644	4	0	2	1	82.281538	0.975667	82.500214	0.307393	35.522978	17.252172	-1000.000000	-1000.000000	-64.000000	-1000.000000	-64.000000	270.000000	3
645	5	0	2	1	82.822014	1.225082	83.160851	0.289421	44.872962	21.502723	-1000.000000	-1000.000000	-64.000000	-1000.000000	-64.000000	780.000000	3
646	6	0	2	1	83.544564	1.379807	83.705690	0.198836	28.483873	17.372471	-1000.000000	-1000.000000	-64.000000	-1000.000000	-64.000000	270.000000	3
647	7	0	2	1	82.032525	0.939420	82.150826	0.370486	33.736930	21.799239	-1000.000000	-1000.000000	-64.000000	-1000.000000	-64.000000	270.000000	3
704	0	0	3	1	81.586953	1.061044	81.397488	0.354282	20.669952	11.599990	-1000.000000	-1000.000000	-64.000000	-1000.000000	-64.000000	780.000000	3
705	1	0	3	1	84.964444	0.993946	84.539693	0.245520	22.474471	12.693949	-1000.000000	-1000.000000	-64.000000	-1000.000000	-64.000000	780.000000	3
706	2	0	3	1	82.223424	0.915856	82.334153	0.372852	28.365312	13.148919	-1000.000000	-1000.000000	-64.000000	-1000.000000	-64.000000	780.000000	3
707	3	0	3	1	83.146374	1.308222	83.584043	0.233320	33.221437	15.520001	-1000.000000	-1000.000000	-64.000000	-1000.000000	-64.000000	270.000000	3
708	4	0	3	1	83.869385	1.272256	84.076561	0.171963	36.730000	17.652865	-1000.000000	-1000.000000	-64.000000	-1000.000000	-64.000000	780.000000	3
709	5	0	3	1	83.369737	1.251713	83.762001	0.184549	39.019418	18.901440	-1000.000000	-1000.000000	-64.000000	-1000.000000	-64.000000	780.000000	3
710	6	0	3	1	84.589483	0.761617	84.004214	0.153868	27.669016	17.124151	-1000.000000	-1000.000000	-64.000000	-1000.000000	-64.000000	270.000000	3
711	7	0	3	1	82.042748	0.926303	81.938261	0.408099	34.767642	21.733741	-1000.000000	-1000.000000	-64.000000	-1000.000000	-64.000000	780.000000	3
768	0	1	0	1	81.974732	0.965713	82.108276	0.292357	20.055206	12.068404	-1000.000000	-1000.000000	-64.000000	-1000.000000	-64.000000	270.000000	3
769	1	1	0	1	82.577323	0.849439	82.938216	0.288631	23.294458	13.272409	-1000.000000	-1000.000000	-64.000000	-1000.000000	-64.000000	270.000000	3
770	2	1	0	1	85.518125	1.007535	85.320741	0.292761	34.153556	16.013146	-1000.000000	-1000.000000	-64.000000	-1000.000000	-64.000000	270.000000	3
771	3	1	0	1	83.553062	1.337567	83.745406	0.214351	34.004006	16.176599	-1000.000000	-1000.000000	-64.000000	-1000.000000	-64.000000	780.000000	3
772	4	1	0	1	81.999519	0.899749	81.995989	0.365297	34.098374	15.955793	-1000.000000	-1000.000000	-64.000000	-1000.000000	-64.000000	780.000000	3
773	5	1	0	1	84.621951	0.697855	83.970166	0.196960	38.145283	18.076791	-1000.000000	-1000.000000	-64.000000	-1000.000000	-64.000000	270.000000	3
774	6	1	0	1	83.470148	1.195429	83.772890	0.190416	32.625065	19.752326	-1000.000000	-1000.000000	-64.000000	-1000.000000	-64.000000	780.000000	3
775	7	1	0	1	81.533540	0.891184	81.201741	0.359731	34.731055	21.450958	-1000.000000	-1000.000000	-64.000000	-1000.000000	-64.000000	780.000000	3
832	0	1	1	1	81.894477	0.995437	82.091532	0.312556	21.493915	12.132482	-1000.000000	-1000.000000	-64.000000	-1000.000000	-64.000000	270.000000	3
833	1	1	1	1	82.258084	0.930244	82.549812	0.330512	23.331389	13.482277	-1000.000000	-1000.000000	-64.000000	-1000.000000	-64.000000	270.000000	3
834	2	1	1	1	82.540672	0.999439	82.902900	0.289355	31.310624	14.621056	-1000.000000	-1000.000000	-64.000000	-1000.000000	-64.000000	780.000000	3
835	3	1	1	1	65.265205	1.567652	65.138684	0.279156	32.411823	15.234768	-1000.000000	-1000.000000	-64.000000	-1000.000000	-64.000000	780.000000	3
836	4	1	1	1	82.306727	0.969211	82.805083	0.307002	34.400433	16.798196	-1000.000000	-1000.000000	-64.000000	-1000.000000	-64.000000	780.000000	3
837	5	1	1	1	83.135860	1.229540	83.478095	0.226743	42.629077	21.591208	-1000.000000	-1000.000000	-64.000000	-1000.000000	-64.000000	780.000000	3
838	6	1	1	1	82.924077	1.251809	83.213619	0.266928	32.025051	19.382039	-1000.000000	-1000.000000	-64.000000	-1000.000000	-64.000000	780.000000	3
839	7	1	1	1	82.171578	0.931833	82.563610	0.321155	31.047591	19.396807	-1000.000000	-1000.000000	-64.000000	-1000.000000	-64.000000	270.000000	3
896	0	1	2	1	82.512193	1.254780	82.923709	0.297078	21.505379	11.958382	-1000.000000	-1000.000000	-64.000000	-1000.000000	-64.000000	270.000000	3
897	1	1	2	1	80.929149	0.991366	80.640829	0.261941	21.691960	12.646932	-1000.000000	-1000.000000	-64.000000	-1000.000000	-64.000000	270.000000	3
898	2	1	2	1	83.190745	1.376174	83.351787	0.266307	30.180975	14.698960	-1000.000000	-1000.000000	-64.000000	-1000.000000	-64.000000	270.000000	3
899	3	1	2	1	83.179532	1.090830	83.516693	0.239957	31.949684	15.047582	-1000.000000	-1000.000000	-64.000000	-1000.000000	-64.000000	780.000000	3
900	4	1	2	1	82.095024	0.985121	82.364360	0.301209	38.056916	17.784088	-1000.000000	-1000.000000	-64.000000	-1000.000000	-64.000000	270.000000	3
901	5	1	2	1	82.584244	1.083874	83.089436	0.297125	37.896159	18.761854	-1000.000000	-1000.000000	-64.000000	-1000.000000	-64.000000	780.000000	3
902	6	1	2	1	84.302178	0.983382	83.968936	0.143712	32.960019	19.186924	-1000.000000	-1000.000000	-64.000000	-1000.000000	-64.000000	780.000000	3
903	7	1	2	1	81.428507	1.004617	81.018264	0.313202	36.908852	23.211837	-1000.000000	-1000.000000	-64.000000	-1000.000000	-64.000000	780.000000	3
960	0	1	3	1	80.129612	1.029631	79.999888	0.145812	21.691603	11.994609	-1000.000000	-1000.000000	-64.000000	-1000.000000	-64.000000	270.000000	3
961	1	1	3	1	81.310512	1.003326	81.211288	0.353894	23.196781	13.259616	-1000.000000	-1000.000000	-64.000000	-1000.000000	-64.000000	780.000000	3
962	2	1	3	1	81.504276	0.954055	81.527899	0.297861	31.711377	15.006773	-1000.000000	-1000.000000	-64.000000	-1000.000000	-64.000000	270.000000	3
963	3	1	3	1	82.146851	0.980597	82.308310	0.322043	29.648451	13.827905	-1000.000000	-1000.000000	-64.000000	-1000.000000	-64.000000	270.000000	3
964	4	1	3	1	83.612524	1.285247	83.824205	0.190179	34.420782	16.589917	-1000.000000	-1000.000000	-64.000000	-1000.000000	-64.000000	270.000000	3
965	5	1	3	1	83.325856	1.209104	83.754617	0.188301	40.202671	19.198051	-1000.000000	-1000.000000	-64.000000	-1000.000000	-64.000000	780.000000	3
966	6	1	3	1	82.295193	0.979858	82.361675	0.348032	31.126226	19.175106	-1000.000000	-1000.000000	-64.000000	-1000.000000	-64.000000	270.000000	3
967	7	1	3	1	30.711398	0.920257	-1000.000000	-1000.000000	-1000.000000	-1000.000000	-1000.000000	-1000.000000	-64.000000	-1000.000000	-64.000000	780.000000	0
1024	0	0	0	2	80.259710	1.206565	80.275886	0.200057	15.260470	9.054678	-1000.000000	-1000.000000	-64.000000	-1000.000000	-64.000000	270.000000	3
1025	1	0	0	2	94.044978	1.018221	94.095708	0.391871	22.813539	13.639521	-1000.000000	-1000.000000	-64.000000	-1000.000000	-64.000000	270.000000	3
1026	2	0	0	2	80.722495	0.443845	79.739590	0.237632	34.765844	18.699595	-1000.000000	-1000.000000	-64.000000	-1000.000000	-64.000000	270.000000	3
1027	3	0	0	2	82.007033	0.979664	81.794799	0.323156	35.116861	16.620257	-1000.000000	-1000.000000	-64.000000	-1000.000000	-64.000000	270.000000	3
1028	4	0	0	2	82.055440	0.956279	82.227125	0.322879	37.037568	18.310586	-1000.000000	-1000.000000	-64.000000	-1000.000000	-64.000000	270.000000	3
1029	5	0	0	2	84.967099	1.006495	84.497404	0.241712	45.849580	26.941216	-1000.000000	-1000.000000	-64.000000	-1000.000000	-64.000000	270.000000	3
1030	6	0	0	2	80.262704	1.035635	80.007943	0.124264	-1000.000000	-1000.000000	-1000.000000	-1000.000000	-64.000000	-1000.000000	-64.000000	270.000000	0
1031	7	0	0	2	25.067118	0.887496	40.000000	0.001007	-1000.000000	-1000.000000	-1000.000000	-1000.000000	-64.000000	-1000.000000	-64.000000	270.000000	0
1088	0	0	1	2	81.057698	0.852877	80.895498	0.288986	18.483522	11.291091	-1000.000000	-1000.000000	-64.000000	-1000.000000	-64.000000	270.000000	3
1089	1	0	1	2	81.175985	0.866064	80.591753	0.256215	25.497481	15.186164	-1000.000000	-1000.000000	-64.000000	-1000.000000	-64.000000	270.000000	3
1090	2	0	1	2	82.538825	1.411501	82.833462	0.314582	35.237816	17.866940	-1000.000000	-1000.000000	-64.000000	-1000.000000	-64.000000	270.000000	3
1091	3	0	1	2	83.814770	1.352424	83.896551	0.186584	35.008818	16.977662	-1000.000000	-1000.000000	-64.000000	-1000.000000	-64.000000	270.000000	3
1092	4	0	1	2	82.298279	0.738371	82.582554	0.338911	32.919099	16.939874	-1000.000000	-1000.000000	-64.000000	-1000.000000	-64.000000	270.000000	3
1093	5	0	1	2	85.095707	0.794298	84.509747	0.242595	43.018643	21.220830	-1000.000000	-1000.000000	-64.000000	-1000.000000	-64.000000	270.000000	3
1094	6	0	1	2	81.869272	0.857862	82.046818	0.371427	36.843648	23.603758	-1000.000000	-1000.000000	-64.000000	-1000.000000	-64.000000	270.000000	3
1095	7	0	1	2	82.593628	0.735854	83.231780	0.281073	37.102831	24.012886	-1000.000000	-1000.000000	-64.000000	-1000.000000	-64.000000	270.000000	3
1152	0	0	2	2	81.513847	1.006957	81.363851	0.341064	17.479570	11.116931	-1000.000000	-1000.000000	-64.000000	-1000.000000	-64.000000	270.000000	3
1153	1	0	2	2	81.535972	0.910344	81.079498	0.305516	24.297816	14.440953	-1000.000000	-1000.000000	-64.000000	-1000.000000	-64.000000	270.000000	3
1154	2	0	2	2	82.026272	0.984063	82.163990	0.323811	33.904727	16.971620	-1000.000000	-1000.000000	-64.000000	-1000.000000	-64.000000	270.000000	3
1155	3	0	2	2	81.692770	0.984252	81.729687	0.302738	36.194714	17.180450	-1000.000000	-1000.000000	-64.000000	-1000.000000	-64.000000	270.000000	3
1156	4	0	2	2	82.301562	0.868753	82.822498	0.323557	39.083615	18.490419	-1000.000000	-1000.000000	-64.000000	-1000.000000	-64.000000	270.000000	3
1157	5	0	2	2	84.607265	0.794044	84.060935	0.176424	43.759328	21.682144	-1000.000000	-1000.000000	-64.000000	-1000.000000	-64.000000	270.000000	3
1158	6	0	2	2	84.190122	1.141096	83.891741	0.177705	38.118913	23.729780	-1000.000000	-1000.000000	-64.000000	-1000.000000	-64.000000	270.000000	3
1159	7	0	2	2	81.950506	0.979859	82.120731	0.347715	37.885398	24.899568	-1000.000000	-1000.000000	-64.000000	-1000.000000	-64.000000	270.000000	3
1216	0	0	3	2	80.959987	1.000178	80.485806	0.240101	22.449080	13.438728	-1000.000000	-1000.000000	-64.000000	-1000.000000	-64.000000	270.000000	3
1217	1	0	3	2	81.270120	0.979372	80.857795	0.288564	25.122131	14.589710	-1000.000000	-1000.000000	-64.000000	-1000.000000	-64.000000	270.000000	3
1218	2	0	3	2	82.688279	1.264813	83.108306	0.300448	32.299098	16.805770	-1000.000000	-1000.000000	-64.000000	-1000.000000	-64.000000	270.000000	3
1219	3	0	3	2	84.223648	1.246286	83.926422	0.213460	34.627556	16.808189	-1000.000000	-1000.000000	-64.000000	-1000.000000	-64.000000	270.000000	3
1220	4	0	3	2	84.731419	0.835419	84.192428	0.204687	39.956465	19.353151	-1000.000000	-1000.000000	-64.000000	-1000.000000	-64.000000	270.000000	3
1221	5	0	3	2	83.157329	1.753949	83.076794	0.305614	40.793790	20.341671	-1000.000000	-1000.000000	-64.000000	-1000.000000	-64.000000	270.000000	3
1222	6	0	3	2	82.054540	0.996747	82.294847	0.344836	34.440422	21.544055	-1000.000000	-1000.000000	-64.000000	-1000.000000	-64.000000	270.000000	3
1223	7	0	3	2	83.980179	1.388124	83.807647	0.186904	35.173986	22.505553	-1000.000000	-1000.000000	-64.000000	-1000.000000	-64.000000	270.000000	3
1280	0	1	0	2	81.483022	1.110520	81.433960	0.350389	15.578529	9.962733	-1000.000000	-1000.000000	-64.000000	-1000.000000	-64.000000	270.000000	3
1281	1	1	0	2	80.697855	0.964281	80.271224	0.194864	22.354995	13.321373	-1000.000000	-1000.000000	-64.000000	-1000.000000	-64.000000	270.000000	3
1282	2	1	0	2	82.510968	1.017383	82.850244	0.321351	32.144772	15.694862	-1000.000000	-1000.000000	-64.000000	-1000.000000	-64.000000	270.000000	3
1283	3	1	0	2	80.974963	0.842105	80.688041	0.268750	35.072680	17.811787	-1000.000000	-1000.000000	-64.000000	-1000.000000	-64.000000	270.000000	3
1284	4	1	0	2	82.068631	0.965789	82.255169	0.345493	35.170579	17.159069	-1000.000000	-1000.000000	-64.000000	-1000.000000	-64.000000	270.000000	3
1285	5	1	0	2	81.926083	0.963950	81.997034	0.385015	44.441821	24.412896	-1000.000000	-1000.000000	-64.000000	-1000.000000	-64.000000	270.000000	3
1286	6	1	0	2	82.040533	0.989672	82.324233	0.349397	37.733070	25.314033	-1000.000000	-1000.000000	-64.000000	-1000.000000	-64.000000	270.000000	3
1287	7	1	0	2	88.091930	1.130045	87.929815	0.157788	37.029950	23.598555	-1000.000000	-1000.000000	-64.000000	-1000.000000	-64.000000	270.000000	3
1344	0	1	1	2	83.242312	1.435568	83.601533	0.232884	17.094165	11.091770	-1000.000000	-1000.000000	-64.000000	-1000.000000	-64.000000	270.000000	3
1345	1	1	1	2	81.398829	0.709658	80.859623	0.292560	25.919130	15.053371	-1000.000000	-1000.000000	-64.000000	-1000.000000	-64.000000	270.000000	3
1346	2	1	1	2	79.891679	1.198700	79.919822	0.173437	32.352385	15.298288	-1000.000000	-1000.000000	-64.000000	-1000.000000	-64.000000	270.000000	3
1347	3	1	1	2	81.778986	0.993165	81.607853	0.318712	32.690219	15.311979	-1000.000000	-1000.000000	-64.000000	-1000.000000	-64.000000	270.000000	3
1348	4	1	1	2	83.362497	1.334593	83.676751	0.221091	39.393941	20.552513	-1000.000000	-1000.000000	-64.000000	-1000.000000	-64.000000	270.000000	3
1349	5	1	1	2	94.604597	1.003924	95.181878	0.282371	42.629299	25.190610	-1000.000000	-1000.000000	-64.000000	-1000.000000	-64.000000	270.000000	3
1350	6	1	1	2	95.281322	0.652826	95.743422	0.192564	36.009689	24.308308	-1000.000000	-1000.000000	-64.000000	-1000.000000	-64.000000	270.000000	3
1351	7	1	1	2	81.818954	0.950335	81.546806	0.344614	36.931667	23.465064	-1000.000000	-1000.000000	-64.000000	-1000.000000	-64.000000	270.000000	3
1408	0	1	2	2	81.656366	0.994068	81.724839	0.345107	19.801555	12.305073	-1000.000000	-1000.000000	-64.000000	-1000.000000	-64.000000	270.000000	3
1409	1	1	2	2	82.526015	1.189456	82.834768	0.322920	25.546562	14.805909	-1000.000000	-1000.000000	-64.000000	-1000.000000	-64.000000	270.000000	3
1410	2	1	2	2	81.279177	1.141478	81.129656	0.319184	33.040902	16.282389	-1000.000000	-1000.000000	-64.000000	-1000.000000	-64.000000	270.000000	3
1411	3	1	2	2	83.919097	1.361707	84.043669	0.194294	32.344364	16.135888	-1000.000000	-1000.000000	-64.000000	-1000.000000	-64.000000	270.000000	3
1412	4	1	2	2	85.009866	0.809747	84.345289	0.215795	37.777578	17.812566	-1000.000000	-1000.000000	-64.000000	-1000.000000	-64.000000	270.000000	3
1413	5	1	2	2	82.792894	1.265865	83.270975	0.276311	38.785073	19.225096	-1000.000000	-1000.000000	-64.000000	-1000.000000	-64.000000	270.000000	3
1414	6	1	2	2	84.281327	1.071297	83.846505	0.172239	37.238065	22.603104	-1000.000000	-1000.000000	-64.000000	-1000.000000	-64.000000	270.000000	3
1415	7	1	2	2	80.223936	1.072726	80.013462	0.155269	37.062011	23.841984	-1000.000000	-1000.000000	-64.000000	-1000.000000	-64.000000	270.000000	3
1472	0	1	3	2	82.203193	0.947491	82.578266	0.339319	20.338933	12.427680	-1000.000000	-1000.000000	-64.000000	-1000.000000	-64.000000	270.000000	3
1473	1	1	3	2	86.073444	0.934754	86.454946	0.321134	24.549701	14.490603	-1000.000000	-1000.000000	-64.000000	-1000.000000	-64.000000	270.000000	3
1474	2	1	3	2	82.949925	1.399158	83.322699	0.279552	36.228713	18.801416	-1000.000000	-1000.000000	-64.000000	-1000.000000	-64.000000	270.000000	3
1475	3	1	3	2	80.741464	1.415262	80.722425	0.270461	37.385477	17.642016	-1000.000000	-1000.000000	-64.000000	-1000.000000	-64.000000	270.000000	3
1476	4	1	3	2	82.594383	1.310206	83.082089	0.303373	37.546883	19.325488	-1000.000000	-1000.000000	-64.000000	-1000.000000	-64.000000	270.000000	3
1477	5	1	3	2	83.342785	1.438253	83.707927	0.235546	47.472489	25.073879	-1000.000000	-1000.000000	-64.000000	-1000.000000	-64.000000	270.000000	3
1478	6	1	3	2	82.504310	0.761905	82.975285	0.310384	35.934914	22.474482	-1000.000000	-1000.000000	-64.000000	-1000.000000	-64.000000	270.000000	3
1479	7	1	3	2	81.889942	0.824656	82.046744	0.377974	36.172444	23.259339	-1000.000000	-1000.000000	-64.000000	-1000.000000	-64.000000	270.000000	3
1536	0	0	0	3	81.274428	1.073180	81.059472	0.296281	24.997457	13.959282	-1000.000000	-1000.000000	-64.000000	-1000.000000	-64.000000	780.000000	3
1537	1	0	0	3	81.437940	1.001002	81.341363	0.311145	23.424192	13.660238	-1000.000000	-1000.000000	-64.000000	-1000.000000	-64.000000	780.000000	3
1538	2	0	0	3	82.695379	1.170938	83.027307	0.313103	31.388541	15.588626	-1000.000000	-1000.000000	-64.000000	-1000.000000	-64.000000	780.000000	3
1539	3	0	0	3	84.127201	1.443554	84.128807	0.240682	31.923748	15.709976	-1000.000000	-1000.000000	-64.000000	-1000.000000	-64.000000	780.000000	3
1540	4	0	0	3	49.709280	0.856341	49.151809	0.315782	36.818144	17.732023	-1000.000000	-1000.000000	-64.000000	-1000.000000	-64.000000	270.000000	3
1541	5	0	0	3	84.905101	1.134494	84.468129	0.233557	38.997104	19.488977	-1000.000000	-1000.000000	-64.000000	-1000.000000	-64.000000	270.000000	3
1542	6	0	0	3	84.282387	1.224584	84.086145	0.158161	31.082940	18.734198	-1000.000000	-1000.000000	-64.000000	-1000.000000	-64.000000	270.000000	3
1543	7	0	0	3	81.969844	0.910508	81.994871	0.426416	34.808470	21.949437	-1000.000000	-1000.000000	-64.000000	-1000.000000	-64.000000	270.000000	3
1600	0	0	1	3	80.665275	0.723639	80.350319	0.224555	26.122756	15.260039	-1000.000000	-1000.000000	-64.000000	-1000.000000	-64.000000	780.000000	3
1601	1	0	1	3	80.802765	0.919612	80.564492	0.251628	25.328243	14.473789	-1000.000000	-1000.000000	-64.000000	-1000.000000	-64.000000	780.000000	3
1602	2	0	1	3	-1000.000000	-1000.000000	95.601302	0.216718	-1000.000000	-1000.000000	-1000.000000	-1000.000000	-64.000000	-1000.000000	-64.000000	270.000000	3
1603	3	0	1	3	82.836589	1.061980	83.389004	0.260946	27.219168	13.154365	-1000.000000	-1000.000000	-64.000000	-1000.000000	-64.000000	270.000000	3
1604	4	0	1	3	82.351655	1.079133	82.737360	0.334554	33.915850	15.860054	-1000.000000	-1000.000000	-64.000000	-1000.000000	-64.000000	270.000000	3
1605	5	0	1	3	82.959790	1.377800	83.193966	0.294819	43.030214	20.681749	-1000.000000	-1000.000000	-64.000000	-1000.000000	-64.000000	780.000000	3
1606	6	0	1	3	83.032419	1.328910	83.454340	0.245488	31.497322	18.605259	-1000.000000	-1000.000000	-64.000000	-1000.000000	-64.000000	270.000000	3
1607	7	0	1	3	81.048922	1.005779	80.612264	0.257507	39.201984	25.201498	-1000.000000	-1000.000000	-64.000000	-1000.000000	-64.000000	780.000000	3
1664	0	0	2	3	81.447812	0.880437	81.419602	0.307135	24.543393	13.783446	-1000.000000	-1000.000000	-64.000000	-1000.000000	-64.000000	780.000000	3
1665	1	0	2	3	82.367889	0.943504	82.658480	0.329787	24.389916	14.157154	-1000.000000	-1000.000000	-64.000000	-1000.000000	-64.000000	780.000000	3
1666	2	0	2	3	82.020517	0.938236	82.016537	0.400061	26.301176	12.498877	-1000.000000	-1000.000000	-64.000000	-1000.000000	-64.000000	270.000000	3
1667	3	0	2	3	82.385551	1.085833	82.531278	0.307570	27.632600	13.117832	-1000.000000	-1000.000000	-64.000000	-1000.000000	-64.000000	780.000000	3
1668	4	0	2	3	81.456763	1.117913	81.349195	0.300361	36.020301	17.398711	-1000.000000	-1000.000000	-64.000000	-1000.000000	-64.000000	780.000000	3
1669	5	0	2	3	82.690873	1.130971	83.241290	0.277907	38.568545	18.861623	-1000.000000	-1000.000000	-64.000000	-1000.000000	-64.000000	270.000000	3
1670	6	0	2	3	83.480813	1.421040	83.667242	0.222589	33.555727	20.049381	-1000.000000	-1000.000000	-64.000000	-1000.000000	-64.000000	780.000000	3
1671	7	0	2	3	80.841750	0.627480	80.421327	0.222895	35.061295	23.749752	-1000.000000	-1000.000000	-64.000000	-1000.000000	-64.000000	780.000000	3
1728	0	0	3	3	80.791053	0.879819	80.256606	0.178662	22.248926	13.526254	-1000.000000	-1000.000000	-64.000000	-1000.000000	-64.000000	270.000000	3
1729	1	0	3	3	82.667101	0.947918	83.153877	0.294283	23.793760	14.102146	-1000.000000	-1000.000000	-64.000000	-1000.000000	-64.000000	270.000000	3
1730	2	0	3	3	81.406338	0.896336	81.116641	0.345482	25.728597	12.209662	-1000.000000	-1000.000000	-64.000000	-1000.000000	-64.000000	270.000000	3
1731	3	0	3	3	81.572618	1.085440	81.634368	0.301518	30.412557	15.053880	-1000.000000	-1000.000000	-64.000000	-1000.000000	-64.000000	780.000000	3
1732	4	0	3	3	90.529281	0.967503	91.068254	0.299923	37.577590	20.400850	-1000.000000	-1000.000000	-64.000000	-1000.000000	-64.000000	270.000000	3
1733	5	0	3	3	83.444660	1.223442	83.776470	0.175894	39.404319	19.309504	-1000.000000	-1000.000000	-64.000000	-1000.000000	-64.000000	270.000000	3
1734	6	0	3	3	82.230230	0.954690	82.788898	0.325932	34.450127	22.113764	-1000.000000	-1000.000000	-64.000000	-1000.000000	-64.000000	780.000000	3
1735	7	0	3	3	81.071073	0.785678	80.539656	0.241994	35.743510	23.373448	-1000.000000	-1000.000000	-64.000000	-1000.000000	-64.000000	270.000000	3
1792	0	1	0	3	80.671191	1.023646	80.440869	0.229962	25.042470	13.970554	-1000.000000	-1000.000000	-64.000000	-1000.000000	-64.000000	780.000000	3
1793	1	1	0	3	82.261908	1.001116	82.500773	0.338550	25.760770	15.142584	-1000.000000	-1000.000000	-64.000000	-1000.000000	-64.000000	780.000000	3
1794	2	1	0	3	81.675269	1.123370	81.727076	0.303267	27.900463	13.283447	-1000.000000	-1000.000000	-64.000000	-1000.000000	-64.000000	780.000000	3
1795	3	1	0	3	84.912199	1.113615	84.551813	0.251136	28.042123	13.408235	-1000.000000	-1000.000000	-64.000000	-1000.000000	-64.000000	270.000000	3
1796	4	1	0	3	84.764803	0.894601	84.211298	0.184782	35.533413	16.342762	-1000.000000	-1000.000000	-64.000000	-1000.000000	-64.000000	270.000000	3
1797	5	1	0	3	84.337181	1.359065	83.987470	0.233248	44.670053	21.488012	-1000.000000	-1000.000000	-64.000000	-1000.000000	-64.000000	780.000000	3
1798	6	1	0	3	84.081767	1.252666	84.033004	0.148955	29.824063	18.162164	-1000.000000	-1000.000000	-64.000000	-1000.000000	-64.000000	270.000000	3
1799	7	1	0	3	65.304917	0.861092	64.701584	0.269504	32.374942	20.058800	-1000.000000	-1000.000000	-64.000000	-1000.000000	-64.000000	270.000000	3
1856	0	1	1	3	81.346344	0.917760	81.188018	0.313975	22.561936	12.453155	-1000.000000	-1000.000000	-64.000000	-1000.000000	-64.000000	780.000000	3
1857	1	1	1	3	82.348587	0.904811	82.684249	0.324442	25.469472	14.325169	-1000.000000	-1000.000000	-64.000000	-1000.000000	-64.000000	780.000000	3
1858	2	1	1	3	82.483290	0.942464	82.804300	0.324280	27.697845	13.168249	-1000.000000	-1000.000000	-64.000000	-1000.000000	-64.000000	270.000000	3
1859	3	1	1	3	84.652790	1.216524	84.355022	0.213179	26.316071	12.609701	-1000.000000	-1000.000000	-64.000000	-1000.000000	-64.000000	270.000000	3
1860	4	1	1	3	84.266849	1.122352	84.008391	0.146411	32.545771	15.278826	-1000.000000	-1000.000000	-64.000000	-1000.000000	-64.000000	270.000000	3
1861	5	1	1	3	82.994624	1.194818	83.389676	0.257398	40.009305	18.913547	-1000.000000	-1000.000000	-64.000000	-1000.000000	-64.000000	270.000000	3
1862	6	1	1	3	85.073391	0.853290	84.580491	0.252148	34.955866	20.549044	-1000.000000	-1000.000000	-64.000000	-1000.000000	-64.000000	270.000000	3
1863	7	1	1	3	80.821328	0.502336	80.269397	0.193612	34.790291	23.379490	-1000.000000	-1000.000000	-64.000000	-1000.000000	-64.000000	780.000000	3
1920	0	1	2	3	80.510742	0.672567	79.961067	0.181616	24.885953	13.368161	-1000.000000	-1000.000000	-64.000000	-1000.000000	-64.000000	780.000000	3
1921	1	1	2	3	81.418322	1.060930	81.069280	0.300207	24.904210	14.301297	-1000.000000	-1000.000000	-64.000000	-1000.000000	-64.000000	780.000000	3
1922	2	1	2	3	80.827160	0.638916	80.477601	0.241177	30.904753	15.091256	-1000.000000	-1000.000000	-64.000000	-1000.000000	-64.000000	780.000000	3
1923	3	1	2	3	-1000.000000	-1000.000000	95.439454	0.247291	-1000.000000	-1000.000000	-1000.000000	-1000.000000	-64.000000	-1000.000000	-64.000000	270.000000	3
1924	4	1	2	3	83.315231	1.460637	83.641808	0.247148	37.200589	17.512557	-1000.000000	-1000.000000	-64.000000	-1000.000000	-64.000000	780.000000	3
1925	5	1	2	3	83.317403	1.243693	83.649267	0.206846	40.914214	19.108874	-1000.000000	-1000.000000	-64.000000	-1000.000000	-64.000000	270.000000	3
1926	6	1	2	3	83.235760	1.355574	83.440244	0.247262	28.962629	17.357594	-1000.000000	-1000.000000	-64.000000	-1000.000000	-64.000000	270.000000	3
1927	7	1	2	3	80.940113	0.654595	80.418717	0.217676	32.976443	20.351539	-1000.000000	-1000.000000	-64.000000	-1000.000000	-64.000000	270.000000	3
1984	0	1	3	3	80.949956	0.921148	80.761321	0.275437	24.749638	13.840355	-1000.000000	-1000.000000	-64.000000	-1000.000000	-64.000000	780.000000	3
1985	1	1	3	3	82.707132	1.086047	83.164319	0.292756	23.346697	13.881977	-1000.000000	-1000.000000	-64.000000	-1000.000000	-64.000000	270.000000	3
1986	2	1	3	3	81.885500	1.137507	82.171187	0.309073	31.879590	16.867427	-1000.000000	-1000.000000	-64.000000	-1000.000000	-64.000000	780.000000	3
1987	3	1	3	3	81.987728	1.075207	81.962464	0.316985	28.399868	13.072925	-1000.000000	-1000.000000	-64.000000	-1000.000000	-64.000000	780.000000	3
1988	4	1	3	3	81.695814	0.999824	81.638619	0.315385	39.033120	18.840064	-1000.000000	-1000.000000	-64.000000	-1000.000000	-64.000000	780.000000	3
1989	5	1	3	3	84.343033	1.134322	84.023345	0.147991	39.572113	18.498030	-1000.000000	-1000.000000	-64.000000	-1000.000000	-64.000000	270.000000	3
1990	6	1	3	3	82.499309	0.824680	82.767455	0.327243	32.464618	19.873237	-1000.000000	-1000.000000	-64.000000	-1000.000000	-64.000000	780.000000	3
1991	7	1	3	3	80.911928	1.005487	80.358075	0.201771	35.043379	22.329895	-1000.000000	-1000.000000	-64.000000	-1000.000000	-64.000000	270.000000	3
2048	0	0	0	4	79.397254	0.921210	79.529596	0.235491	18.187244	12.224356	-1000.000000	-1000.000000	-64.000000	-1000.000000	-64.000000	528.000000	3
2049	1	0	0	4	81.296303	0.901181	80.946066	0.301131	27.674142	15.628860	-1000.000000	-1000.000000	-64.000000	-1000.000000	-64.000000	528.000000	3
2050	2	0	0	4	81.316950	0.942119	81.250072	0.296266	29.580147	18.470529	-1000.000000	-1000.000000	-64.000000	-1000.000000	-64.000000	528.000000	3
2051	3	0	0	4	81.063766	1.185424	80.682000	0.273595	31.912183	14.916868	-1000.000000	-1000.000000	-64.000000	-1000.000000	-64.000000	528.000000	3
2052	4	0	0	4	82.095395	1.022291	82.390538	0.314991	36.518082	18.366531	-1000.000000	-1000.000000	-64.000000	-1000.000000	-64.000000	528.000000	3
2053	5	0	0	4	82.200428	0.925737	82.544218	0.346004	40.921340	20.902804	-1000.000000	-1000.000000	-64.000000	-1000.000000	-64.000000	528.000000	3
2054	6	0	0	4	81.549671	0.986822	81.330362	0.338847	31.911261	19.755607	-1000.000000	-1000.000000	-64.000000	-1000.000000	-64.000000	528.000000	3
2055	7	0	0	4	82.304780	0.964221	82.621785	0.341762	31.706204	19.714565	-1000.000000	-1000.000000	-64.000000	-1000.000000	-64.000000	528.000000	3
2112	0	0	1	4	80.954382	0.547809	80.414279	0.220419	-1000.000000	-1000.000000	-1000.000000	-1000.000000	-64.000000	-1000.000000	-64.000000	528.000000	0
2113	1	0	1	4	81.398019	0.867435	80.905418	0.301438	18.105348	12.401180	-1000.000000	-1000.000000	-64.000000	-1000.000000	-64.000000	528.000000	3
2114	2	0	1	4	81.920835	1.069545	81.939790	0.305518	27.754910	14.152170	-1000.000000	-1000.000000	-64.000000	-1000.000000	-64.000000	528.000000	3
2115	3	0	1	4	82.421241	1.038761	82.669145	0.328971	31.324384	14.952504	-1000.000000	-1000.000000	-64.000000	-1000.000000	-64.000000	528.000000	3
2116	4	0	1	4	81.927787	1.033574	81.890639	0.316439	32.659338	15.291420	-1000.000000	-1000.000000	-64.000000	-1000.000000	-64.000000	528.000000	3
2117	5	0	1	4	77.454120	0.869339	77.221991	0.321746	44.351292	20.900226	-1000.000000	-1000.000000	-64.000000	-1000.000000	-64.000000	528.000000	3
2118	6	0	1	4	83.423673	1.552140	83.586802	0.224702	30.340436	17.621864	-1000.000000	-1000.000000	-64.000000	-1000.000000	-64.000000	528.000000	3
2119	7	0	1	4	81.828979	0.999825	81.925023	0.365028	34.879773	21.476610	-1000.000000	-1000.000000	-64.000000	-1000.000000	-64.000000	528.000000	3
2176	0	0	2	4	80.565708	0.654732	80.009733	0.133903	-1000.000000	-1000.000000	-1000.000000	-1000.000000	-64.000000	-1000.000000	-64.000000	528.000000	0
2177	1	0	2	4	82.767621	1.009285	83.250986	0.278594	16.909272	14.647892	-1000.000000	-1000.000000	-64.000000	-1000.000000	-64.000000	528.000000	3
2178	2	0	2	4	83.094821	1.093985	83.525606	0.238576	28.134678	15.289676	-1000.000000	-1000.000000	-64.000000	-1000.000000	-64.000000	528.000000	3
2179	3	0	2	4	81.188293	1.069325	80.951362	0.285776	33.344686	15.048497	-1000.000000	-1000.000000	-64.000000	-1000.000000	-64.000000	528.000000	3
2180	4	0	2	4	81.437181	1.054194	81.232396	0.322334	38.153405	17.460834	-1000.000000	-1000.000000	-64.000000	-1000.000000	-64.000000	528.000000	3
2181	5	0	2	4	81.344785	0.975188	81.217553	0.320956	41.677424	19.889778	-1000.000000	-1000.000000	-64.000000	-1000.000000	-64.000000	528.000000	3
2182	6	0	2	4	82.125839	0.847823	82.459305	0.349844	31.221194	18.812633	-1000.000000	-1000.000000	-64.000000	-1000.000000	-64.000000	528.000000	3
2183	7	0	2	4	81.514731	0.858171	81.250147	0.328374	33.161270	20.666612	-1000.000000	-1000.000000	-64.000000	-1000.000000	-64.000000	528.000000	3
2240	0	0	3	4	82.572836	0.857280	82.987927	0.303401	-1000.000000	-1000.000000	-1000.000000	-1000.000000	-64.000000	-1000.000000	-64.000000	528.000000	0
2241	1	0	3	4	80.969041	0.932674	80.513924	0.241007	14.166498	12.022399	-1000.000000	-1000.000000	-64.000000	-1000.000000	-64.000000	528.000000	3
2242	2	0	3	4	81.564952	1.059683	81.488817	0.314654	25.553883	16.294746	-1000.000000	-1000.000000	-64.000000	-1000.000000	-64.000000	528.000000	3
2243	3	0	3	4	82.784317	1.085720	83.223129	0.286806	32.537035	15.865104	-1000.000000	-1000.000000	-64.000000	-1000.000000	-64.000000	528.000000	3
2244	4	0	3	4	81.679294	1.014285	81.594092	0.341175	36.171239	16.309403	-1000.000000	-1000.000000	-64.000000	-1000.000000	-64.000000	528.000000	3
2245	5	0	3	4	81.509591	1.023094	81.580518	0.302234	43.742596	20.676083	-1000.000000	-1000.000000	-64.000000	-1000.000000	-64.000000	528.000000	3
2246	6	0	3	4	82.706031	1.074722	83.080635	0.300262	30.582539	18.775338	-1000.000000	-1000.000000	-64.000000	-1000.000000	-64.000000	528.000000	3
2247	7	0	3	4	80.907972	0.535785	80.484873	0.233856	34.801177	21.283245	-1000.000000	-1000.000000	-64.000000	-1000.000000	-64.000000	528.000000	3
2304	0	1	0	4	80.466110	0.802064	80.122840	0.158758	12.768246	10.515128	-1000.000000	-1000.000000	-64.000000	-1000.000000	-64.000000	528.000000	3
2305	1	1	0	4	80.880201	0.968779	80.484314	0.234877	21.928931	14.311304	-1000.000000	-1000.000000	-64.000000	-1000.000000	-64.000000	528.000000	3
2306	2	1	0	4	80.745904	0.951124	80.339914	0.210066	30.664439	14.687412	-1000.000000	-1000.000000	-64.000000	-1000.000000	-64.000000	528.000000	3
2307	3	1	0	4	81.562854	1.064502	81.462899	0.322903	30.427347	14.396095	-1000.000000	-1000.000000	-64.000000	-1000.000000	-64.000000	528.000000	3
2308	4	1	0	4	81.945346	1.006378	81.861775	0.358486	36.694566	17.291949	-1000.000000	-1000.000000	-64.000000	-1000.000000	-64.000000	528.000000	3
2309	5	1	0	4	82.018914	0.958287	81.973838	0.400055	42.175057	19.865254	-1000.000000	-1000.000000	-64.000000	-1000.000000	-64.000000	528.000000	3
2310	6	1	0	4	81.162728	0.830756	80.876553	0.294884	31.776882	19.356286	-1000.000000	-1000.000000	-64.000000	-1000.000000	-64.000000	528.000000	3
2311	7	1	0	4	81.548422	0.945273	81.365864	0.358626	34.104456	21.677735	-1000.000000	-1000.000000	-64.000000	-1000.000000	-64.000000	528.000000	3
2368	0	1	1	4	81.008219	0.804407	80.570608	0.254185	16.981068	11.679868	-1000.000000	-1000.000000	-64.000000	-1000.000000	-64.000000	528.000000	3
2369	1	1	1	4	81.665635	1.029788	81.395922	0.327675	23.506596	14.024666	-1000.000000	-1000.000000	-64.000000	-1000.000000	-64.000000	528.000000	3
2370	2	1	1	4	81.305505	0.979757	81.125703	0.318729	32.840823	15.556839	-1000.000000	-1000.000000	-64.000000	-1000.000000	-64.000000	528.000000	3
2371	3	1	1	4	81.848606	1.068126	81.703507	0.313639	32.792916	15.468849	-1000.000000	-1000.000000	-64.000000	-1000.000000	-64.000000	528.000000	3
2372	4	1	1	4	80.819980	1.200471	80.562739	0.250443	39.704040	18.689971	-1000.000000	-1000.000000	-64.000000	-1000.000000	-64.000000	528.000000	3
2373	5	1	1	4	85.018772	0.878962	84.644596	0.256633	42.958729	21.318528	-1000.000000	-1000.000000	-64.000000	-1000.000000	-64.000000	528.000000	3
2374	6	1	1	4	82.560504	1.044988	82.923821	0.314629	25.777371	16.552229	-1000.000000	-1000.000000	-64.000000	-1000.000000	-64.000000	528.000000	3
2375	7	1	1	4	81.589053	1.005026	81.252310	0.323484	32.872865	22.705699	-1000.000000	-1000.000000	-64.000000	-1000.000000	-64.000000	528.000000	3
2432	0	1	2	4	80.403152	0.723659	79.947865	0.148611	13.564754	11.948015	-1000.000000	-1000.000000	-64.000000	-1000.000000	-64.000000	528.000000	3
2433	1	1	2	4	81.340302	1.063609	81.144610	0.316010	24.454396	14.130865	-1000.000000	-1000.000000	-64.000000	-1000.000000	-64.000000	528.000000	3
2434	2	1	2	4	80.558500	0.858672	80.162407	0.179321	31.773721	14.927113	-1000.000000	-1000.000000	-64.000000	-1000.000000	-64.000000	528.000000	3
2435	3	1	2	4	82.710127	1.118047	83.060497	0.295818	33.585105	15.954056	-1000.000000	-1000.000000	-64.000000	-1000.000000	-64.000000	528.000000	3
2436	4	1	2	4	85.094137	0.872030	84.701168	0.272058	37.434115	16.774336	-1000.000000	-1000.000000	-64.000000	-1000.000000	-64.000000	528.000000	3
2437	5	1	2	4	82.199151	1.175592	82.741947	0.321661	41.983861	21.611692	-1000.000000	-1000.000000	-64.000000	-1000.000000	-64.000000	528.000000	3
2438	6	1	2	4	81.070887	0.801675	80.691248	0.268425	30.159367	17.643160	-1000.000000	-1000.000000	-64.000000	-1000.000000	-64.000000	528.000000	3
2439	7	1	2	4	81.053349	0.888573	80.674579	0.266540	28.793024	17.642465	-1000.000000	-1000.000000	-64.000000	-1000.000000	-64.000000	528.000000	3
2496	0	1	3	4	81.160144	0.920326	80.646684	0.262638	12.274325	9.782475	-1000.000000	-1000.000000	-64.000000	-1000.000000	-64.000000	528.000000	3
2497	1	1	3	4	81.603544	1.072206	81.433289	0.329646	22.231620	13.289317	-1000.000000	-1000.000000	-64.000000	-1000.000000	-64.000000	528.000000	3
2498	2	1	3	4	80.983601	1.010995	80.757703	0.279767	28.571582	13.776641	-1000.000000	-1000.000000	-64.000000	-1000.000000	-64.000000	528.000000	3
2499	3	1	3	4	78.869688	1.132892	79.124006	0.283167	28.699130	14.063911	-1000.000000	-1000.000000	-64.000000	-1000.000000	-64.000000	528.000000	3
2500	4	1	3	4	82.521548	1.110233	82.749294	0.319324	38.965266	18.490176	-1000.000000	-1000.000000	-64.000000	-1000.000000	-64.000000	528.000000	3
2501	5	1	3	4	81.281995	1.049961	80.915822	0.290457	42.999635	20.492140	-1000.000000	-1000.000000	-64.000000	-1000.000000	-64.000000	528.000000	3
2502	6	1	3	4	81.679259	1.003148	81.761795	0.375430	30.962478	18.621602	-1000.000000	-1000.000000	-64.000000	-1000.000000	-64.000000	528.000000	3
2503	7	1	3	4	82.250098	0.841898	82.803181	0.329367	33.956362	21.000127	-1000.000000	-1000.000000	-64.000000	-1000.000000	-64.000000	528.000000	3
2560	0	0	0	5	79.812146	1.187901	79.965766	0.166595	23.331510	14.237576	-1000.000000	-1000.000000	-64.000000	-1000.000000	-64.000000	10.000000	3
2561	1	0	0	5	80.922930	0.881187	80.841872	0.268138	27.164293	16.021897	-1000.000000	-1000.000000	-64.000000	-1000.000000	-64.000000	10.000000	3
2562	2	0	0	5	81.287605	1.264426	81.126672	0.272675	39.491070	19.911260	-1000.000000	-1000.000000	-64.000000	-1000.000000	-64.000000	10.000000	3
2563	3	0	0	5	81.758724	1.088174	81.775556	0.291025	44.333467	21.566979	-1000.000000	-1000.000000	-64.000000	-1000.000000	-64.000000	10.000000	3
2564	4	0	0	5	83.155837	1.352776	83.440766	0.238790	39.557870	20.588411	-1000.000000	-1000.000000	-64.000000	-1000.000000	-64.000000	10.000000	3
2565	5	0	0	5	84.431700	1.051265	83.957487	0.153467	43.799564	22.497411	-1000.000000	-1000.000000	-64.000000	-1000.000000	-64.000000	10.000000	3
2566	6	0	0	5	82.963079	0.858609	83.533512	0.217762	34.592473	21.790475	-1000.000000	-1000.000000	-64.000000	-1000.000000	-64.000000	10.000000	3
2567	7	0	0	5	81.383909	0.913852	81.036052	0.306099	33.971992	23.809764	-1000.000000	-1000.000000	-64.000000	-1000.000000	-64.000000	10.000000	3
2624	0	0	1	5	82.036269	1.005817	82.617310	0.322812	22.938721	13.396193	-1000.000000	-1000.000000	-64.000000	-1000.000000	-64.000000	10.000000	3
2625	1	0	1	5	83.969879	1.326988	84.026216	0.199714	26.064723	15.093506	-1000.000000	-1000.000000	-64.000000	-1000.000000	-64.000000	10.000000	3
2626	2	0	1	5	87.176464	1.273104	87.512106	0.238135	30.676554	15.855344	-1000.000000	-1000.000000	-64.000000	-1000.000000	-64.000000	10.000000	3
2627	3	0	1	5	82.113134	0.955966	82.366784	0.347852	37.539986	18.002962	-1000.000000	-1000.000000	-64.000000	-1000.000000	-64.000000	10.000000	3
2628	4	0	1	5	83.376187	1.531928	83.479587	0.243576	39.394933	19.066508	-1000.000000	-1000.000000	-64.000000	-1000.000000	-64.000000	10.000000	3
2629	5	0	1	5	80.868125	0.522175	80.502438	0.242977	45.017203	21.991990	-1000.000000	-1000.000000	-64.000000	-1000.000000	-64.000000	10.000000	3
2630	6	0	1	5	83.462195	1.461483	83.609028	0.216652	30.798128	18.935640	-1000.000000	-1000.000000	-64.000000	-1000.000000	-64.000000	10.000000	3
2631	7	0	1	5	79.832523	1.116220	79.997390	0.159243	42.253275	27.852002	-1000.000000	-1000.000000	-64.000000	-1000.000000	-64.000000	10.000000	3
2688	0	0	2	5	81.135552	1.018880	81.037917	0.267243	25.869010	14.869840	-1000.000000	-1000.000000	-64.000000	-1000.000000	-64.000000	10.000000	3
2689	1	0	2	5	81.003733	1.188762	80.803834	0.255063	25.014291	14.810333	-1000.000000	-1000.000000	-64.000000	-1000.000000	-64.000000	10.000000	3
2690	2	0	2	5	80.523945	1.040757	80.267943	0.176534	34.641245	16.938720	-1000.000000	-1000.000000	-64.000000	-1000.000000	-64.000000	10.000000	3
2691	3	0	2	5	81.523303	1.117461	81.384100	0.270050	46.380256	23.200213	-1000.000000	-1000.000000	-64.000000	-1000.000000	-64.000000	10.000000	3
2692	4	0	2	5	81.057757	1.220377	80.857945	0.249677	51.123241	27.026501	-1000.000000	-1000.000000	-64.000000	-1000.000000	-64.000000	10.000000	3
2693	5	0	2	5	83.122375	1.351793	83.541679	0.208458	40.516530	20.059224	-1000.000000	-1000.000000	-64.000000	-1000.000000	-64.000000	10.000000	3
2694	6	0	2	5	81.384587	0.971443	81.184885	0.284223	38.183199	26.770093	-1000.000000	-1000.000000	-64.000000	-1000.000000	-64.000000	10.000000	3
2695	7	0	2	5	81.199816	0.934850	81.125479	0.277000	44.925034	29.911834	-1000.000000	-1000.000000	-64.000000	-1000.000000	-64.000000	10.000000	3
2752	0	0	3	5	63.397508	0.588122	63.966288	0.142504	21.246682	12.551433	-1000.000000	-1000.000000	-64.000000	-1000.000000	-64.000000	10.000000	3
2753	1	0	3	5	79.364914	1.073085	79.662882	0.202470	21.512477	13.934804	-1000.000000	-1000.000000	-64.000000	-1000.000000	-64.000000	10.000000	3
2754	2	0	3	5	81.427432	1.004074	81.130439	0.323794	30.278177	14.838141	-1000.000000	-1000.000000	-64.000000	-1000.000000	-64.000000	10.000000	3
2755	3	0	3	5	88.759814	0.887163	88.484723	0.266041	47.607641	23.946956	-1000.000000	-1000.000000	-64.000000	-1000.000000	-64.000000	10.000000	3
2756	4	0	3	5	82.223012	0.896430	82.557942	0.339846	38.409717	19.877778	-1000.000000	-1000.000000	-64.000000	-1000.000000	-64.000000	10.000000	3
2757	5	0	3	5	81.126679	0.916123	80.693747	0.268823	41.273393	21.032214	-1000.000000	-1000.000000	-64.000000	-1000.000000	-64.000000	10.000000	3
2758	6	0	3	5	80.867795	0.522050	80.461678	0.232849	38.310695	24.477046	-1000.000000	-1000.000000	-64.000000	-1000.000000	-64.000000	10.000000	3
2759	7	0	3	5	91.383834	1.158956	91.697373	0.198950	42.843193	30.684096	-1000.000000	-1000.000000	-64.000000	-1000.000000	-64.000000	10.000000	3
2816	0	1	0	5	80.207484	1.140646	80.144097	0.185990	22.820666	13.566528	-1000.000000	-1000.000000	-64.000000	-1000.000000	-64.000000	10.000000	3
2817	1	1	0	5	80.675127	1.141931	80.643477	0.257142	24.803834	14.499670	-1000.000000	-1000.000000	-64.000000	-1000.000000	-64.000000	10.000000	3
2818	2	1	0	5	80.862261	0.953216	80.572547	0.261236	37.036612	18.301824	-1000.000000	-1000.000000	-64.000000	-1000.000000	-64.000000	10.000000	3
2819	3	1	0	5	82.220130	0.900628	82.413548	0.346491	38.210911	18.268342	-1000.000000	-1000.000000	-64.000000	-1000.000000	-64.000000	10.000000	3
2820	4	1	0	5	84.591651	0.798635	84.104903	0.160225	38.783013	21.145298	-1000.000000	-1000.000000	-64.000000	-1000.000000	-64.000000	10.000000	3
2821	5	1	0	5	81.388160	0.990344	81.569069	0.303460	49.885807	25.812222	-1000.000000	-1000.000000	-64.000000	-1000.000000	-64.000000	10.000000	3
2822	6	1	0	5	80.568133	1.156357	80.190749	0.169139	35.401973	21.884689	-1000.000000	-1000.000000	-64.000000	-1000.000000	-64.000000	10.000000	3
2823	7	1	0	5	81.291807	0.912409	80.973923	0.303893	38.437451	23.854096	-1000.000000	-1000.000000	-64.000000	-1000.000000	-64.000000	10.000000	3
2880	0	1	1	5	78.822929	1.403263	79.144740	0.276602	22.872672	13.502691	-1000.000000	-1000.000000	-64.000000	-1000.000000	-64.000000	10.000000	3
2881	1	1	1	5	79.146761	1.107250	79.547198	0.239388	27.697453	15.871037	-1000.000000	-1000.000000	-64.000000	-1000.000000	-64.000000	10.000000	3
2882	2	1	1	5	81.859876	1.019172	81.756127	0.389438	33.428041	15.742524	-1000.000000	-1000.000000	-64.000000	-1000.000000	-64.000000	10.000000	3
2883	3	1	1	5	75.342457	1.198268	75.631590	0.220024	34.786349	16.182628	-1000.000000	-1000.000000	-64.000000	-1000.000000	-64.000000	10.000000	3
2884	4	1	1	5	82.220226	0.896621	82.594413	0.337922	44.295162	22.162097	-1000.000000	-1000.000000	-64.000000	-1000.000000	-64.000000	10.000000	3
2885	5	1	1	5	83.246201	1.203073	83.571363	0.225436	38.182726	18.808069	-1000.000000	-1000.000000	-64.000000	-1000.000000	-64.000000	10.000000	3
2886	6	1	1	5	82.932966	1.321664	83.341084	0.264274	27.838475	17.974299	-1000.000000	-1000.000000	-64.000000	-1000.000000	-64.000000	10.000000	3
2887	7	1	1	5	80.827915	0.505382	80.232926	0.184499	40.549101	25.996373	-1000.000000	-1000.000000	-64.000000	-1000.000000	-64.000000	10.000000	3
2944	0	1	2	5	80.870406	0.523036	80.467794	0.238587	26.407057	14.516382	-1000.000000	-1000.000000	-64.000000	-1000.000000	-64.000000	10.000000	3
2945	1	1	2	5	80.624861	1.190762	80.384514	0.226915	27.676809	15.852635	-1000.000000	-1000.000000	-64.000000	-1000.000000	-64.000000	10.000000	3
2946	2	1	2	5	80.584566	0.609878	80.107252	0.211729	37.441818	18.382767	-1000.000000	-1000.000000	-64.000000	-1000.000000	-64.000000	10.000000	3
2947	3	1	2	5	83.430429	1.259333	83.706212	0.205092	37.452141	17.655418	-1000.000000	-1000.000000	-64.000000	-1000.000000	-64.000000	10.000000	3
2948	4	1	2	5	82.535063	1.220495	82.847298	0.313955	41.744009	21.366790	-1000.000000	-1000.000000	-64.000000	-1000.000000	-64.000000	10.000000	3
2949	5	1	2	5	82.921174	1.379816	83.134933	0.292473	38.378332	19.793423	-1000.000000	-1000.000000	-64.000000	-1000.000000	-64.000000	10.000000	3
2950	6	1	2	5	82.686122	1.268257	82.965738	0.310251	35.988572	24.470105	-1000.000000	-1000.000000	-64.000000	-1000.000000	-64.000000	10.000000	3
2951	7	1	2	5	81.692681	1.058508	81.456559	0.392952	42.943192	27.951935	-1000.000000	-1000.000000	-64.000000	-1000.000000	-64.000000	10.000000	3
3008	0	1	3	5	79.826955	1.071866	79.818126	0.193127	26.311228	15.059207	-1000.000000	-1000.000000	-64.000000	-1000.000000	-64.000000	10.000000	3
3009	1	1	3	5	81.302710	0.893682	80.966055	0.307751	23.015091	13.798472	-1000.000000	-1000.000000	-64.000000	-1000.000000	-64.000000	10.000000	3
3010	2	1	3	5	74.270616	1.395370	74.420004	0.302711	36.999785	20.461179	-1000.000000	-1000.000000	-64.000000	-1000.000000	-64.000000	10.000000	3
3011	3	1	3	5	76.457027	1.341892	76.135781	0.240475	41.510819	19.581947	-1000.000000	-1000.000000	-64.000000	-1000.000000	-64.000000	10.000000	3
3012	4	1	3	5	80.423149	1.230767	80.431135	0.246822	50.139691	25.188344	-1000.000000	-1000.000000	-64.000000	-1000.000000	-64.000000	10.000000	3
3013	5	1	3	5	82.215527	0.870487	82.573604	0.356005	38.028970	19.832979	-1000.000000	-1000.000000	-64.000000	-1000.000000	-64.000000	10.000000	3
3014	6	1	3	5	80.345185	1.127511	80.219650	0.181753	32.012614	20.731577	-1000.000000	-1000.000000	-64.000000	-1000.000000	-64.000000	10.000000	3
3015	7	1	3	5	81.931548	0.900513	82.210418	0.397855	38.547019	25.385744	-1000.000000	-1000.000000	-64.000000	-1000.000000	-64.000000	10.000000	3
