#****************************************************************************************************************************************************************************************************************
#Calib info:
 	 RunNr: 426	 start time:0x7ffc01805400	 RunNrPed: 431	 start time:0x7ffc01805410	 RunNrMip: 426	 start time:0x7ffc01805420	 Vop: 45	 Vov: 6.7	 BC calib set: 1
#****************************************************************************************************************************************************************************************************************
#cellID	layer	row	column	module	ped mean H	ped sig H	ped mean L	ped sig L	mip Scale H	mip Width H	mip Scale L	mip Width L	LG-HG	HG-LG	BC
#****************************************************************************************************************************************************************************************************************
0	0	0	0	0	80.740152	1.133643	80.545245	0.249969	20.501937	14.279111	-1000.000000	-1000.000000	-64.000000	-1000.000000	-64.000000	780.000000	3
1	1	0	0	0	90.150087	0.859555	90.475013	0.354900	18.691078	12.349281	-1000.000000	-1000.000000	-64.000000	-1000.000000	-64.000000	528.000000	3
2	2	0	0	0	81.167842	0.888655	80.851241	0.287914	24.936940	16.768367	-1000.000000	-1000.000000	-64.000000	-1000.000000	-64.000000	780.000000	3
3	3	0	0	0	75.247816	1.334740	75.536054	0.236483	26.063180	15.631866	-1000.000000	-1000.000000	-64.000000	-1000.000000	-64.000000	528.000000	3
4	4	0	0	0	81.304219	1.248327	81.234421	0.296723	37.447933	20.851824	-1000.000000	-1000.000000	-64.000000	-1000.000000	-64.000000	780.000000	3
5	5	0	0	0	78.813286	1.080846	79.337149	0.264480	37.155918	20.679329	-1000.000000	-1000.000000	-64.000000	-1000.000000	-64.000000	780.000000	3
6	6	0	0	0	81.979680	0.930629	82.357327	0.365674	45.124832	23.601412	-1000.000000	-1000.000000	-64.000000	-1000.000000	-64.000000	528.000000	3
7	7	0	0	0	81.030022	1.258075	80.642545	0.265414	53.771594	35.961338	-1000.000000	-1000.000000	-64.000000	-1000.000000	-64.000000	780.000000	3
64	0	0	1	0	-1000.000000	-1000.000000	79.773171	0.194652	-1000.000000	-1000.000000	-1000.000000	-1000.000000	-64.000000	-1000.000000	-64.000000	780.000000	3
65	1	0	1	0	79.685077	0.984939	79.988533	0.166110	20.599823	13.567218	-1000.000000	-1000.000000	-64.000000	-1000.000000	-64.000000	780.000000	3
66	2	0	1	0	81.151832	1.001580	80.921911	0.295596	28.087186	27.645209	-1000.000000	-1000.000000	-64.000000	-1000.000000	-64.000000	780.000000	3
67	3	0	1	0	81.653451	1.025898	81.233811	0.327120	25.350115	15.999726	-1000.000000	-1000.000000	-64.000000	-1000.000000	-64.000000	528.000000	3
68	4	0	1	0	89.542341	1.026351	89.406540	0.328137	32.447064	16.574359	-1000.000000	-1000.000000	-64.000000	-1000.000000	-64.000000	528.000000	3
69	5	0	1	0	81.500849	1.074349	81.387532	0.318570	42.037923	29.676059	-1000.000000	-1000.000000	-64.000000	-1000.000000	-64.000000	780.000000	3
70	6	0	1	0	82.295203	0.796152	82.667663	0.344392	40.666470	23.721990	-1000.000000	-1000.000000	-64.000000	-1000.000000	-64.000000	528.000000	3
71	7	0	1	0	77.707902	0.756757	77.480381	0.371880	47.871980	26.975175	-1000.000000	-1000.000000	-64.000000	-1000.000000	-64.000000	528.000000	3
128	0	0	2	0	80.926471	0.808630	80.432211	0.231493	21.477512	12.739927	-1000.000000	-1000.000000	-64.000000	-1000.000000	-64.000000	780.000000	3
129	1	0	2	0	80.855290	0.967966	80.514234	0.246048	23.051598	15.458082	-1000.000000	-1000.000000	-64.000000	-1000.000000	-64.000000	780.000000	3
130	2	0	2	0	81.899770	0.931645	81.852163	0.383950	22.690689	14.167398	-1000.000000	-1000.000000	-64.000000	-1000.000000	-64.000000	528.000000	3
131	3	0	2	0	81.958188	0.965452	81.933157	0.348239	28.975838	18.476125	-1000.000000	-1000.000000	-64.000000	-1000.000000	-64.000000	780.000000	3
132	4	0	2	0	83.202842	1.402563	83.457041	0.251321	34.007380	17.911575	-1000.000000	-1000.000000	-64.000000	-1000.000000	-64.000000	528.000000	3
133	5	0	2	0	81.435441	0.967110	81.271603	0.334746	37.380372	19.641531	-1000.000000	-1000.000000	-64.000000	-1000.000000	-64.000000	528.000000	3
134	6	0	2	0	82.039121	0.918726	82.308983	0.361018	46.467856	24.737013	-1000.000000	-1000.000000	-64.000000	-1000.000000	-64.000000	528.000000	3
135	7	0	2	0	82.650899	1.097482	83.167998	0.288554	50.328802	31.458116	-1000.000000	-1000.000000	-64.000000	-1000.000000	-64.000000	528.000000	3
192	0	0	3	0	81.815217	1.055529	82.016628	0.309547	18.988620	14.590012	-1000.000000	-1000.000000	-64.000000	-1000.000000	-64.000000	780.000000	3
193	1	0	3	0	81.110305	1.245138	80.969265	0.260339	21.007813	14.562499	-1000.000000	-1000.000000	-64.000000	-1000.000000	-64.000000	780.000000	3
194	2	0	3	0	81.735245	0.950542	81.491385	0.276742	26.651951	19.138932	-1000.000000	-1000.000000	-64.000000	-1000.000000	-64.000000	780.000000	3
195	3	0	3	0	80.742315	0.458340	80.115967	0.139860	23.712503	14.092248	-1000.000000	-1000.000000	-64.000000	-1000.000000	-64.000000	528.000000	3
196	4	0	3	0	81.674719	0.925332	81.470889	0.260135	33.001143	17.262411	-1000.000000	-1000.000000	-64.000000	-1000.000000	-64.000000	528.000000	3
197	5	0	3	0	81.591886	1.021054	81.394999	0.293853	40.863991	23.308000	-1000.000000	-1000.000000	-64.000000	-1000.000000	-64.000000	528.000000	3
198	6	0	3	0	80.799813	0.491791	80.275135	0.200655	49.666480	28.874413	-1000.000000	-1000.000000	-64.000000	-1000.000000	-64.000000	780.000000	3
199	7	0	3	0	82.603389	1.209352	83.006924	0.269625	49.382444	31.140823	-1000.000000	-1000.000000	-64.000000	-1000.000000	-64.000000	528.000000	3
256	0	1	0	0	82.354199	0.858061	82.570707	0.344618	19.666019	11.839779	-1000.000000	-1000.000000	-64.000000	-1000.000000	-64.000000	528.000000	3
257	1	1	0	0	90.493384	1.030450	91.151998	0.290983	21.194304	13.363879	-1000.000000	-1000.000000	-64.000000	-1000.000000	-64.000000	528.000000	3
258	2	1	0	0	81.494405	0.921637	81.005686	0.302661	23.352223	13.591834	-1000.000000	-1000.000000	-64.000000	-1000.000000	-64.000000	528.000000	3
259	3	1	0	0	81.575377	0.996441	81.402086	0.314809	25.907011	14.426480	-1000.000000	-1000.000000	-64.000000	-1000.000000	-64.000000	528.000000	3
260	4	1	0	0	76.392523	1.197136	76.002591	0.184005	33.708164	16.609813	-1000.000000	-1000.000000	-64.000000	-1000.000000	-64.000000	780.000000	3
261	5	1	0	0	90.575565	0.955159	90.950045	0.303118	41.934182	21.719669	-1000.000000	-1000.000000	-64.000000	-1000.000000	-64.000000	528.000000	3
262	6	1	0	0	82.125086	0.924485	82.299763	0.334724	46.739051	24.293549	-1000.000000	-1000.000000	-64.000000	-1000.000000	-64.000000	528.000000	3
263	7	1	0	0	82.274031	1.139363	82.476037	0.285125	53.902621	28.636807	-1000.000000	-1000.000000	-64.000000	-1000.000000	-64.000000	780.000000	3
320	0	1	1	0	80.604276	0.609863	80.113796	0.160804	19.737659	12.222140	-1000.000000	-1000.000000	-64.000000	-1000.000000	-64.000000	780.000000	3
321	1	1	1	0	82.037488	0.974355	82.334279	0.302645	21.399680	13.369172	-1000.000000	-1000.000000	-64.000000	-1000.000000	-64.000000	780.000000	3
322	2	1	1	0	81.217040	0.984176	80.794781	0.243066	26.375501	14.638247	-1000.000000	-1000.000000	-64.000000	-1000.000000	-64.000000	528.000000	3
323	3	1	1	0	81.527188	1.052651	81.425896	0.280810	25.950689	15.601675	-1000.000000	-1000.000000	-64.000000	-1000.000000	-64.000000	780.000000	3
324	4	1	1	0	81.748098	1.214164	81.685108	0.263824	38.681057	18.996708	-1000.000000	-1000.000000	-64.000000	-1000.000000	-64.000000	780.000000	3
325	5	1	1	0	82.489303	1.144866	82.874118	0.275701	43.328311	22.524119	-1000.000000	-1000.000000	-64.000000	-1000.000000	-64.000000	780.000000	3
326	6	1	1	0	82.686438	1.147827	83.224573	0.263781	41.376787	22.527358	-1000.000000	-1000.000000	-64.000000	-1000.000000	-64.000000	528.000000	3
327	7	1	1	0	80.973846	0.796587	80.783504	0.265061	53.397322	28.416853	-1000.000000	-1000.000000	-64.000000	-1000.000000	-64.000000	780.000000	3
384	0	1	2	0	81.513348	0.859834	81.470546	0.317665	22.253720	12.972667	-1000.000000	-1000.000000	-64.000000	-1000.000000	-64.000000	780.000000	3
385	1	1	2	0	82.642618	1.000844	83.103500	0.294392	23.080170	13.697560	-1000.000000	-1000.000000	-64.000000	-1000.000000	-64.000000	780.000000	3
386	2	1	2	0	80.975741	1.036250	80.570237	0.249865	24.794328	14.109260	-1000.000000	-1000.000000	-64.000000	-1000.000000	-64.000000	528.000000	3
387	3	1	2	0	65.168020	1.719870	65.252787	0.305879	24.387097	13.872464	-1000.000000	-1000.000000	-64.000000	-1000.000000	-64.000000	780.000000	3
388	4	1	2	0	82.507747	1.225667	82.746074	0.315003	35.009327	17.397119	-1000.000000	-1000.000000	-64.000000	-1000.000000	-64.000000	528.000000	3
389	5	1	2	0	81.719225	0.957596	81.663507	0.372693	39.974309	19.091452	-1000.000000	-1000.000000	-64.000000	-1000.000000	-64.000000	528.000000	3
390	6	1	2	0	81.654402	1.144770	81.703890	0.306297	51.817747	26.916204	-1000.000000	-1000.000000	-64.000000	-1000.000000	-64.000000	780.000000	3
391	7	1	2	0	81.850619	0.901428	81.945844	0.384862	50.853180	27.136773	-1000.000000	-1000.000000	-64.000000	-1000.000000	-64.000000	528.000000	3
448	0	1	3	0	86.596228	1.156914	86.924558	0.311105	22.096447	11.894031	-1000.000000	-1000.000000	-64.000000	-1000.000000	-64.000000	780.000000	3
449	1	1	3	0	81.749920	0.876774	81.904089	0.333293	22.564813	13.245290	-1000.000000	-1000.000000	-64.000000	-1000.000000	-64.000000	780.000000	3
450	2	1	3	0	81.878569	1.033393	81.758788	0.345934	26.238419	14.870783	-1000.000000	-1000.000000	-64.000000	-1000.000000	-64.000000	780.000000	3
451	3	1	3	0	81.807036	0.942385	81.974988	0.426384	24.087754	14.069251	-1000.000000	-1000.000000	-64.000000	-1000.000000	-64.000000	528.000000	3
452	4	1	3	0	82.989361	1.378407	83.388352	0.279871	36.027501	17.881190	-1000.000000	-1000.000000	-64.000000	-1000.000000	-64.000000	780.000000	3
453	5	1	3	0	73.681596	0.968706	73.433897	0.308049	41.152931	19.554958	-1000.000000	-1000.000000	-64.000000	-1000.000000	-64.000000	528.000000	3
454	6	1	3	0	81.012311	1.020410	80.591114	0.220739	44.541453	23.523474	-1000.000000	-1000.000000	-64.000000	-1000.000000	-64.000000	528.000000	3
455	7	1	3	0	81.272547	1.117703	81.153731	0.302638	48.447952	27.630199	-1000.000000	-1000.000000	-64.000000	-1000.000000	-64.000000	528.000000	3
512	0	0	0	1	81.671980	1.139168	81.650097	0.348360	20.922608	14.173415	-1000.000000	-1000.000000	-64.000000	-1000.000000	-64.000000	780.000000	3
513	1	0	0	1	95.504370	0.567988	96.042859	0.148311	21.633944	13.583559	-1000.000000	-1000.000000	-64.000000	-1000.000000	-64.000000	780.000000	3
514	2	0	0	1	82.268848	0.937184	82.512609	0.323012	24.733198	14.922179	-1000.000000	-1000.000000	-64.000000	-1000.000000	-64.000000	780.000000	3
515	3	0	0	1	81.586018	0.877849	81.269736	0.320030	27.555847	20.341144	-1000.000000	-1000.000000	-64.000000	-1000.000000	-64.000000	780.000000	3
516	4	0	0	1	83.451324	1.492355	83.686690	0.226278	32.114274	16.188633	-1000.000000	-1000.000000	-64.000000	-1000.000000	-64.000000	780.000000	3
517	5	0	0	1	82.500283	1.044254	82.934616	0.309910	31.471729	16.610466	-1000.000000	-1000.000000	-64.000000	-1000.000000	-64.000000	780.000000	3
518	6	0	0	1	84.257964	1.219810	84.077947	0.173431	41.014589	24.504862	-1000.000000	-1000.000000	-64.000000	-1000.000000	-64.000000	780.000000	3
519	7	0	0	1	82.487543	0.827483	82.970313	0.314932	45.803439	25.524612	-1000.000000	-1000.000000	-64.000000	-1000.000000	-64.000000	780.000000	3
576	0	0	1	1	90.700973	0.883424	91.402105	0.258649	20.855633	15.582034	-1000.000000	-1000.000000	-64.000000	-1000.000000	-64.000000	780.000000	3
577	1	0	1	1	81.679196	1.007085	81.659621	0.354206	23.140763	14.957605	-1000.000000	-1000.000000	-64.000000	-1000.000000	-64.000000	780.000000	3
578	2	0	1	1	80.992291	0.899220	80.687347	0.267586	25.247030	18.000946	-1000.000000	-1000.000000	-64.000000	-1000.000000	-64.000000	780.000000	3
579	3	0	1	1	82.480900	0.896917	82.737883	0.314960	24.218807	15.111772	-1000.000000	-1000.000000	-64.000000	-1000.000000	-64.000000	780.000000	3
580	4	0	1	1	81.925136	0.964302	81.900165	0.371055	31.188519	15.633100	-1000.000000	-1000.000000	-64.000000	-1000.000000	-64.000000	780.000000	3
581	5	0	1	1	82.756126	1.341090	83.041516	0.303231	35.106183	16.075232	-1000.000000	-1000.000000	-64.000000	-1000.000000	-64.000000	780.000000	3
582	6	0	1	1	84.686700	0.717931	84.129416	0.188344	43.361195	24.730983	-1000.000000	-1000.000000	-64.000000	-1000.000000	-64.000000	780.000000	3
583	7	0	1	1	83.027010	1.287883	83.362751	0.260703	49.981173	29.428794	-1000.000000	-1000.000000	-64.000000	-1000.000000	-64.000000	780.000000	3
640	0	0	2	1	83.180588	1.311243	83.655374	0.211199	20.547582	14.002821	-1000.000000	-1000.000000	-64.000000	-1000.000000	-64.000000	780.000000	3
641	1	0	2	1	80.947843	1.052672	80.627192	0.259966	24.692381	15.450894	-1000.000000	-1000.000000	-64.000000	-1000.000000	-64.000000	780.000000	3
642	2	0	2	1	81.121791	0.913100	80.672451	0.265710	23.944004	16.062571	-1000.000000	-1000.000000	-64.000000	-1000.000000	-64.000000	780.000000	3
643	3	0	2	1	82.422709	1.170902	82.642709	0.335212	21.768110	12.383235	-1000.000000	-1000.000000	-64.000000	-1000.000000	-64.000000	780.000000	3
644	4	0	2	1	82.846796	1.176778	83.368084	0.258080	32.401255	16.164713	-1000.000000	-1000.000000	-64.000000	-1000.000000	-64.000000	780.000000	3
645	5	0	2	1	82.368648	0.907712	82.656576	0.325436	36.056290	18.635198	-1000.000000	-1000.000000	-64.000000	-1000.000000	-64.000000	780.000000	3
646	6	0	2	1	82.470342	1.015738	82.729006	0.329678	46.803049	23.519964	-1000.000000	-1000.000000	-64.000000	-1000.000000	-64.000000	780.000000	3
647	7	0	2	1	83.432753	1.458195	83.632630	0.218696	44.913905	27.304561	-1000.000000	-1000.000000	-64.000000	-1000.000000	-64.000000	780.000000	3
704	0	0	3	1	81.420054	1.075510	81.096357	0.331590	20.062976	12.540658	-1000.000000	-1000.000000	-64.000000	-1000.000000	-64.000000	780.000000	3
705	1	0	3	1	84.727265	1.009015	84.320396	0.201928	22.858626	14.909903	-1000.000000	-1000.000000	-64.000000	-1000.000000	-64.000000	780.000000	3
706	2	0	3	1	82.156672	0.903029	82.202083	0.383019	21.197929	12.452596	-1000.000000	-1000.000000	-64.000000	-1000.000000	-64.000000	780.000000	3
707	3	0	3	1	82.076767	0.914658	81.953958	0.426305	23.060913	15.323355	-1000.000000	-1000.000000	-64.000000	-1000.000000	-64.000000	780.000000	3
708	4	0	3	1	83.495044	1.365004	83.767075	0.193682	33.578560	17.070032	-1000.000000	-1000.000000	-64.000000	-1000.000000	-64.000000	780.000000	3
709	5	0	3	1	84.044089	1.263165	84.119739	0.171620	37.175388	24.284221	-1000.000000	-1000.000000	-64.000000	-1000.000000	-64.000000	780.000000	3
710	6	0	3	1	83.211753	1.179574	83.681204	0.200659	39.623392	23.694163	-1000.000000	-1000.000000	-64.000000	-1000.000000	-64.000000	780.000000	3
711	7	0	3	1	84.527619	0.761077	83.918815	0.165875	44.517183	25.132899	-1000.000000	-1000.000000	-64.000000	-1000.000000	-64.000000	780.000000	3
768	0	1	0	1	82.341764	0.831137	82.726873	0.316035	20.380030	11.791081	-1000.000000	-1000.000000	-64.000000	-1000.000000	-64.000000	780.000000	3
769	1	1	0	1	82.589383	0.810427	82.996676	0.299116	23.139452	13.219316	-1000.000000	-1000.000000	-64.000000	-1000.000000	-64.000000	780.000000	3
770	2	1	0	1	85.543998	0.924054	85.244974	0.309654	24.642438	13.930895	-1000.000000	-1000.000000	-64.000000	-1000.000000	-64.000000	780.000000	3
771	3	1	0	1	81.481467	0.864353	81.106529	0.358003	25.353496	14.208265	-1000.000000	-1000.000000	-64.000000	-1000.000000	-64.000000	780.000000	3
772	4	1	0	1	83.053867	1.165202	83.445269	0.247051	34.050378	16.311536	-1000.000000	-1000.000000	-64.000000	-1000.000000	-64.000000	780.000000	3
773	5	1	0	1	81.885291	0.924108	81.799323	0.390358	34.327598	16.811555	-1000.000000	-1000.000000	-64.000000	-1000.000000	-64.000000	780.000000	3
774	6	1	0	1	84.395230	1.030702	83.820639	0.198726	38.649795	20.298147	-1000.000000	-1000.000000	-64.000000	-1000.000000	-64.000000	780.000000	3
775	7	1	0	1	83.197060	1.178167	83.622611	0.221380	48.750225	27.958157	-1000.000000	-1000.000000	-64.000000	-1000.000000	-64.000000	780.000000	3
832	0	1	1	1	82.135248	0.941992	82.511695	0.318553	22.543616	13.542412	-1000.000000	-1000.000000	-64.000000	-1000.000000	-64.000000	780.000000	3
833	1	1	1	1	82.128550	0.926267	82.279953	0.350290	23.481539	13.546930	-1000.000000	-1000.000000	-64.000000	-1000.000000	-64.000000	780.000000	3
834	2	1	1	1	81.993088	0.950976	81.883250	0.370899	23.849386	13.330924	-1000.000000	-1000.000000	-64.000000	-1000.000000	-64.000000	780.000000	3
835	3	1	1	1	82.282042	1.120856	82.603660	0.337544	22.217426	12.504877	-1000.000000	-1000.000000	-64.000000	-1000.000000	-64.000000	780.000000	3
836	4	1	1	1	-1000.000000	-1000.000000	64.405017	0.222144	-1000.000000	-1000.000000	-1000.000000	-1000.000000	-64.000000	-1000.000000	-64.000000	780.000000	3
837	5	1	1	1	82.297888	0.963354	82.769427	0.331935	34.780807	17.279023	-1000.000000	-1000.000000	-64.000000	-1000.000000	-64.000000	780.000000	3
838	6	1	1	1	82.991379	1.197686	83.354103	0.263068	43.041912	23.115468	-1000.000000	-1000.000000	-64.000000	-1000.000000	-64.000000	780.000000	3
839	7	1	1	1	83.076937	1.292492	83.348198	0.263924	47.716639	26.055850	-1000.000000	-1000.000000	-64.000000	-1000.000000	-64.000000	780.000000	3
896	0	1	2	1	82.956330	1.459042	83.238554	0.276770	21.003640	12.790462	-1000.000000	-1000.000000	-64.000000	-1000.000000	-64.000000	780.000000	3
897	1	1	2	1	81.040725	0.944751	80.699995	0.270302	22.515029	13.472497	-1000.000000	-1000.000000	-64.000000	-1000.000000	-64.000000	780.000000	3
898	2	1	2	1	83.435581	1.390006	83.537845	0.233319	22.835162	12.997142	-1000.000000	-1000.000000	-64.000000	-1000.000000	-64.000000	780.000000	3
899	3	1	2	1	81.393517	0.991349	81.015210	0.318086	25.341511	14.234177	-1000.000000	-1000.000000	-64.000000	-1000.000000	-64.000000	780.000000	3
900	4	1	2	1	83.008201	1.069721	83.378485	0.261077	31.921263	15.083413	-1000.000000	-1000.000000	-64.000000	-1000.000000	-64.000000	780.000000	3
901	5	1	2	1	82.366107	1.108523	82.742416	0.272889	39.044379	19.644329	-1000.000000	-1000.000000	-64.000000	-1000.000000	-64.000000	780.000000	3
902	6	1	2	1	82.127639	0.862984	82.450283	0.321921	39.281687	19.281598	-1000.000000	-1000.000000	-64.000000	-1000.000000	-64.000000	780.000000	3
903	7	1	2	1	84.055268	1.191607	83.886090	0.145124	48.608201	24.969549	-1000.000000	-1000.000000	-64.000000	-1000.000000	-64.000000	780.000000	3
960	0	1	3	1	80.261706	0.961290	80.022896	0.140708	21.468937	12.383512	-1000.000000	-1000.000000	-64.000000	-1000.000000	-64.000000	780.000000	3
961	1	1	3	1	81.122273	0.840868	80.841907	0.303036	23.350595	12.456476	-1000.000000	-1000.000000	-64.000000	-1000.000000	-64.000000	780.000000	3
962	2	1	3	1	81.558892	0.852481	81.493252	0.332196	24.598674	13.354811	-1000.000000	-1000.000000	-64.000000	-1000.000000	-64.000000	780.000000	3
963	3	1	3	1	80.677530	0.926607	80.253001	0.180123	23.045226	12.938560	-1000.000000	-1000.000000	-64.000000	-1000.000000	-64.000000	780.000000	3
964	4	1	3	1	82.203367	0.936356	82.420873	0.318061	30.589078	14.245444	-1000.000000	-1000.000000	-64.000000	-1000.000000	-64.000000	780.000000	3
965	5	1	3	1	83.476587	1.331787	83.733168	0.200893	35.154444	17.742587	-1000.000000	-1000.000000	-64.000000	-1000.000000	-64.000000	780.000000	3
966	6	1	3	1	82.953951	1.110860	83.546531	0.229369	40.503890	20.283760	-1000.000000	-1000.000000	-64.000000	-1000.000000	-64.000000	780.000000	3
967	7	1	3	1	25.460487	0.813285	40.000000	0.001114	-1000.000000	-1000.000000	-1000.000000	-1000.000000	-64.000000	-1000.000000	-64.000000	780.000000	0
1024	0	0	0	2	80.602217	1.214433	80.459984	0.233871	15.509002	9.146578	-1000.000000	-1000.000000	-64.000000	-1000.000000	-64.000000	780.000000	3
1025	1	0	0	2	93.921200	0.984156	93.909461	0.364913	23.494864	13.558835	-1000.000000	-1000.000000	-64.000000	-1000.000000	-64.000000	10.000000	3
1026	2	0	0	2	-1000.000000	-1000.000000	79.654959	0.216973	-1000.000000	-1000.000000	-1000.000000	-1000.000000	-64.000000	-1000.000000	-64.000000	780.000000	3
1027	3	0	0	2	81.147315	1.042092	80.747121	0.258401	26.951203	15.203674	-1000.000000	-1000.000000	-64.000000	-1000.000000	-64.000000	10.000000	3
1028	4	0	0	2	82.140986	1.003657	82.064172	0.320847	34.934978	17.340114	-1000.000000	-1000.000000	-64.000000	-1000.000000	-64.000000	780.000000	3
1029	5	0	0	2	82.255204	0.979687	82.646824	0.335590	37.915037	20.040049	-1000.000000	-1000.000000	-64.000000	-1000.000000	-64.000000	780.000000	3
1030	6	0	0	2	84.785093	1.035130	84.351712	0.216121	46.236087	28.029348	-1000.000000	-1000.000000	-64.000000	-1000.000000	-64.000000	10.000000	3
1031	7	0	0	2	80.218333	1.027751	79.994743	0.121772	-1000.000000	-1000.000000	-1000.000000	-1000.000000	-64.000000	-1000.000000	-64.000000	780.000000	0
1088	0	0	1	2	81.214099	0.927665	81.157998	0.316922	18.006417	11.575867	-1000.000000	-1000.000000	-64.000000	-1000.000000	-64.000000	780.000000	3
1089	1	0	1	2	81.270647	0.749438	80.665175	0.262752	25.458304	14.665273	-1000.000000	-1000.000000	-64.000000	-1000.000000	-64.000000	780.000000	3
1090	2	0	1	2	82.936207	1.352780	83.253298	0.280203	24.519140	14.455446	-1000.000000	-1000.000000	-64.000000	-1000.000000	-64.000000	780.000000	3
1091	3	0	1	2	82.531740	0.726994	83.078851	0.299220	25.172588	14.710026	-1000.000000	-1000.000000	-64.000000	-1000.000000	-64.000000	10.000000	3
1092	4	0	1	2	83.499108	1.368788	83.760560	0.202122	35.368031	17.484994	-1000.000000	-1000.000000	-64.000000	-1000.000000	-64.000000	10.000000	3
1093	5	0	1	2	82.494136	0.728249	83.091004	0.298909	32.615172	17.340111	-1000.000000	-1000.000000	-64.000000	-1000.000000	-64.000000	780.000000	3
1094	6	0	1	2	84.311038	1.152104	83.927844	0.171827	43.769750	22.074161	-1000.000000	-1000.000000	-64.000000	-1000.000000	-64.000000	10.000000	3
1095	7	0	1	2	81.838810	0.883754	81.975712	0.384960	57.132092	32.156311	-1000.000000	-1000.000000	-64.000000	-1000.000000	-64.000000	10.000000	3
1152	0	0	2	2	81.826623	0.987277	81.897308	0.324287	17.798631	11.131941	-1000.000000	-1000.000000	-64.000000	-1000.000000	-64.000000	780.000000	3
1153	1	0	2	2	81.668959	0.927804	81.259222	0.301966	24.303535	14.111053	-1000.000000	-1000.000000	-64.000000	-1000.000000	-64.000000	780.000000	3
1154	2	0	2	2	81.859406	1.007365	81.848011	0.337458	24.755010	14.377388	-1000.000000	-1000.000000	-64.000000	-1000.000000	-64.000000	10.000000	3
1155	3	0	2	2	82.183091	0.845939	82.573602	0.300366	27.786622	17.070264	-1000.000000	-1000.000000	-64.000000	-1000.000000	-64.000000	780.000000	3
1156	4	0	2	2	81.584157	0.956176	81.511805	0.293667	36.664333	17.925692	-1000.000000	-1000.000000	-64.000000	-1000.000000	-64.000000	10.000000	3
1157	5	0	2	2	82.058613	0.943582	82.299573	0.299373	39.247847	18.982209	-1000.000000	-1000.000000	-64.000000	-1000.000000	-64.000000	10.000000	3
1158	6	0	2	2	84.425914	1.055919	84.002743	0.149894	45.254895	26.144610	-1000.000000	-1000.000000	-64.000000	-1000.000000	-64.000000	10.000000	3
1159	7	0	2	2	83.674935	1.520775	83.729054	0.181332	56.087689	32.241427	-1000.000000	-1000.000000	-64.000000	-1000.000000	-64.000000	10.000000	3
1216	0	0	3	2	81.134334	0.931815	80.660450	0.262270	22.852603	13.893422	-1000.000000	-1000.000000	-64.000000	-1000.000000	-64.000000	780.000000	3
1217	1	0	3	2	81.431464	0.984319	81.025268	0.305282	24.076026	14.174458	-1000.000000	-1000.000000	-64.000000	-1000.000000	-64.000000	780.000000	3
1218	2	0	3	2	82.056397	0.935234	82.187454	0.336974	23.754431	14.095391	-1000.000000	-1000.000000	-64.000000	-1000.000000	-64.000000	780.000000	3
1219	3	0	3	2	83.714213	1.435972	83.731454	0.205892	26.674542	16.559470	-1000.000000	-1000.000000	-64.000000	-1000.000000	-64.000000	10.000000	3
1220	4	0	3	2	83.252359	1.476706	83.392809	0.268961	34.057024	16.817032	-1000.000000	-1000.000000	-64.000000	-1000.000000	-64.000000	10.000000	3
1221	5	0	3	2	84.162070	1.276472	83.932492	0.182410	40.681168	19.442963	-1000.000000	-1000.000000	-64.000000	-1000.000000	-64.000000	10.000000	3
1222	6	0	3	2	82.989504	1.696822	82.958503	0.306486	42.064577	21.274833	-1000.000000	-1000.000000	-64.000000	-1000.000000	-64.000000	780.000000	3
1223	7	0	3	2	82.183327	1.059945	82.527277	0.327274	53.206151	32.665021	-1000.000000	-1000.000000	-64.000000	-1000.000000	-64.000000	10.000000	3
1280	0	1	0	2	81.278560	1.130624	81.104586	0.316652	15.289119	9.818983	-1000.000000	-1000.000000	-64.000000	-1000.000000	-64.000000	10.000000	3
1281	1	1	0	2	80.576898	1.003668	80.210752	0.181985	22.528404	13.538202	-1000.000000	-1000.000000	-64.000000	-1000.000000	-64.000000	10.000000	3
1282	2	1	0	2	82.301943	0.878954	82.480456	0.343588	23.497199	13.867855	-1000.000000	-1000.000000	-64.000000	-1000.000000	-64.000000	10.000000	3
1283	3	1	0	2	87.815847	1.272002	87.859459	0.171432	24.972379	13.999165	-1000.000000	-1000.000000	-64.000000	-1000.000000	-64.000000	10.000000	3
1284	4	1	0	2	81.195695	0.927648	80.966979	0.305388	34.760935	16.237507	-1000.000000	-1000.000000	-64.000000	-1000.000000	-64.000000	780.000000	3
1285	5	1	0	2	81.711906	1.113365	81.807171	0.346747	36.548319	18.032618	-1000.000000	-1000.000000	-64.000000	-1000.000000	-64.000000	10.000000	3
1286	6	1	0	2	82.000969	0.960886	82.123489	0.370824	43.497463	24.211957	-1000.000000	-1000.000000	-64.000000	-1000.000000	-64.000000	10.000000	3
1287	7	1	0	2	82.846240	1.502604	83.076680	0.302942	55.222353	30.233080	-1000.000000	-1000.000000	-64.000000	-1000.000000	-64.000000	780.000000	3
1344	0	1	1	2	83.707230	1.433515	83.824525	0.198882	17.194391	11.742416	-1000.000000	-1000.000000	-64.000000	-1000.000000	-64.000000	780.000000	3
1345	1	1	1	2	81.469494	0.722947	81.066489	0.308623	25.146389	15.034112	-1000.000000	-1000.000000	-64.000000	-1000.000000	-64.000000	780.000000	3
1346	2	1	1	2	79.557876	1.178461	79.786086	0.183057	23.633485	14.721469	-1000.000000	-1000.000000	-64.000000	-1000.000000	-64.000000	10.000000	3
1347	3	1	1	2	82.281932	1.216251	82.281896	0.345135	26.453341	16.242115	-1000.000000	-1000.000000	-64.000000	-1000.000000	-64.000000	780.000000	3
1348	4	1	1	2	81.827907	0.964852	81.713186	0.321401	33.161326	15.884773	-1000.000000	-1000.000000	-64.000000	-1000.000000	-64.000000	780.000000	3
1349	5	1	1	2	83.495287	1.340424	83.732063	0.219874	39.633607	20.596206	-1000.000000	-1000.000000	-64.000000	-1000.000000	-64.000000	780.000000	3
1350	6	1	1	2	94.120952	1.037330	94.618902	0.336440	43.699674	27.833853	-1000.000000	-1000.000000	-64.000000	-1000.000000	-64.000000	10.000000	3
1351	7	1	1	2	95.360779	0.657121	95.867756	0.174222	53.634374	30.169561	-1000.000000	-1000.000000	-64.000000	-1000.000000	-64.000000	780.000000	3
1408	0	1	2	2	81.859837	0.960900	82.034343	0.365248	18.937484	12.217721	-1000.000000	-1000.000000	-64.000000	-1000.000000	-64.000000	780.000000	3
1409	1	1	2	2	82.501595	1.162435	82.883299	0.313791	25.515958	14.538184	-1000.000000	-1000.000000	-64.000000	-1000.000000	-64.000000	780.000000	3
1410	2	1	2	2	80.848368	1.048119	80.620715	0.258617	25.441798	14.690585	-1000.000000	-1000.000000	-64.000000	-1000.000000	-64.000000	10.000000	3
1411	3	1	2	2	80.338560	1.098508	80.074289	0.165098	26.068555	15.237911	-1000.000000	-1000.000000	-64.000000	-1000.000000	-64.000000	780.000000	3
1412	4	1	2	2	83.722482	1.354469	83.948417	0.188868	33.484603	16.136037	-1000.000000	-1000.000000	-64.000000	-1000.000000	-64.000000	10.000000	3
1413	5	1	2	2	84.689285	0.825273	84.046859	0.185163	37.720973	18.200822	-1000.000000	-1000.000000	-64.000000	-1000.000000	-64.000000	10.000000	3
1414	6	1	2	2	82.449452	0.689905	83.117787	0.297294	39.181938	19.863370	-1000.000000	-1000.000000	-64.000000	-1000.000000	-64.000000	780.000000	3
1415	7	1	2	2	83.377497	1.555810	83.512929	0.238155	54.562325	30.868999	-1000.000000	-1000.000000	-64.000000	-1000.000000	-64.000000	10.000000	3
1472	0	1	3	2	82.484554	1.033954	82.947531	0.313187	20.411813	12.384893	-1000.000000	-1000.000000	-64.000000	-1000.000000	-64.000000	780.000000	3
1473	1	1	3	2	86.092165	0.928783	86.527168	0.322321	24.781797	14.514248	-1000.000000	-1000.000000	-64.000000	-1000.000000	-64.000000	780.000000	3
1474	2	1	3	2	82.074019	1.008539	82.511924	0.318854	25.963241	15.573648	-1000.000000	-1000.000000	-64.000000	-1000.000000	-64.000000	780.000000	3
1475	3	1	3	2	82.102906	0.924654	82.479389	0.338415	27.092152	15.626349	-1000.000000	-1000.000000	-64.000000	-1000.000000	-64.000000	10.000000	3
1476	4	1	3	2	80.366941	1.369605	80.433392	0.245396	37.787440	18.167246	-1000.000000	-1000.000000	-64.000000	-1000.000000	-64.000000	780.000000	3
1477	5	1	3	2	82.172667	1.003057	82.691892	0.314519	38.569418	19.770412	-1000.000000	-1000.000000	-64.000000	-1000.000000	-64.000000	10.000000	3
1478	6	1	3	2	82.852519	1.169201	83.397076	0.265758	47.858303	26.907465	-1000.000000	-1000.000000	-64.000000	-1000.000000	-64.000000	10.000000	3
1479	7	1	3	2	82.333293	0.755134	82.572421	0.334365	54.370396	32.752647	-1000.000000	-1000.000000	-64.000000	-1000.000000	-64.000000	10.000000	3
1536	0	0	0	3	81.533931	1.077953	81.396142	0.318535	25.590846	13.892029	-1000.000000	-1000.000000	-64.000000	-1000.000000	-64.000000	528.000000	3
1537	1	0	0	3	81.466852	1.040678	81.424106	0.311217	24.088280	15.042598	-1000.000000	-1000.000000	-64.000000	-1000.000000	-64.000000	528.000000	3
1538	2	0	0	3	82.449846	1.063936	82.719177	0.326668	26.116709	14.524064	-1000.000000	-1000.000000	-64.000000	-1000.000000	-64.000000	528.000000	3
1539	3	0	0	3	82.568532	1.119304	82.882956	0.317893	22.476773	14.145458	-1000.000000	-1000.000000	-64.000000	-1000.000000	-64.000000	780.000000	3
1540	4	0	0	3	83.975897	1.433426	84.014934	0.232164	32.117326	15.994225	-1000.000000	-1000.000000	-64.000000	-1000.000000	-64.000000	528.000000	3
1541	5	0	0	3	49.480552	1.039937	48.862939	0.291721	37.506112	18.006662	-1000.000000	-1000.000000	-64.000000	-1000.000000	-64.000000	780.000000	3
1542	6	0	0	3	85.266284	0.904121	84.734054	0.275308	39.773527	21.310316	-1000.000000	-1000.000000	-64.000000	-1000.000000	-64.000000	780.000000	3
1543	7	0	0	3	84.787916	1.189184	84.318415	0.205091	47.714778	27.841225	-1000.000000	-1000.000000	-64.000000	-1000.000000	-64.000000	780.000000	3
1600	0	0	1	3	80.717688	0.738850	80.402076	0.231760	26.465899	14.568805	-1000.000000	-1000.000000	-64.000000	-1000.000000	-64.000000	528.000000	3
1601	1	0	1	3	80.970005	0.943372	80.705253	0.272544	25.678494	15.225620	-1000.000000	-1000.000000	-64.000000	-1000.000000	-64.000000	528.000000	3
1602	2	0	1	3	94.907840	0.873797	95.281979	0.272017	25.909834	15.228112	-1000.000000	-1000.000000	-64.000000	-1000.000000	-64.000000	780.000000	3
1603	3	0	1	3	81.291555	1.104256	80.926330	0.287181	22.430616	16.100155	-1000.000000	-1000.000000	-64.000000	-1000.000000	-64.000000	528.000000	3
1604	4	0	1	3	82.715942	1.020776	83.250288	0.268116	27.410610	13.351921	-1000.000000	-1000.000000	-64.000000	-1000.000000	-64.000000	780.000000	3
1605	5	0	1	3	82.681001	1.313379	83.008600	0.307371	33.318008	15.718062	-1000.000000	-1000.000000	-64.000000	-1000.000000	-64.000000	780.000000	3
1606	6	0	1	3	82.988779	1.392636	83.245450	0.289584	43.866385	21.853726	-1000.000000	-1000.000000	-64.000000	-1000.000000	-64.000000	528.000000	3
1607	7	0	1	3	83.158883	1.357950	83.512167	0.232533	48.496916	25.152781	-1000.000000	-1000.000000	-64.000000	-1000.000000	-64.000000	780.000000	3
1664	0	0	2	3	81.529184	0.853727	81.604762	0.314587	24.856485	13.620863	-1000.000000	-1000.000000	-64.000000	-1000.000000	-64.000000	528.000000	3
1665	1	0	2	3	82.503171	1.073287	82.804705	0.320277	24.509033	14.044251	-1000.000000	-1000.000000	-64.000000	-1000.000000	-64.000000	528.000000	3
1666	2	0	2	3	81.874314	0.870386	81.695204	0.403527	24.658559	13.485481	-1000.000000	-1000.000000	-64.000000	-1000.000000	-64.000000	780.000000	3
1667	3	0	2	3	80.919832	0.628285	80.643269	0.260113	19.688213	14.235807	-1000.000000	-1000.000000	-64.000000	-1000.000000	-64.000000	528.000000	3
1668	4	0	2	3	82.521901	1.106517	82.732778	0.318884	28.234794	13.541941	-1000.000000	-1000.000000	-64.000000	-1000.000000	-64.000000	528.000000	3
1669	5	0	2	3	81.494991	1.088303	81.363684	0.300773	36.652126	17.882424	-1000.000000	-1000.000000	-64.000000	-1000.000000	-64.000000	528.000000	3
1670	6	0	2	3	83.198194	1.319593	83.572742	0.222856	38.616044	18.650530	-1000.000000	-1000.000000	-64.000000	-1000.000000	-64.000000	780.000000	3
1671	7	0	2	3	83.740510	1.467247	83.815305	0.224868	52.142448	28.116912	-1000.000000	-1000.000000	-64.000000	-1000.000000	-64.000000	528.000000	3
1728	0	0	3	3	80.810863	0.875224	80.264963	0.181168	22.288249	13.159506	-1000.000000	-1000.000000	-64.000000	-1000.000000	-64.000000	780.000000	3
1729	1	0	3	3	82.970556	1.010721	83.489080	0.239290	23.765574	13.871012	-1000.000000	-1000.000000	-64.000000	-1000.000000	-64.000000	780.000000	3
1730	2	0	3	3	81.753052	0.883785	81.699814	0.403671	23.252977	13.225056	-1000.000000	-1000.000000	-64.000000	-1000.000000	-64.000000	780.000000	3
1731	3	0	3	3	81.321167	0.933123	80.937035	0.320349	17.759072	10.426924	-1000.000000	-1000.000000	-64.000000	-1000.000000	-64.000000	780.000000	3
1732	4	0	3	3	81.567996	1.071348	81.596647	0.300245	30.838850	14.364140	-1000.000000	-1000.000000	-64.000000	-1000.000000	-64.000000	528.000000	3
1733	5	0	3	3	90.745279	0.983795	91.355702	0.262702	37.959597	21.359277	-1000.000000	-1000.000000	-64.000000	-1000.000000	-64.000000	780.000000	3
1734	6	0	3	3	83.596173	1.215024	83.844755	0.159718	39.262910	18.848647	-1000.000000	-1000.000000	-64.000000	-1000.000000	-64.000000	780.000000	3
1735	7	0	3	3	82.631284	1.264673	83.201257	0.293113	50.935818	27.499596	-1000.000000	-1000.000000	-64.000000	-1000.000000	-64.000000	528.000000	3
1792	0	1	0	3	80.787575	1.012358	80.496709	0.238955	25.117690	13.913202	-1000.000000	-1000.000000	-64.000000	-1000.000000	-64.000000	528.000000	3
1793	1	1	0	3	82.303189	1.007758	82.604232	0.328692	25.955713	15.165603	-1000.000000	-1000.000000	-64.000000	-1000.000000	-64.000000	528.000000	3
1794	2	1	0	3	81.422013	0.962907	81.242802	0.318184	25.387346	14.393766	-1000.000000	-1000.000000	-64.000000	-1000.000000	-64.000000	528.000000	3
1795	3	1	0	3	65.325811	0.819215	64.711087	0.271150	17.492223	10.252975	-1000.000000	-1000.000000	-64.000000	-1000.000000	-64.000000	780.000000	3
1796	4	1	0	3	84.705513	1.187662	84.416363	0.228576	27.895151	13.522702	-1000.000000	-1000.000000	-64.000000	-1000.000000	-64.000000	780.000000	3
1797	5	1	0	3	84.992507	0.874880	84.362455	0.213679	35.947853	16.667574	-1000.000000	-1000.000000	-64.000000	-1000.000000	-64.000000	780.000000	3
1798	6	1	0	3	84.017206	1.392988	83.827344	0.238557	44.806839	22.221637	-1000.000000	-1000.000000	-64.000000	-1000.000000	-64.000000	528.000000	3
1799	7	1	0	3	84.073201	1.232579	84.023925	0.157971	46.174168	26.482408	-1000.000000	-1000.000000	-64.000000	-1000.000000	-64.000000	780.000000	3
1856	0	1	1	3	81.651107	0.980254	81.721491	0.335028	22.896485	12.434691	-1000.000000	-1000.000000	-64.000000	-1000.000000	-64.000000	528.000000	3
1857	1	1	1	3	82.485706	1.089632	82.820249	0.325318	26.819533	17.322568	-1000.000000	-1000.000000	-64.000000	-1000.000000	-64.000000	528.000000	3
1858	2	1	1	3	82.044283	0.939450	82.077316	0.392014	24.453503	13.880183	-1000.000000	-1000.000000	-64.000000	-1000.000000	-64.000000	780.000000	3
1859	3	1	1	3	80.916926	0.538424	80.571570	0.254182	19.277813	11.620360	-1000.000000	-1000.000000	-64.000000	-1000.000000	-64.000000	528.000000	3
1860	4	1	1	3	84.427067	1.231119	84.219287	0.185918	26.182257	12.553620	-1000.000000	-1000.000000	-64.000000	-1000.000000	-64.000000	780.000000	3
1861	5	1	1	3	84.058980	1.292149	83.925825	0.149366	33.562443	15.521927	-1000.000000	-1000.000000	-64.000000	-1000.000000	-64.000000	780.000000	3
1862	6	1	1	3	83.500771	1.259821	83.708138	0.196280	40.239250	19.636473	-1000.000000	-1000.000000	-64.000000	-1000.000000	-64.000000	780.000000	3
1863	7	1	1	3	85.313912	0.833657	84.928959	0.299491	52.143041	27.809429	-1000.000000	-1000.000000	-64.000000	-1000.000000	-64.000000	780.000000	3
1920	0	1	2	3	80.562827	0.694066	79.993866	0.177966	26.430885	18.666983	-1000.000000	-1000.000000	-64.000000	-1000.000000	-64.000000	528.000000	3
1921	1	1	2	3	81.628802	0.954510	81.370694	0.346924	25.416432	14.290763	-1000.000000	-1000.000000	-64.000000	-1000.000000	-64.000000	528.000000	3
1922	2	1	2	3	80.886644	0.645082	80.456479	0.235849	27.402938	14.845160	-1000.000000	-1000.000000	-64.000000	-1000.000000	-64.000000	528.000000	3
1923	3	1	2	3	81.321763	0.915461	80.932844	0.309088	18.747431	13.348113	-1000.000000	-1000.000000	-64.000000	-1000.000000	-64.000000	780.000000	3
1924	4	1	2	3	-1000.000000	-1000.000000	95.865623	0.151355	-1000.000000	-1000.000000	-1000.000000	-1000.000000	-64.000000	-1000.000000	-64.000000	780.000000	3
1925	5	1	2	3	83.529617	1.528609	83.759836	0.239166	38.048915	18.339314	-1000.000000	-1000.000000	-64.000000	-1000.000000	-64.000000	528.000000	3
1926	6	1	2	3	83.554465	1.217398	83.708215	0.191344	41.592573	19.923599	-1000.000000	-1000.000000	-64.000000	-1000.000000	-64.000000	780.000000	3
1927	7	1	2	3	83.078741	1.298674	83.299624	0.269495	44.164057	22.167435	-1000.000000	-1000.000000	-64.000000	-1000.000000	-64.000000	780.000000	3
1984	0	1	3	3	81.047483	0.929897	80.890785	0.290881	25.165733	14.250932	-1000.000000	-1000.000000	-64.000000	-1000.000000	-64.000000	528.000000	3
1985	1	1	3	3	82.883813	1.177210	83.349569	0.262565	23.944999	14.280135	-1000.000000	-1000.000000	-64.000000	-1000.000000	-64.000000	780.000000	3
1986	2	1	3	3	82.230129	1.180304	82.497790	0.308396	28.328083	16.236454	-1000.000000	-1000.000000	-64.000000	-1000.000000	-64.000000	528.000000	3
1987	3	1	3	3	81.128111	0.982834	80.554807	0.245742	18.363623	11.540279	-1000.000000	-1000.000000	-64.000000	-1000.000000	-64.000000	780.000000	3
1988	4	1	3	3	82.176147	1.085256	82.246542	0.332590	28.033814	13.493212	-1000.000000	-1000.000000	-64.000000	-1000.000000	-64.000000	528.000000	3
1989	5	1	3	3	81.921768	1.032136	81.995715	0.320938	39.252215	19.156452	-1000.000000	-1000.000000	-64.000000	-1000.000000	-64.000000	528.000000	3
1990	6	1	3	3	84.389961	1.086760	84.065222	0.150338	41.468486	22.812231	-1000.000000	-1000.000000	-64.000000	-1000.000000	-64.000000	780.000000	3
1991	7	1	3	3	82.623007	1.091038	82.856707	0.322088	49.644964	26.210939	-1000.000000	-1000.000000	-64.000000	-1000.000000	-64.000000	528.000000	3
2048	0	0	0	4	79.174032	1.000761	79.261832	0.276501	16.865310	11.119039	-1000.000000	-1000.000000	-64.000000	-1000.000000	-64.000000	780.000000	3
2049	1	0	0	4	81.675444	0.977318	81.522739	0.354786	26.898956	15.585218	-1000.000000	-1000.000000	-64.000000	-1000.000000	-64.000000	780.000000	3
2050	2	0	0	4	81.152144	0.839233	80.827849	0.289281	17.182753	11.701051	-1000.000000	-1000.000000	-64.000000	-1000.000000	-64.000000	780.000000	3
2051	3	0	0	4	82.097757	0.960954	82.280829	0.344934	21.686386	13.111040	-1000.000000	-1000.000000	-64.000000	-1000.000000	-64.000000	780.000000	3
2052	4	0	0	4	81.164519	1.182470	80.764341	0.279864	31.024670	14.882118	-1000.000000	-1000.000000	-64.000000	-1000.000000	-64.000000	780.000000	3
2053	5	0	0	4	82.216384	0.958190	82.590174	0.315164	32.907817	17.263763	-1000.000000	-1000.000000	-64.000000	-1000.000000	-64.000000	780.000000	3
2054	6	0	0	4	82.348630	0.911776	82.831640	0.322248	37.703974	20.402824	-1000.000000	-1000.000000	-64.000000	-1000.000000	-64.000000	780.000000	3
2055	7	0	0	4	81.689947	1.011315	81.603466	0.352317	40.463557	23.708011	-1000.000000	-1000.000000	-64.000000	-1000.000000	-64.000000	780.000000	3
2112	0	0	1	4	80.991691	0.748887	80.606429	0.259696	20.554037	12.699147	-1000.000000	-1000.000000	-64.000000	-1000.000000	-64.000000	780.000000	3
2113	1	0	1	4	81.518511	0.887673	81.133235	0.314804	23.806713	13.794842	-1000.000000	-1000.000000	-64.000000	-1000.000000	-64.000000	780.000000	3
2114	2	0	1	4	81.992237	1.010502	82.010875	0.316656	19.815798	13.095022	-1000.000000	-1000.000000	-64.000000	-1000.000000	-64.000000	780.000000	3
2115	3	0	1	4	81.883702	1.024141	82.004970	0.365328	25.232395	15.685276	-1000.000000	-1000.000000	-64.000000	-1000.000000	-64.000000	780.000000	3
2116	4	0	1	4	82.568810	1.036049	82.881471	0.318650	30.452556	14.924789	-1000.000000	-1000.000000	-64.000000	-1000.000000	-64.000000	780.000000	3
2117	5	0	1	4	81.985034	1.012114	81.960397	0.316611	31.994429	15.755441	-1000.000000	-1000.000000	-64.000000	-1000.000000	-64.000000	780.000000	3
2118	6	0	1	4	77.416928	0.836994	77.135368	0.319776	42.316682	24.480968	-1000.000000	-1000.000000	-64.000000	-1000.000000	-64.000000	780.000000	3
2119	7	0	1	4	82.996199	1.430988	83.334406	0.266928	41.545524	21.816705	-1000.000000	-1000.000000	-64.000000	-1000.000000	-64.000000	780.000000	3
2176	0	0	2	4	80.642935	0.669089	80.107510	0.182137	18.580853	11.752925	-1000.000000	-1000.000000	-64.000000	-1000.000000	-64.000000	780.000000	3
2177	1	0	2	4	82.907131	1.067366	83.404162	0.259935	22.482733	13.000160	-1000.000000	-1000.000000	-64.000000	-1000.000000	-64.000000	780.000000	3
2178	2	0	2	4	80.667866	0.772231	80.272887	0.188814	17.614306	12.216725	-1000.000000	-1000.000000	-64.000000	-1000.000000	-64.000000	780.000000	3
2179	3	0	2	4	85.188513	0.910617	84.624182	0.271733	25.931950	14.959432	-1000.000000	-1000.000000	-64.000000	-1000.000000	-64.000000	780.000000	3
2180	4	0	2	4	81.252904	1.056544	80.999171	0.307313	30.161272	14.088215	-1000.000000	-1000.000000	-64.000000	-1000.000000	-64.000000	780.000000	3
2181	5	0	2	4	81.595758	1.011260	81.439230	0.324997	34.914516	17.078080	-1000.000000	-1000.000000	-64.000000	-1000.000000	-64.000000	780.000000	3
2182	6	0	2	4	81.123375	0.886738	80.819810	0.286468	38.915855	20.568635	-1000.000000	-1000.000000	-64.000000	-1000.000000	-64.000000	780.000000	3
2183	7	0	2	4	82.225281	0.834307	82.752664	0.333482	41.111600	22.405339	-1000.000000	-1000.000000	-64.000000	-1000.000000	-64.000000	780.000000	3
2240	0	0	3	4	82.742333	1.064034	83.124568	0.296333	19.171724	12.503854	-1000.000000	-1000.000000	-64.000000	-1000.000000	-64.000000	780.000000	3
2241	1	0	3	4	81.358248	1.061263	80.988428	0.301919	24.991339	18.215504	-1000.000000	-1000.000000	-64.000000	-1000.000000	-64.000000	780.000000	3
2242	2	0	3	4	81.642544	0.988917	81.528720	0.343944	16.086715	11.024026	-1000.000000	-1000.000000	-64.000000	-1000.000000	-64.000000	780.000000	3
2243	3	0	3	4	80.984380	0.761937	80.629820	0.259850	24.004091	13.670173	-1000.000000	-1000.000000	-64.000000	-1000.000000	-64.000000	780.000000	3
2244	4	0	3	4	82.817006	1.055758	83.252231	0.282754	29.765766	14.996239	-1000.000000	-1000.000000	-64.000000	-1000.000000	-64.000000	780.000000	3
2245	5	0	3	4	81.821587	0.968226	81.795475	0.363402	34.437131	18.303916	-1000.000000	-1000.000000	-64.000000	-1000.000000	-64.000000	780.000000	3
2246	6	0	3	4	81.232505	0.917321	81.120320	0.293212	39.326725	20.168016	-1000.000000	-1000.000000	-64.000000	-1000.000000	-64.000000	780.000000	3
2247	7	0	3	4	82.778360	1.080603	83.149407	0.292998	44.811650	26.419091	-1000.000000	-1000.000000	-64.000000	-1000.000000	-64.000000	780.000000	3
2304	0	1	0	4	80.419889	0.799519	80.114024	0.164952	19.936958	16.184698	-1000.000000	-1000.000000	-64.000000	-1000.000000	-64.000000	780.000000	3
2305	1	1	0	4	81.413041	1.014790	81.100052	0.306881	23.263318	13.969212	-1000.000000	-1000.000000	-64.000000	-1000.000000	-64.000000	780.000000	3
2306	2	1	0	4	80.962282	0.917645	80.472022	0.231336	17.253937	11.903303	-1000.000000	-1000.000000	-64.000000	-1000.000000	-64.000000	780.000000	3
2307	3	1	0	4	81.703870	0.971072	81.656459	0.366014	24.618263	15.044797	-1000.000000	-1000.000000	-64.000000	-1000.000000	-64.000000	780.000000	3
2308	4	1	0	4	81.889167	1.100678	81.928243	0.312694	29.783076	19.725547	-1000.000000	-1000.000000	-64.000000	-1000.000000	-64.000000	780.000000	3
2309	5	1	0	4	82.007820	0.982888	81.930224	0.353500	34.683679	19.557472	-1000.000000	-1000.000000	-64.000000	-1000.000000	-64.000000	780.000000	3
2310	6	1	0	4	82.249974	0.951350	82.426511	0.356962	36.932325	19.587039	-1000.000000	-1000.000000	-64.000000	-1000.000000	-64.000000	780.000000	3
2311	7	1	0	4	81.089491	0.826897	80.859850	0.290765	42.199506	23.528739	-1000.000000	-1000.000000	-64.000000	-1000.000000	-64.000000	780.000000	3
2368	0	1	1	4	81.125115	0.893207	80.770894	0.283499	19.963948	13.206345	-1000.000000	-1000.000000	-64.000000	-1000.000000	-64.000000	780.000000	3
2369	1	1	1	4	81.719848	1.035905	81.529710	0.333756	23.353669	13.700059	-1000.000000	-1000.000000	-64.000000	-1000.000000	-64.000000	780.000000	3
2370	2	1	1	4	81.582040	0.966804	81.519577	0.360750	21.256260	12.890563	-1000.000000	-1000.000000	-64.000000	-1000.000000	-64.000000	780.000000	3
2371	3	1	1	4	81.801488	1.007752	81.612571	0.336939	23.429976	14.467401	-1000.000000	-1000.000000	-64.000000	-1000.000000	-64.000000	780.000000	3
2372	4	1	1	4	82.088661	1.078488	82.083373	0.320624	29.152782	14.426460	-1000.000000	-1000.000000	-64.000000	-1000.000000	-64.000000	780.000000	3
2373	5	1	1	4	80.653832	1.165972	80.402610	0.239810	36.238911	17.566661	-1000.000000	-1000.000000	-64.000000	-1000.000000	-64.000000	780.000000	3
2374	6	1	1	4	85.194267	0.905532	84.853260	0.291549	39.001272	19.695262	-1000.000000	-1000.000000	-64.000000	-1000.000000	-64.000000	780.000000	3
2375	7	1	1	4	82.754954	1.174145	83.145521	0.292677	36.355659	25.475966	-1000.000000	-1000.000000	-64.000000	-1000.000000	-64.000000	780.000000	3
2432	0	1	2	4	80.562416	0.749388	80.077680	0.166214	17.375452	11.329596	-1000.000000	-1000.000000	-64.000000	-1000.000000	-64.000000	780.000000	3
2433	1	1	2	4	81.602795	1.058862	81.515500	0.328496	24.545290	14.061233	-1000.000000	-1000.000000	-64.000000	-1000.000000	-64.000000	780.000000	3
2434	2	1	2	4	80.697580	0.835726	80.267973	0.187707	18.960899	13.256350	-1000.000000	-1000.000000	-64.000000	-1000.000000	-64.000000	780.000000	3
2435	3	1	2	4	81.141414	0.941060	80.904653	0.297164	22.922752	13.423392	-1000.000000	-1000.000000	-64.000000	-1000.000000	-64.000000	780.000000	3
2436	4	1	2	4	82.493720	1.077195	82.802953	0.311625	31.812009	15.163835	-1000.000000	-1000.000000	-64.000000	-1000.000000	-64.000000	780.000000	3
2437	5	1	2	4	81.998627	0.901529	82.286963	0.339884	33.797493	21.249498	-1000.000000	-1000.000000	-64.000000	-1000.000000	-64.000000	780.000000	3
2438	6	1	2	4	82.127940	1.031579	82.722949	0.322081	36.210630	18.490942	-1000.000000	-1000.000000	-64.000000	-1000.000000	-64.000000	780.000000	3
2439	7	1	2	4	81.028350	0.772943	80.655650	0.263816	40.090030	25.234347	-1000.000000	-1000.000000	-64.000000	-1000.000000	-64.000000	780.000000	3
2496	0	1	3	4	81.532782	1.001325	81.199562	0.315013	18.358285	11.457849	-1000.000000	-1000.000000	-64.000000	-1000.000000	-64.000000	780.000000	3
2497	1	1	3	4	81.557870	1.090724	81.346845	0.315862	22.351570	14.326886	-1000.000000	-1000.000000	-64.000000	-1000.000000	-64.000000	780.000000	3
2498	2	1	3	4	81.129956	0.959431	80.842135	0.289285	17.399651	12.254224	-1000.000000	-1000.000000	-64.000000	-1000.000000	-64.000000	780.000000	3
2499	3	1	3	4	82.447140	1.092711	82.996867	0.307699	24.962439	14.733988	-1000.000000	-1000.000000	-64.000000	-1000.000000	-64.000000	780.000000	3
2500	4	1	3	4	78.734121	1.094959	78.959798	0.302657	27.342031	13.336439	-1000.000000	-1000.000000	-64.000000	-1000.000000	-64.000000	780.000000	3
2501	5	1	3	4	82.487408	1.067141	82.746836	0.319731	34.869020	17.234991	-1000.000000	-1000.000000	-64.000000	-1000.000000	-64.000000	780.000000	3
2502	6	1	3	4	81.007409	1.049681	80.590085	0.256410	36.887724	19.520548	-1000.000000	-1000.000000	-64.000000	-1000.000000	-64.000000	780.000000	3
2503	7	1	3	4	81.678358	1.044742	81.744120	0.362316	40.769313	23.943226	-1000.000000	-1000.000000	-64.000000	-1000.000000	-64.000000	780.000000	3
2560	0	0	0	5	79.848775	1.153431	79.985942	0.172351	23.376581	14.181163	-1000.000000	-1000.000000	-64.000000	-1000.000000	-64.000000	780.000000	3
2561	1	0	0	5	80.938363	0.869173	80.895433	0.292792	27.022196	15.680730	-1000.000000	-1000.000000	-64.000000	-1000.000000	-64.000000	780.000000	3
2562	2	0	0	5	80.414956	1.135199	80.277535	0.205982	28.267255	16.366054	-1000.000000	-1000.000000	-64.000000	-1000.000000	-64.000000	780.000000	3
2563	3	0	0	5	81.506327	0.871883	81.216591	0.354271	23.261054	14.017838	-1000.000000	-1000.000000	-64.000000	-1000.000000	-64.000000	780.000000	3
2564	4	0	0	5	81.589119	1.127931	81.476565	0.297468	44.715897	21.721770	-1000.000000	-1000.000000	-64.000000	-1000.000000	-64.000000	780.000000	3
2565	5	0	0	5	82.947160	1.311473	83.312767	0.270964	39.725845	20.790621	-1000.000000	-1000.000000	-64.000000	-1000.000000	-64.000000	780.000000	3
2566	6	0	0	5	84.427794	1.029883	83.958246	0.161582	41.495732	22.933002	-1000.000000	-1000.000000	-64.000000	-1000.000000	-64.000000	780.000000	3
2567	7	0	0	5	83.182939	0.890495	83.749093	0.187987	52.248994	31.562716	-1000.000000	-1000.000000	-64.000000	-1000.000000	-64.000000	780.000000	3
2624	0	0	1	5	82.108670	0.955178	82.726987	0.325775	23.447175	14.519730	-1000.000000	-1000.000000	-64.000000	-1000.000000	-64.000000	780.000000	3
2625	1	0	1	5	83.598292	1.288264	83.857403	0.201895	26.907606	15.169573	-1000.000000	-1000.000000	-64.000000	-1000.000000	-64.000000	780.000000	3
2626	2	0	1	5	87.125611	1.215711	87.518034	0.235182	21.358285	12.113485	-1000.000000	-1000.000000	-64.000000	-1000.000000	-64.000000	780.000000	3
2627	3	0	1	5	79.783358	1.165055	79.985180	0.170989	29.742683	17.218086	-1000.000000	-1000.000000	-64.000000	-1000.000000	-64.000000	780.000000	3
2628	4	0	1	5	82.176515	0.971256	82.464265	0.344269	37.977054	18.301676	-1000.000000	-1000.000000	-64.000000	-1000.000000	-64.000000	780.000000	3
2629	5	0	1	5	83.240600	1.432451	83.382332	0.259157	40.518263	21.448849	-1000.000000	-1000.000000	-64.000000	-1000.000000	-64.000000	780.000000	3
2630	6	0	1	5	80.824203	0.503676	80.298107	0.209356	45.818094	24.236720	-1000.000000	-1000.000000	-64.000000	-1000.000000	-64.000000	780.000000	3
2631	7	0	1	5	83.930751	1.291457	83.776294	0.182678	46.150564	24.583601	-1000.000000	-1000.000000	-64.000000	-1000.000000	-64.000000	780.000000	3
2688	0	0	2	5	80.884214	0.836464	80.706205	0.275344	26.751258	15.565595	-1000.000000	-1000.000000	-64.000000	-1000.000000	-64.000000	780.000000	3
2689	1	0	2	5	80.662668	1.227532	80.517891	0.241099	24.825069	14.754758	-1000.000000	-1000.000000	-64.000000	-1000.000000	-64.000000	780.000000	3
2690	2	0	2	5	80.804815	0.984165	80.435564	0.223889	24.987901	14.007086	-1000.000000	-1000.000000	-64.000000	-1000.000000	-64.000000	780.000000	3
2691	3	0	2	5	81.231078	0.933488	81.243145	0.305507	29.563816	17.580088	-1000.000000	-1000.000000	-64.000000	-1000.000000	-64.000000	780.000000	3
2692	4	0	2	5	81.364196	1.119024	81.164246	0.295048	46.817809	24.249768	-1000.000000	-1000.000000	-64.000000	-1000.000000	-64.000000	780.000000	3
2693	5	0	2	5	80.862377	1.301875	80.649631	0.265527	51.085190	28.278220	-1000.000000	-1000.000000	-64.000000	-1000.000000	-64.000000	780.000000	3
2694	6	0	2	5	83.300050	1.373836	83.590342	0.220024	41.469644	21.233616	-1000.000000	-1000.000000	-64.000000	-1000.000000	-64.000000	780.000000	3
2695	7	0	2	5	80.979571	0.804186	80.767389	0.283225	60.420241	36.144420	-1000.000000	-1000.000000	-64.000000	-1000.000000	-64.000000	780.000000	3
2752	0	0	3	5	63.482142	0.577455	64.045374	0.141450	20.409719	12.335161	-1000.000000	-1000.000000	-64.000000	-1000.000000	-64.000000	780.000000	3
2753	1	0	3	5	79.905141	1.056517	79.925025	0.143449	22.260933	14.658272	-1000.000000	-1000.000000	-64.000000	-1000.000000	-64.000000	780.000000	3
2754	2	0	3	5	81.661054	0.959425	81.437782	0.376540	21.139855	12.452244	-1000.000000	-1000.000000	-64.000000	-1000.000000	-64.000000	780.000000	3
2755	3	0	3	5	91.457050	1.179736	91.718996	0.194327	26.951836	15.832802	-1000.000000	-1000.000000	-64.000000	-1000.000000	-64.000000	780.000000	3
2756	4	0	3	5	88.739158	0.853307	88.486993	0.262130	47.604370	23.695302	-1000.000000	-1000.000000	-64.000000	-1000.000000	-64.000000	780.000000	3
2757	5	0	3	5	82.392867	0.785479	82.840478	0.321294	38.763967	19.840711	-1000.000000	-1000.000000	-64.000000	-1000.000000	-64.000000	780.000000	3
2758	6	0	3	5	81.247739	0.898437	80.817182	0.285813	42.049870	22.160954	-1000.000000	-1000.000000	-64.000000	-1000.000000	-64.000000	780.000000	3
2759	7	0	3	5	80.844380	0.512629	80.407296	0.227689	61.305831	36.070435	-1000.000000	-1000.000000	-64.000000	-1000.000000	-64.000000	780.000000	3
2816	0	1	0	5	79.902920	1.099432	79.994590	0.169875	23.943925	14.445309	-1000.000000	-1000.000000	-64.000000	-1000.000000	-64.000000	780.000000	3
2817	1	1	0	5	80.539586	1.115772	80.512977	0.240123	25.258642	17.814330	-1000.000000	-1000.000000	-64.000000	-1000.000000	-64.000000	780.000000	3
2818	2	1	0	5	80.599279	0.753480	80.223171	0.191778	25.569768	14.674806	-1000.000000	-1000.000000	-64.000000	-1000.000000	-64.000000	780.000000	3
2819	3	1	0	5	81.235861	0.890393	80.872346	0.292616	27.297085	15.347974	-1000.000000	-1000.000000	-64.000000	-1000.000000	-64.000000	780.000000	3
2820	4	1	0	5	82.098084	0.912757	82.258238	0.345468	38.288627	18.639489	-1000.000000	-1000.000000	-64.000000	-1000.000000	-64.000000	780.000000	3
2821	5	1	0	5	84.476240	0.788031	83.995314	0.152364	39.196233	19.213172	-1000.000000	-1000.000000	-64.000000	-1000.000000	-64.000000	780.000000	3
2822	6	1	0	5	81.086066	0.840627	81.048393	0.288564	50.816906	27.198447	-1000.000000	-1000.000000	-64.000000	-1000.000000	-64.000000	780.000000	3
2823	7	1	0	5	80.975373	1.093968	80.442269	0.226379	51.517163	29.271877	-1000.000000	-1000.000000	-64.000000	-1000.000000	-64.000000	780.000000	3
2880	0	1	1	5	78.833256	1.432053	79.182133	0.288752	23.241824	14.486137	-1000.000000	-1000.000000	-64.000000	-1000.000000	-64.000000	780.000000	3
2881	1	1	1	5	79.406077	1.078002	79.775724	0.202688	28.529636	17.047794	-1000.000000	-1000.000000	-64.000000	-1000.000000	-64.000000	780.000000	3
2882	2	1	1	5	82.005858	0.940106	81.984550	0.400049	23.891113	13.560452	-1000.000000	-1000.000000	-64.000000	-1000.000000	-64.000000	780.000000	3
2883	3	1	1	5	80.818225	0.500872	80.219628	0.189546	29.101120	17.590891	-1000.000000	-1000.000000	-64.000000	-1000.000000	-64.000000	780.000000	3
2884	4	1	1	5	75.327149	1.207950	75.664289	0.212523	35.550574	16.298421	-1000.000000	-1000.000000	-64.000000	-1000.000000	-64.000000	780.000000	3
2885	5	1	1	5	82.314198	0.913858	82.780932	0.316195	44.739044	22.416903	-1000.000000	-1000.000000	-64.000000	-1000.000000	-64.000000	780.000000	3
2886	6	1	1	5	83.527737	1.245033	83.705319	0.196584	40.985980	20.464380	-1000.000000	-1000.000000	-64.000000	-1000.000000	-64.000000	780.000000	3
2887	7	1	1	5	83.312470	1.366830	83.557198	0.226577	48.438420	28.599443	-1000.000000	-1000.000000	-64.000000	-1000.000000	-64.000000	780.000000	3
2944	0	1	2	5	80.805010	0.494424	80.239134	0.202768	26.303402	15.119918	-1000.000000	-1000.000000	-64.000000	-1000.000000	-64.000000	780.000000	3
2945	1	1	2	5	79.765583	1.093433	79.908529	0.184138	28.775014	17.732529	-1000.000000	-1000.000000	-64.000000	-1000.000000	-64.000000	780.000000	3
2946	2	1	2	5	80.465845	0.581911	79.966665	0.163095	28.352521	16.917976	-1000.000000	-1000.000000	-64.000000	-1000.000000	-64.000000	780.000000	3
2947	3	1	2	5	81.960361	0.981597	81.887098	0.399423	27.588320	15.205594	-1000.000000	-1000.000000	-64.000000	-1000.000000	-64.000000	780.000000	3
2948	4	1	2	5	83.476587	1.249702	83.751874	0.194145	37.534154	17.707662	-1000.000000	-1000.000000	-64.000000	-1000.000000	-64.000000	780.000000	3
2949	5	1	2	5	82.620485	1.256891	82.983609	0.312066	42.244387	20.323610	-1000.000000	-1000.000000	-64.000000	-1000.000000	-64.000000	780.000000	3
2950	6	1	2	5	83.287685	1.463804	83.348959	0.263622	39.360164	21.420215	-1000.000000	-1000.000000	-64.000000	-1000.000000	-64.000000	780.000000	3
2951	7	1	2	5	83.088288	1.415391	83.259279	0.276072	52.971135	28.962762	-1000.000000	-1000.000000	-64.000000	-1000.000000	-64.000000	780.000000	3
3008	0	1	3	5	79.750581	1.061157	79.768638	0.200525	25.581794	14.892558	-1000.000000	-1000.000000	-64.000000	-1000.000000	-64.000000	780.000000	3
3009	1	1	3	5	81.311334	0.868012	80.935702	0.314705	23.590388	20.186333	-1000.000000	-1000.000000	-64.000000	-1000.000000	-64.000000	780.000000	3
3010	2	1	3	5	73.648404	1.043730	73.497938	0.307108	26.551674	18.969366	-1000.000000	-1000.000000	-64.000000	-1000.000000	-64.000000	780.000000	3
3011	3	1	3	5	81.980103	0.894847	82.312868	0.360836	27.381055	15.651832	-1000.000000	-1000.000000	-64.000000	-1000.000000	-64.000000	780.000000	3
3012	4	1	3	5	76.222213	1.430371	75.999657	0.212742	44.139488	25.250079	-1000.000000	-1000.000000	-64.000000	-1000.000000	-64.000000	780.000000	3
3013	5	1	3	5	80.077069	1.236160	80.221419	0.202540	51.538579	29.711625	-1000.000000	-1000.000000	-64.000000	-1000.000000	-64.000000	780.000000	3
3014	6	1	3	5	82.295995	0.767876	82.691701	0.332094	39.338004	22.371912	-1000.000000	-1000.000000	-64.000000	-1000.000000	-64.000000	780.000000	3
3015	7	1	3	5	80.209915	1.190306	80.227933	0.200244	58.848471	33.979603	-1000.000000	-1000.000000	-64.000000	-1000.000000	-64.000000	780.000000	3
