#****************************************************************************************************************************************************************************************************************
#Calib info:
 	 RunNr: 472	 start time:0x7ffe8c6e0440	 RunNrPed: 471	 start time:0x7ffe8c6e0450	 RunNrMip: 472	 start time:0x7ffe8c6e0460	 Vop: 45	 Vov: 6.7	 BC calib set: 1
#****************************************************************************************************************************************************************************************************************
#cellID	layer	row	column	module	ped mean H	ped sig H	ped mean L	ped sig L	mip Scale H	mip Width H	mip Scale L	mip Width L	LG-HG	HG-LG	BC
#****************************************************************************************************************************************************************************************************************
0	0	0	0	0	80.565553	1.146010	80.395022	0.224871	20.008455	12.126508	-1000.000000	-1000.000000	-64.000000	-1000.000000	-64.000000	780.000000	3
1	1	0	0	0	90.116461	0.863647	90.416561	0.369867	18.637628	11.203054	-1000.000000	-1000.000000	-64.000000	-1000.000000	-64.000000	528.000000	3
2	2	0	0	0	81.198792	0.906082	80.888161	0.287896	24.455439	14.386269	-1000.000000	-1000.000000	-64.000000	-1000.000000	-64.000000	780.000000	3
3	3	0	0	0	75.239296	1.353992	75.562052	0.231736	26.029344	15.468935	-1000.000000	-1000.000000	-64.000000	-1000.000000	-64.000000	528.000000	3
4	4	0	0	0	81.237189	1.236480	81.181904	0.297432	37.144094	18.079419	-1000.000000	-1000.000000	-64.000000	-1000.000000	-64.000000	780.000000	3
5	5	0	0	0	78.650598	1.095114	79.139187	0.289287	36.857955	18.458857	-1000.000000	-1000.000000	-64.000000	-1000.000000	-64.000000	780.000000	3
6	6	0	0	0	82.180523	0.904656	82.697651	0.327007	46.181015	24.721310	-1000.000000	-1000.000000	-64.000000	-1000.000000	-64.000000	528.000000	3
7	7	0	0	0	80.746995	1.284484	80.420846	0.230473	50.518316	27.608912	-1000.000000	-1000.000000	-64.000000	-1000.000000	-64.000000	780.000000	3
64	0	0	1	0	80.302298	0.410869	79.644862	0.217262	22.078007	12.810845	-1000.000000	-1000.000000	-64.000000	-1000.000000	-64.000000	780.000000	3
65	1	0	1	0	79.486879	0.850275	79.871335	0.176423	20.396126	12.206698	-1000.000000	-1000.000000	-64.000000	-1000.000000	-64.000000	780.000000	3
66	2	0	1	0	81.024974	0.940346	80.796823	0.281557	28.114075	16.170131	-1000.000000	-1000.000000	-64.000000	-1000.000000	-64.000000	780.000000	3
67	3	0	1	0	81.628465	1.041546	81.217784	0.336319	26.181494	15.253317	-1000.000000	-1000.000000	-64.000000	-1000.000000	-64.000000	528.000000	3
68	4	0	1	0	89.720175	0.990108	89.738423	0.335482	34.234656	18.048021	-1000.000000	-1000.000000	-64.000000	-1000.000000	-64.000000	528.000000	3
69	5	0	1	0	81.442219	1.053796	81.339745	0.307690	41.356660	21.182060	-1000.000000	-1000.000000	-64.000000	-1000.000000	-64.000000	780.000000	3
70	6	0	1	0	82.822642	1.231983	83.237609	0.279117	39.345133	20.344880	-1000.000000	-1000.000000	-64.000000	-1000.000000	-64.000000	528.000000	3
71	7	0	1	0	77.745472	0.756702	77.602412	0.364166	47.408582	25.309788	-1000.000000	-1000.000000	-64.000000	-1000.000000	-64.000000	528.000000	3
128	0	0	2	0	80.732679	0.688124	80.201338	0.185770	21.434336	11.955201	-1000.000000	-1000.000000	-64.000000	-1000.000000	-64.000000	780.000000	3
129	1	0	2	0	80.929781	1.015990	80.585124	0.243837	22.951319	13.168271	-1000.000000	-1000.000000	-64.000000	-1000.000000	-64.000000	780.000000	3
130	2	0	2	0	81.962510	0.938957	81.947074	0.365174	22.605162	13.134018	-1000.000000	-1000.000000	-64.000000	-1000.000000	-64.000000	528.000000	3
131	3	0	2	0	81.766038	1.012477	81.626098	0.319213	28.420404	16.365485	-1000.000000	-1000.000000	-64.000000	-1000.000000	-64.000000	780.000000	3
132	4	0	2	0	83.759565	1.431015	83.741451	0.207798	33.741796	16.227063	-1000.000000	-1000.000000	-64.000000	-1000.000000	-64.000000	528.000000	3
133	5	0	2	0	81.549420	0.962935	81.420227	0.349687	36.828799	17.595942	-1000.000000	-1000.000000	-64.000000	-1000.000000	-64.000000	528.000000	3
134	6	0	2	0	82.313595	0.909842	82.798061	0.302605	46.723504	24.316367	-1000.000000	-1000.000000	-64.000000	-1000.000000	-64.000000	528.000000	3
135	7	0	2	0	83.003474	1.260134	83.453498	0.222895	50.189625	27.594289	-1000.000000	-1000.000000	-64.000000	-1000.000000	-64.000000	528.000000	3
192	0	0	3	0	81.835824	1.051731	81.990267	0.320825	20.402047	11.946016	-1000.000000	-1000.000000	-64.000000	-1000.000000	-64.000000	780.000000	3
193	1	0	3	0	81.073754	1.193619	80.915166	0.289907	21.913972	16.477787	-1000.000000	-1000.000000	-64.000000	-1000.000000	-64.000000	780.000000	3
194	2	0	3	0	81.617242	0.947565	81.286801	0.292449	26.272522	15.529012	-1000.000000	-1000.000000	-64.000000	-1000.000000	-64.000000	780.000000	3
195	3	0	3	0	80.783300	0.483038	80.222325	0.169488	24.228533	14.084414	-1000.000000	-1000.000000	-64.000000	-1000.000000	-64.000000	528.000000	3
196	4	0	3	0	81.831640	0.940799	81.828846	0.319510	33.939799	16.291371	-1000.000000	-1000.000000	-64.000000	-1000.000000	-64.000000	528.000000	3
197	5	0	3	0	81.628028	0.962716	81.486654	0.394636	40.779972	19.955834	-1000.000000	-1000.000000	-64.000000	-1000.000000	-64.000000	528.000000	3
198	6	0	3	0	80.848967	0.514557	80.471543	0.249031	51.060512	32.442762	-1000.000000	-1000.000000	-64.000000	-1000.000000	-64.000000	780.000000	3
199	7	0	3	0	82.924464	1.325476	83.291010	0.274696	49.502305	29.810025	-1000.000000	-1000.000000	-64.000000	-1000.000000	-64.000000	528.000000	3
256	0	1	0	0	82.505770	0.851085	82.917432	0.315356	19.672679	11.971323	-1000.000000	-1000.000000	-64.000000	-1000.000000	-64.000000	528.000000	3
257	1	1	0	0	90.551358	1.058930	91.200244	0.281575	21.346862	13.453150	-1000.000000	-1000.000000	-64.000000	-1000.000000	-64.000000	528.000000	3
258	2	1	0	0	81.595507	0.914571	81.183237	0.333555	23.688710	13.772296	-1000.000000	-1000.000000	-64.000000	-1000.000000	-64.000000	528.000000	3
259	3	1	0	0	81.680119	0.934231	81.551634	0.368507	25.766460	14.420053	-1000.000000	-1000.000000	-64.000000	-1000.000000	-64.000000	528.000000	3
260	4	1	0	0	76.367853	1.261704	76.004913	0.210037	34.027804	17.184938	-1000.000000	-1000.000000	-64.000000	-1000.000000	-64.000000	780.000000	3
261	5	1	0	0	90.622652	0.905052	91.054858	0.302212	39.568322	19.589498	-1000.000000	-1000.000000	-64.000000	-1000.000000	-64.000000	528.000000	3
262	6	1	0	0	82.320397	0.870377	82.659829	0.339533	47.823474	26.755642	-1000.000000	-1000.000000	-64.000000	-1000.000000	-64.000000	528.000000	3
263	7	1	0	0	82.143654	1.003334	82.390542	0.327679	53.216591	27.856836	-1000.000000	-1000.000000	-64.000000	-1000.000000	-64.000000	780.000000	3
320	0	1	1	0	80.464954	0.589886	79.927593	0.171014	20.364483	11.771097	-1000.000000	-1000.000000	-64.000000	-1000.000000	-64.000000	780.000000	3
321	1	1	1	0	81.796478	1.000208	81.885065	0.328518	22.113663	13.298578	-1000.000000	-1000.000000	-64.000000	-1000.000000	-64.000000	780.000000	3
322	2	1	1	0	81.386106	0.952799	81.052782	0.317021	25.706985	14.596201	-1000.000000	-1000.000000	-64.000000	-1000.000000	-64.000000	528.000000	3
323	3	1	1	0	81.454289	0.972981	81.266538	0.315655	25.695354	14.872410	-1000.000000	-1000.000000	-64.000000	-1000.000000	-64.000000	780.000000	3
324	4	1	1	0	81.580561	1.220340	81.455193	0.299769	38.599449	18.974587	-1000.000000	-1000.000000	-64.000000	-1000.000000	-64.000000	780.000000	3
325	5	1	1	0	82.445987	1.162837	82.788882	0.311432	42.898244	22.381720	-1000.000000	-1000.000000	-64.000000	-1000.000000	-64.000000	780.000000	3
326	6	1	1	0	83.090466	1.350373	83.489111	0.241482	41.229464	21.043143	-1000.000000	-1000.000000	-64.000000	-1000.000000	-64.000000	528.000000	3
327	7	1	1	0	81.066205	0.874623	80.904349	0.294009	53.539904	29.683373	-1000.000000	-1000.000000	-64.000000	-1000.000000	-64.000000	780.000000	3
384	0	1	2	0	81.344718	0.886064	81.155927	0.317060	21.738049	12.191753	-1000.000000	-1000.000000	-64.000000	-1000.000000	-64.000000	780.000000	3
385	1	1	2	0	82.391717	0.928439	82.804308	0.326180	23.754806	13.663078	-1000.000000	-1000.000000	-64.000000	-1000.000000	-64.000000	780.000000	3
386	2	1	2	0	80.926899	1.035598	80.551873	0.234594	24.637807	14.191455	-1000.000000	-1000.000000	-64.000000	-1000.000000	-64.000000	528.000000	3
387	3	1	2	0	65.555010	1.643884	65.576624	0.324876	25.264319	14.818618	-1000.000000	-1000.000000	-64.000000	-1000.000000	-64.000000	780.000000	3
388	4	1	2	0	82.807206	1.278648	83.043660	0.278281	34.244957	16.923568	-1000.000000	-1000.000000	-64.000000	-1000.000000	-64.000000	528.000000	3
389	5	1	2	0	82.081639	0.894874	82.389818	0.332689	39.740896	19.131154	-1000.000000	-1000.000000	-64.000000	-1000.000000	-64.000000	528.000000	3
390	6	1	2	0	81.724407	1.196980	81.835054	0.293057	51.623706	27.434825	-1000.000000	-1000.000000	-64.000000	-1000.000000	-64.000000	780.000000	3
391	7	1	2	0	82.038649	0.892938	82.315279	0.340292	50.087074	28.242915	-1000.000000	-1000.000000	-64.000000	-1000.000000	-64.000000	528.000000	3
448	0	1	3	0	86.425492	1.117995	86.753268	0.324331	21.534618	11.558072	-1000.000000	-1000.000000	-64.000000	-1000.000000	-64.000000	780.000000	3
449	1	1	3	0	81.485928	0.881740	81.358675	0.330274	22.728905	14.310287	-1000.000000	-1000.000000	-64.000000	-1000.000000	-64.000000	780.000000	3
450	2	1	3	0	81.867659	1.066515	81.785843	0.322913	26.272248	14.610196	-1000.000000	-1000.000000	-64.000000	-1000.000000	-64.000000	780.000000	3
451	3	1	3	0	81.980001	0.898672	82.309984	0.387613	23.440640	14.207193	-1000.000000	-1000.000000	-64.000000	-1000.000000	-64.000000	528.000000	3
452	4	1	3	0	83.146488	1.442426	83.480579	0.271816	35.532290	17.691546	-1000.000000	-1000.000000	-64.000000	-1000.000000	-64.000000	780.000000	3
453	5	1	3	0	73.956234	0.981725	74.003638	0.320914	40.438546	19.360344	-1000.000000	-1000.000000	-64.000000	-1000.000000	-64.000000	528.000000	3
454	6	1	3	0	81.264183	0.959269	80.873382	0.293861	44.910790	23.944188	-1000.000000	-1000.000000	-64.000000	-1000.000000	-64.000000	528.000000	3
455	7	1	3	0	81.422491	1.099777	81.343135	0.345128	48.445920	27.266901	-1000.000000	-1000.000000	-64.000000	-1000.000000	-64.000000	528.000000	3
512	0	0	0	1	81.621611	1.091018	81.519944	0.328563	20.643412	12.036842	-1000.000000	-1000.000000	-64.000000	-1000.000000	-64.000000	780.000000	3
513	1	0	0	1	95.562229	0.563214	96.116819	0.158333	21.927858	13.191097	-1000.000000	-1000.000000	-64.000000	-1000.000000	-64.000000	780.000000	3
514	2	0	0	1	82.139392	0.959564	82.291359	0.339971	23.795219	13.743336	-1000.000000	-1000.000000	-64.000000	-1000.000000	-64.000000	780.000000	3
515	3	0	0	1	81.700062	0.830087	81.515259	0.380630	27.244157	15.775354	-1000.000000	-1000.000000	-64.000000	-1000.000000	-64.000000	780.000000	3
516	4	0	0	1	83.697842	1.454845	83.796566	0.212153	31.455564	14.780547	-1000.000000	-1000.000000	-64.000000	-1000.000000	-64.000000	780.000000	3
517	5	0	0	1	82.714636	1.087797	83.222450	0.284346	30.896495	15.323646	-1000.000000	-1000.000000	-64.000000	-1000.000000	-64.000000	780.000000	3
518	6	0	0	1	84.612615	1.119902	84.248569	0.197931	41.681182	22.968802	-1000.000000	-1000.000000	-64.000000	-1000.000000	-64.000000	780.000000	3
519	7	0	0	1	82.454069	0.823984	82.965310	0.310674	46.842846	26.287763	-1000.000000	-1000.000000	-64.000000	-1000.000000	-64.000000	780.000000	3
576	0	0	1	1	90.599382	0.815083	91.279469	0.264120	20.229193	12.155646	-1000.000000	-1000.000000	-64.000000	-1000.000000	-64.000000	780.000000	3
577	1	0	1	1	81.922373	0.994053	82.041268	0.384936	22.292743	13.000254	-1000.000000	-1000.000000	-64.000000	-1000.000000	-64.000000	780.000000	3
578	2	0	1	1	81.102929	0.887010	80.827599	0.296225	24.691561	13.960065	-1000.000000	-1000.000000	-64.000000	-1000.000000	-64.000000	780.000000	3
579	3	0	1	1	82.416513	0.937638	82.659257	0.324352	24.228841	14.250377	-1000.000000	-1000.000000	-64.000000	-1000.000000	-64.000000	780.000000	3
580	4	0	1	1	82.172345	0.941018	82.365556	0.342614	30.136959	14.016696	-1000.000000	-1000.000000	-64.000000	-1000.000000	-64.000000	780.000000	3
581	5	0	1	1	82.866931	1.351598	83.149814	0.291726	35.178665	16.993889	-1000.000000	-1000.000000	-64.000000	-1000.000000	-64.000000	780.000000	3
582	6	0	1	1	84.871048	0.725774	84.347372	0.220781	42.662445	22.250975	-1000.000000	-1000.000000	-64.000000	-1000.000000	-64.000000	780.000000	3
583	7	0	1	1	83.343088	1.393190	83.559005	0.226756	49.405095	25.615822	-1000.000000	-1000.000000	-64.000000	-1000.000000	-64.000000	780.000000	3
640	0	0	2	1	83.485137	1.342344	83.778855	0.186239	19.953738	11.289359	-1000.000000	-1000.000000	-64.000000	-1000.000000	-64.000000	780.000000	3
641	1	0	2	1	80.963018	1.033758	80.633802	0.260156	23.869475	13.641523	-1000.000000	-1000.000000	-64.000000	-1000.000000	-64.000000	780.000000	3
642	2	0	2	1	81.359613	0.882179	80.998848	0.306488	23.373701	12.638006	-1000.000000	-1000.000000	-64.000000	-1000.000000	-64.000000	780.000000	3
643	3	0	2	1	82.141800	0.972592	82.365251	0.342678	21.900798	12.715353	-1000.000000	-1000.000000	-64.000000	-1000.000000	-64.000000	780.000000	3
644	4	0	2	1	83.257874	1.308342	83.667673	0.221300	32.679066	15.869369	-1000.000000	-1000.000000	-64.000000	-1000.000000	-64.000000	780.000000	3
645	5	0	2	1	82.614641	1.040025	82.949123	0.295649	35.869212	17.585181	-1000.000000	-1000.000000	-64.000000	-1000.000000	-64.000000	780.000000	3
646	6	0	2	1	82.761689	1.166515	83.062514	0.300518	45.878698	23.502790	-1000.000000	-1000.000000	-64.000000	-1000.000000	-64.000000	780.000000	3
647	7	0	2	1	83.634002	1.390612	83.721874	0.201718	44.200070	23.414715	-1000.000000	-1000.000000	-64.000000	-1000.000000	-64.000000	780.000000	3
704	0	0	3	1	81.547688	1.052239	81.329804	0.356280	20.601190	11.830161	-1000.000000	-1000.000000	-64.000000	-1000.000000	-64.000000	780.000000	3
705	1	0	3	1	84.765179	0.962956	84.359256	0.211202	22.490455	12.373705	-1000.000000	-1000.000000	-64.000000	-1000.000000	-64.000000	780.000000	3
706	2	0	3	1	82.338274	0.890730	82.559123	0.376733	21.994562	12.611523	-1000.000000	-1000.000000	-64.000000	-1000.000000	-64.000000	780.000000	3
707	3	0	3	1	82.040340	0.929186	81.941665	0.416883	22.917301	12.782135	-1000.000000	-1000.000000	-64.000000	-1000.000000	-64.000000	780.000000	3
708	4	0	3	1	83.649823	1.332353	83.842083	0.195436	33.575982	15.595915	-1000.000000	-1000.000000	-64.000000	-1000.000000	-64.000000	780.000000	3
709	5	0	3	1	84.118620	1.292245	84.153537	0.176948	37.255934	18.931131	-1000.000000	-1000.000000	-64.000000	-1000.000000	-64.000000	780.000000	3
710	6	0	3	1	83.026587	1.105561	83.584067	0.222227	38.978917	19.065076	-1000.000000	-1000.000000	-64.000000	-1000.000000	-64.000000	780.000000	3
711	7	0	3	1	84.749934	0.767494	84.097584	0.167766	42.675741	21.532947	-1000.000000	-1000.000000	-64.000000	-1000.000000	-64.000000	780.000000	3
768	0	1	0	1	82.254779	0.895300	82.621664	0.317582	20.430541	12.779734	-1000.000000	-1000.000000	-64.000000	-1000.000000	-64.000000	780.000000	3
769	1	1	0	1	82.640545	0.808579	83.141053	0.292848	22.145223	13.314037	-1000.000000	-1000.000000	-64.000000	-1000.000000	-64.000000	780.000000	3
770	2	1	0	1	85.371231	0.871053	85.005171	0.303858	24.557047	13.671099	-1000.000000	-1000.000000	-64.000000	-1000.000000	-64.000000	780.000000	3
771	3	1	0	1	81.514814	0.890355	81.238961	0.377604	26.021127	15.222609	-1000.000000	-1000.000000	-64.000000	-1000.000000	-64.000000	780.000000	3
772	4	1	0	1	83.372530	1.245214	83.683556	0.218077	33.902723	16.133772	-1000.000000	-1000.000000	-64.000000	-1000.000000	-64.000000	780.000000	3
773	5	1	0	1	82.083004	0.897288	82.200936	0.383070	33.426194	16.750793	-1000.000000	-1000.000000	-64.000000	-1000.000000	-64.000000	780.000000	3
774	6	1	0	1	84.727570	0.716319	84.064180	0.186021	37.500716	18.874597	-1000.000000	-1000.000000	-64.000000	-1000.000000	-64.000000	780.000000	3
775	7	1	0	1	83.297332	1.167262	83.683708	0.211456	48.818430	27.488009	-1000.000000	-1000.000000	-64.000000	-1000.000000	-64.000000	780.000000	3
832	0	1	1	1	82.123827	0.948109	82.480850	0.315689	21.847842	12.995742	-1000.000000	-1000.000000	-64.000000	-1000.000000	-64.000000	780.000000	3
833	1	1	1	1	82.299370	0.907560	82.678949	0.318751	23.440567	13.449757	-1000.000000	-1000.000000	-64.000000	-1000.000000	-64.000000	780.000000	3
834	2	1	1	1	81.991367	0.940756	81.925782	0.320499	23.906380	13.283315	-1000.000000	-1000.000000	-64.000000	-1000.000000	-64.000000	780.000000	3
835	3	1	1	1	82.900373	1.443440	83.121552	0.274748	21.643993	13.382847	-1000.000000	-1000.000000	-64.000000	-1000.000000	-64.000000	780.000000	3
836	4	1	1	1	65.212304	1.591641	65.105387	0.268765	34.159499	18.936163	-1000.000000	-1000.000000	-64.000000	-1000.000000	-64.000000	780.000000	3
837	5	1	1	1	82.459985	1.045533	82.952512	0.286295	34.366874	17.193222	-1000.000000	-1000.000000	-64.000000	-1000.000000	-64.000000	780.000000	3
838	6	1	1	1	83.057519	1.220947	83.402878	0.222041	43.008655	23.691614	-1000.000000	-1000.000000	-64.000000	-1000.000000	-64.000000	780.000000	3
839	7	1	1	1	83.414674	1.298403	83.566280	0.206829	47.252743	24.835570	-1000.000000	-1000.000000	-64.000000	-1000.000000	-64.000000	780.000000	3
896	0	1	2	1	82.986955	1.451361	83.286211	0.274654	20.337104	11.501664	-1000.000000	-1000.000000	-64.000000	-1000.000000	-64.000000	780.000000	3
897	1	1	2	1	81.157862	0.973532	80.882714	0.294002	21.938862	12.468767	-1000.000000	-1000.000000	-64.000000	-1000.000000	-64.000000	780.000000	3
898	2	1	2	1	83.357377	1.361789	83.501262	0.240371	22.702382	13.057044	-1000.000000	-1000.000000	-64.000000	-1000.000000	-64.000000	780.000000	3
899	3	1	2	1	81.509411	1.049332	81.176495	0.350967	25.354281	14.254124	-1000.000000	-1000.000000	-64.000000	-1000.000000	-64.000000	780.000000	3
900	4	1	2	1	83.216416	1.084399	83.552415	0.233179	32.139915	15.350665	-1000.000000	-1000.000000	-64.000000	-1000.000000	-64.000000	780.000000	3
901	5	1	2	1	82.613676	1.192036	83.011779	0.303529	37.931319	20.123748	-1000.000000	-1000.000000	-64.000000	-1000.000000	-64.000000	780.000000	3
902	6	1	2	1	82.707534	1.187624	83.176971	0.286732	38.281324	20.409297	-1000.000000	-1000.000000	-64.000000	-1000.000000	-64.000000	780.000000	3
903	7	1	2	1	84.468471	0.762992	84.032871	0.149812	47.691583	24.862944	-1000.000000	-1000.000000	-64.000000	-1000.000000	-64.000000	780.000000	3
960	0	1	3	1	80.433183	0.866449	80.086386	0.147136	21.115193	11.978581	-1000.000000	-1000.000000	-64.000000	-1000.000000	-64.000000	780.000000	3
961	1	1	3	1	81.418944	0.965007	81.359323	0.364710	23.040677	13.091781	-1000.000000	-1000.000000	-64.000000	-1000.000000	-64.000000	780.000000	3
962	2	1	3	1	81.619662	0.789902	81.596617	0.310171	24.836609	14.252388	-1000.000000	-1000.000000	-64.000000	-1000.000000	-64.000000	780.000000	3
963	3	1	3	1	80.899046	0.931095	80.422903	0.220535	23.416227	13.605143	-1000.000000	-1000.000000	-64.000000	-1000.000000	-64.000000	780.000000	3
964	4	1	3	1	82.212820	0.943478	82.481917	0.333952	30.415788	14.175294	-1000.000000	-1000.000000	-64.000000	-1000.000000	-64.000000	780.000000	3
965	5	1	3	1	83.757348	1.328450	83.850805	0.181105	35.092846	17.979608	-1000.000000	-1000.000000	-64.000000	-1000.000000	-64.000000	780.000000	3
966	6	1	3	1	83.405715	1.214693	83.795576	0.177491	41.069804	22.788493	-1000.000000	-1000.000000	-64.000000	-1000.000000	-64.000000	780.000000	3
967	7	1	3	1	25.606781	0.811907	40.000000	0.001218	-1000.000000	-1000.000000	-1000.000000	-1000.000000	-64.000000	-1000.000000	-64.000000	780.000000	0
1024	0	0	0	2	80.419436	1.216078	80.345273	0.212771	15.342836	9.080695	-1000.000000	-1000.000000	-64.000000	-1000.000000	-64.000000	780.000000	3
1025	1	0	0	2	94.189104	1.035232	94.310214	0.380361	22.567787	13.644563	-1000.000000	-1000.000000	-64.000000	-1000.000000	-64.000000	10.000000	3
1026	2	0	0	2	-1000.000000	-1000.000000	79.658878	0.215767	-1000.000000	-1000.000000	-1000.000000	-1000.000000	-64.000000	-1000.000000	-64.000000	780.000000	3
1027	3	0	0	2	81.365572	0.990884	81.026919	0.296512	25.793224	14.945830	-1000.000000	-1000.000000	-64.000000	-1000.000000	-64.000000	10.000000	3
1028	4	0	0	2	82.181942	1.000932	82.089031	0.316577	34.837584	17.335791	-1000.000000	-1000.000000	-64.000000	-1000.000000	-64.000000	780.000000	3
1029	5	0	0	2	82.053509	0.950015	82.248204	0.345824	37.560983	19.870802	-1000.000000	-1000.000000	-64.000000	-1000.000000	-64.000000	780.000000	3
1030	6	0	0	2	85.115440	0.997608	84.658446	0.266735	45.804668	27.305405	-1000.000000	-1000.000000	-64.000000	-1000.000000	-64.000000	10.000000	3
1031	7	0	0	2	80.286044	1.073223	80.026281	0.124153	-1000.000000	-1000.000000	-1000.000000	-1000.000000	-64.000000	-1000.000000	-64.000000	780.000000	0
1088	0	0	1	2	81.230198	0.947211	81.104621	0.303685	17.798927	11.332877	-1000.000000	-1000.000000	-64.000000	-1000.000000	-64.000000	780.000000	3
1089	1	0	1	2	81.168282	0.886074	80.589809	0.255096	25.299120	14.496902	-1000.000000	-1000.000000	-64.000000	-1000.000000	-64.000000	780.000000	3
1090	2	0	1	2	82.828309	1.368478	83.125703	0.290962	24.331691	14.277883	-1000.000000	-1000.000000	-64.000000	-1000.000000	-64.000000	780.000000	3
1091	3	0	1	2	82.890620	1.098209	83.419675	0.254421	25.283394	14.705160	-1000.000000	-1000.000000	-64.000000	-1000.000000	-64.000000	10.000000	3
1092	4	0	1	2	83.955581	1.307851	83.963930	0.182435	35.358309	17.452521	-1000.000000	-1000.000000	-64.000000	-1000.000000	-64.000000	10.000000	3
1093	5	0	1	2	82.247868	0.842228	82.521301	0.331627	33.109028	16.963783	-1000.000000	-1000.000000	-64.000000	-1000.000000	-64.000000	780.000000	3
1094	6	0	1	2	84.842887	0.774466	84.236914	0.195208	43.023423	22.570585	-1000.000000	-1000.000000	-64.000000	-1000.000000	-64.000000	10.000000	3
1095	7	0	1	2	82.002571	0.904089	82.342474	0.348632	55.855447	32.909426	-1000.000000	-1000.000000	-64.000000	-1000.000000	-64.000000	10.000000	3
1152	0	0	2	2	81.583812	1.004517	81.486768	0.314064	16.982120	10.810393	-1000.000000	-1000.000000	-64.000000	-1000.000000	-64.000000	780.000000	3
1153	1	0	2	2	81.554828	0.895829	81.052972	0.312489	24.231060	14.047445	-1000.000000	-1000.000000	-64.000000	-1000.000000	-64.000000	780.000000	3
1154	2	0	2	2	81.928667	0.985377	81.940675	0.329041	24.685398	14.244431	-1000.000000	-1000.000000	-64.000000	-1000.000000	-64.000000	10.000000	3
1155	3	0	2	2	82.179329	0.832944	82.517606	0.331987	27.660807	16.659354	-1000.000000	-1000.000000	-64.000000	-1000.000000	-64.000000	780.000000	3
1156	4	0	2	2	81.786788	0.982306	81.871048	0.328603	36.269854	17.524599	-1000.000000	-1000.000000	-64.000000	-1000.000000	-64.000000	10.000000	3
1157	5	0	2	2	82.480741	1.098681	82.938610	0.314252	39.928568	21.496210	-1000.000000	-1000.000000	-64.000000	-1000.000000	-64.000000	10.000000	3
1158	6	0	2	2	84.407626	1.062000	83.986974	0.176363	45.053159	22.649988	-1000.000000	-1000.000000	-64.000000	-1000.000000	-64.000000	10.000000	3
1159	7	0	2	2	84.618862	0.782465	84.080711	0.181648	55.329131	32.553517	-1000.000000	-1000.000000	-64.000000	-1000.000000	-64.000000	10.000000	3
1216	0	0	3	2	80.887457	0.995206	80.406487	0.224433	22.425719	13.483912	-1000.000000	-1000.000000	-64.000000	-1000.000000	-64.000000	780.000000	3
1217	1	0	3	2	81.299468	0.979945	80.868659	0.289374	24.957035	14.568732	-1000.000000	-1000.000000	-64.000000	-1000.000000	-64.000000	780.000000	3
1218	2	0	3	2	82.117570	0.921906	82.304385	0.344448	23.846132	14.635207	-1000.000000	-1000.000000	-64.000000	-1000.000000	-64.000000	780.000000	3
1219	3	0	3	2	84.527877	1.002905	84.030319	0.183443	26.169952	17.014541	-1000.000000	-1000.000000	-64.000000	-1000.000000	-64.000000	10.000000	3
1220	4	0	3	2	84.407558	1.155296	84.014093	0.213621	33.475454	17.218261	-1000.000000	-1000.000000	-64.000000	-1000.000000	-64.000000	10.000000	3
1221	5	0	3	2	84.792316	0.876909	84.253711	0.214264	40.506051	21.838240	-1000.000000	-1000.000000	-64.000000	-1000.000000	-64.000000	10.000000	3
1222	6	0	3	2	83.263502	1.750742	83.132026	0.290720	41.224019	20.986269	-1000.000000	-1000.000000	-64.000000	-1000.000000	-64.000000	780.000000	3
1223	7	0	3	2	82.665647	1.253770	83.044726	0.305795	52.040934	32.357589	-1000.000000	-1000.000000	-64.000000	-1000.000000	-64.000000	10.000000	3
1280	0	1	0	2	81.643872	1.072831	81.654132	0.343112	15.444983	10.004547	-1000.000000	-1000.000000	-64.000000	-1000.000000	-64.000000	10.000000	3
1281	1	1	0	2	80.705923	1.014165	80.293931	0.198573	22.349260	13.605453	-1000.000000	-1000.000000	-64.000000	-1000.000000	-64.000000	10.000000	3
1282	2	1	0	2	82.575949	1.047850	82.891532	0.317729	23.428742	13.822125	-1000.000000	-1000.000000	-64.000000	-1000.000000	-64.000000	10.000000	3
1283	3	1	0	2	88.042771	1.250519	87.933458	0.162467	24.742567	14.080289	-1000.000000	-1000.000000	-64.000000	-1000.000000	-64.000000	10.000000	3
1284	4	1	0	2	81.097951	0.905394	80.830989	0.290744	34.821516	16.264752	-1000.000000	-1000.000000	-64.000000	-1000.000000	-64.000000	780.000000	3
1285	5	1	0	2	82.300261	0.722418	82.600182	0.332706	35.570045	17.833341	-1000.000000	-1000.000000	-64.000000	-1000.000000	-64.000000	10.000000	3
1286	6	1	0	2	82.174205	0.945086	82.437086	0.362732	43.866315	26.934452	-1000.000000	-1000.000000	-64.000000	-1000.000000	-64.000000	10.000000	3
1287	7	1	0	2	82.595177	1.473512	82.810897	0.315520	55.915238	30.654068	-1000.000000	-1000.000000	-64.000000	-1000.000000	-64.000000	780.000000	3
1344	0	1	1	2	83.400148	1.538155	83.671444	0.219998	16.714220	10.830114	-1000.000000	-1000.000000	-64.000000	-1000.000000	-64.000000	780.000000	3
1345	1	1	1	2	81.396686	0.724573	80.892808	0.295918	25.924913	14.849598	-1000.000000	-1000.000000	-64.000000	-1000.000000	-64.000000	780.000000	3
1346	2	1	1	2	79.631961	1.166902	79.813364	0.176774	23.803728	14.214992	-1000.000000	-1000.000000	-64.000000	-1000.000000	-64.000000	10.000000	3
1347	3	1	1	2	82.267440	1.178726	82.239444	0.340951	25.835399	15.207677	-1000.000000	-1000.000000	-64.000000	-1000.000000	-64.000000	780.000000	3
1348	4	1	1	2	81.867523	0.982770	81.782415	0.346382	32.947875	15.720302	-1000.000000	-1000.000000	-64.000000	-1000.000000	-64.000000	780.000000	3
1349	5	1	1	2	83.190991	1.290106	83.563880	0.243052	39.514348	20.559642	-1000.000000	-1000.000000	-64.000000	-1000.000000	-64.000000	780.000000	3
1350	6	1	1	2	94.757675	0.982244	95.328065	0.266880	42.798470	28.304811	-1000.000000	-1000.000000	-64.000000	-1000.000000	-64.000000	10.000000	3
1351	7	1	1	2	95.317740	0.659951	95.808518	0.187347	54.142461	38.118655	-1000.000000	-1000.000000	-64.000000	-1000.000000	-64.000000	780.000000	3
1408	0	1	2	2	81.977749	0.923910	82.244357	0.362637	18.607550	11.943159	-1000.000000	-1000.000000	-64.000000	-1000.000000	-64.000000	780.000000	3
1409	1	1	2	2	82.552946	1.210324	82.887571	0.318345	25.265344	14.409675	-1000.000000	-1000.000000	-64.000000	-1000.000000	-64.000000	780.000000	3
1410	2	1	2	2	81.170354	1.121815	80.897036	0.295929	25.280559	14.598879	-1000.000000	-1000.000000	-64.000000	-1000.000000	-64.000000	10.000000	3
1411	3	1	2	2	80.147422	1.104605	80.006285	0.161273	25.944162	15.394109	-1000.000000	-1000.000000	-64.000000	-1000.000000	-64.000000	780.000000	3
1412	4	1	2	2	84.279317	1.302463	84.225868	0.208506	32.586897	16.310135	-1000.000000	-1000.000000	-64.000000	-1000.000000	-64.000000	10.000000	3
1413	5	1	2	2	84.966295	0.847493	84.345125	0.223665	37.917305	17.921037	-1000.000000	-1000.000000	-64.000000	-1000.000000	-64.000000	10.000000	3
1414	6	1	2	2	82.441878	0.706478	83.040232	0.305168	38.889844	19.694304	-1000.000000	-1000.000000	-64.000000	-1000.000000	-64.000000	780.000000	3
1415	7	1	2	2	84.153047	1.139108	83.817439	0.184250	54.427369	30.890883	-1000.000000	-1000.000000	-64.000000	-1000.000000	-64.000000	10.000000	3
1472	0	1	3	2	82.241682	0.933882	82.600220	0.337919	20.180899	12.438717	-1000.000000	-1000.000000	-64.000000	-1000.000000	-64.000000	780.000000	3
1473	1	1	3	2	85.991012	0.948483	86.291134	0.313480	24.237619	14.546932	-1000.000000	-1000.000000	-64.000000	-1000.000000	-64.000000	780.000000	3
1474	2	1	3	2	82.062817	1.016483	82.362699	0.338066	25.999457	15.438021	-1000.000000	-1000.000000	-64.000000	-1000.000000	-64.000000	780.000000	3
1475	3	1	3	2	82.279253	1.137733	82.636976	0.325824	27.204874	16.844517	-1000.000000	-1000.000000	-64.000000	-1000.000000	-64.000000	10.000000	3
1476	4	1	3	2	80.751689	1.390903	80.727958	0.275075	37.871867	18.346194	-1000.000000	-1000.000000	-64.000000	-1000.000000	-64.000000	780.000000	3
1477	5	1	3	2	82.837767	1.391607	83.244046	0.286650	37.998788	20.187103	-1000.000000	-1000.000000	-64.000000	-1000.000000	-64.000000	10.000000	3
1478	6	1	3	2	83.080539	1.309377	83.495663	0.259296	47.487655	26.278763	-1000.000000	-1000.000000	-64.000000	-1000.000000	-64.000000	10.000000	3
1479	7	1	3	2	82.526636	0.754110	83.041565	0.304385	52.936990	33.368644	-1000.000000	-1000.000000	-64.000000	-1000.000000	-64.000000	10.000000	3
1536	0	0	0	3	81.405993	1.076318	81.200605	0.291089	25.281668	14.066426	-1000.000000	-1000.000000	-64.000000	-1000.000000	-64.000000	528.000000	3
1537	1	0	0	3	81.747009	1.058372	81.858974	0.319826	23.532514	13.767326	-1000.000000	-1000.000000	-64.000000	-1000.000000	-64.000000	528.000000	3
1538	2	0	0	3	82.424071	1.075470	82.714075	0.332077	26.153704	14.762357	-1000.000000	-1000.000000	-64.000000	-1000.000000	-64.000000	528.000000	3
1539	3	0	0	3	82.424564	1.072593	82.697803	0.326701	21.757644	13.078422	-1000.000000	-1000.000000	-64.000000	-1000.000000	-64.000000	780.000000	3
1540	4	0	0	3	84.566570	1.464417	84.418942	0.253354	32.604389	15.883418	-1000.000000	-1000.000000	-64.000000	-1000.000000	-64.000000	528.000000	3
1541	5	0	0	3	49.697232	0.857590	49.106756	0.312035	37.186240	17.854303	-1000.000000	-1000.000000	-64.000000	-1000.000000	-64.000000	780.000000	3
1542	6	0	0	3	85.225137	0.969810	84.686594	0.269014	39.859892	21.511406	-1000.000000	-1000.000000	-64.000000	-1000.000000	-64.000000	780.000000	3
1543	7	0	0	3	84.869384	1.182230	84.344706	0.210199	47.545682	27.669633	-1000.000000	-1000.000000	-64.000000	-1000.000000	-64.000000	780.000000	3
1600	0	0	1	3	80.742607	0.748880	80.404315	0.224347	26.344525	14.434702	-1000.000000	-1000.000000	-64.000000	-1000.000000	-64.000000	528.000000	3
1601	1	0	1	3	81.002301	0.979859	80.777169	0.273702	26.613681	18.432158	-1000.000000	-1000.000000	-64.000000	-1000.000000	-64.000000	528.000000	3
1602	2	0	1	3	94.811468	0.950149	95.163483	0.292794	25.668767	15.097448	-1000.000000	-1000.000000	-64.000000	-1000.000000	-64.000000	780.000000	3
1603	3	0	1	3	81.365301	1.089547	81.005894	0.286787	20.286425	12.955520	-1000.000000	-1000.000000	-64.000000	-1000.000000	-64.000000	528.000000	3
1604	4	0	1	3	82.781893	1.045096	83.320681	0.271482	27.460558	13.306581	-1000.000000	-1000.000000	-64.000000	-1000.000000	-64.000000	780.000000	3
1605	5	0	1	3	82.202403	0.979256	82.603420	0.323252	33.956591	15.723195	-1000.000000	-1000.000000	-64.000000	-1000.000000	-64.000000	780.000000	3
1606	6	0	1	3	83.105245	1.380806	83.364446	0.250354	43.506601	21.748278	-1000.000000	-1000.000000	-64.000000	-1000.000000	-64.000000	528.000000	3
1607	7	0	1	3	83.428414	1.344015	83.651980	0.193979	48.531338	25.379202	-1000.000000	-1000.000000	-64.000000	-1000.000000	-64.000000	780.000000	3
1664	0	0	2	3	81.421649	0.891310	81.404420	0.310318	24.416623	13.292157	-1000.000000	-1000.000000	-64.000000	-1000.000000	-64.000000	528.000000	3
1665	1	0	2	3	82.702250	1.113167	83.030900	0.301083	23.411338	13.638527	-1000.000000	-1000.000000	-64.000000	-1000.000000	-64.000000	528.000000	3
1666	2	0	2	3	82.026393	0.921634	82.027479	0.408256	23.728363	13.058203	-1000.000000	-1000.000000	-64.000000	-1000.000000	-64.000000	780.000000	3
1667	3	0	2	3	81.131844	0.863700	80.868050	0.280108	18.434901	11.515607	-1000.000000	-1000.000000	-64.000000	-1000.000000	-64.000000	528.000000	3
1668	4	0	2	3	82.540158	1.133320	82.776960	0.315563	28.060605	13.390007	-1000.000000	-1000.000000	-64.000000	-1000.000000	-64.000000	528.000000	3
1669	5	0	2	3	81.479331	1.075757	81.371701	0.301257	36.046131	17.714294	-1000.000000	-1000.000000	-64.000000	-1000.000000	-64.000000	528.000000	3
1670	6	0	2	3	82.759960	1.123862	83.294057	0.270946	38.266897	18.205485	-1000.000000	-1000.000000	-64.000000	-1000.000000	-64.000000	780.000000	3
1671	7	0	2	3	83.911880	1.436082	83.904930	0.217906	51.493742	27.171018	-1000.000000	-1000.000000	-64.000000	-1000.000000	-64.000000	528.000000	3
1728	0	0	3	3	80.756633	0.882530	80.211850	0.166683	22.690298	14.610919	-1000.000000	-1000.000000	-64.000000	-1000.000000	-64.000000	780.000000	3
1729	1	0	3	3	82.755551	0.966144	83.248046	0.277490	23.506373	13.553985	-1000.000000	-1000.000000	-64.000000	-1000.000000	-64.000000	780.000000	3
1730	2	0	3	3	81.388359	0.862277	81.070569	0.347407	23.287415	13.264344	-1000.000000	-1000.000000	-64.000000	-1000.000000	-64.000000	780.000000	3
1731	3	0	3	3	81.180534	0.839348	80.687127	0.280601	17.501543	10.470982	-1000.000000	-1000.000000	-64.000000	-1000.000000	-64.000000	780.000000	3
1732	4	0	3	3	81.577585	1.068733	81.623127	0.300938	30.534121	14.413785	-1000.000000	-1000.000000	-64.000000	-1000.000000	-64.000000	528.000000	3
1733	5	0	3	3	90.574272	0.932997	91.105668	0.295951	37.812827	21.759946	-1000.000000	-1000.000000	-64.000000	-1000.000000	-64.000000	780.000000	3
1734	6	0	3	3	83.302744	1.188333	83.738366	0.185838	39.248920	18.686100	-1000.000000	-1000.000000	-64.000000	-1000.000000	-64.000000	780.000000	3
1735	7	0	3	3	82.999603	1.420514	83.438339	0.264800	50.634750	26.538490	-1000.000000	-1000.000000	-64.000000	-1000.000000	-64.000000	528.000000	3
1792	0	1	0	3	81.052361	1.040560	80.781131	0.283452	25.218949	14.067179	-1000.000000	-1000.000000	-64.000000	-1000.000000	-64.000000	528.000000	3
1793	1	1	0	3	82.383288	1.057513	82.736547	0.321047	25.834138	15.021968	-1000.000000	-1000.000000	-64.000000	-1000.000000	-64.000000	528.000000	3
1794	2	1	0	3	81.469592	0.971145	81.373949	0.321519	25.277536	14.336225	-1000.000000	-1000.000000	-64.000000	-1000.000000	-64.000000	528.000000	3
1795	3	1	0	3	65.485892	0.823523	64.946632	0.305544	17.487144	9.912417	-1000.000000	-1000.000000	-64.000000	-1000.000000	-64.000000	780.000000	3
1796	4	1	0	3	84.776864	1.185220	84.445794	0.234254	28.185191	13.674359	-1000.000000	-1000.000000	-64.000000	-1000.000000	-64.000000	780.000000	3
1797	5	1	0	3	84.841303	0.902970	84.247998	0.191088	36.089480	17.662722	-1000.000000	-1000.000000	-64.000000	-1000.000000	-64.000000	780.000000	3
1798	6	1	0	3	84.435752	1.331911	84.058848	0.229123	44.032102	22.428399	-1000.000000	-1000.000000	-64.000000	-1000.000000	-64.000000	528.000000	3
1799	7	1	0	3	84.393922	1.219532	84.144510	0.170824	46.336967	26.570465	-1000.000000	-1000.000000	-64.000000	-1000.000000	-64.000000	780.000000	3
1856	0	1	1	3	81.637701	0.980150	81.662968	0.354268	23.035358	12.981047	-1000.000000	-1000.000000	-64.000000	-1000.000000	-64.000000	528.000000	3
1857	1	1	1	3	82.778327	1.165772	83.152975	0.295329	24.639696	14.193684	-1000.000000	-1000.000000	-64.000000	-1000.000000	-64.000000	528.000000	3
1858	2	1	1	3	82.031084	0.910693	82.046524	0.399953	24.747495	14.735917	-1000.000000	-1000.000000	-64.000000	-1000.000000	-64.000000	780.000000	3
1859	3	1	1	3	81.152423	0.848524	80.823638	0.280428	18.975947	11.421831	-1000.000000	-1000.000000	-64.000000	-1000.000000	-64.000000	528.000000	3
1860	4	1	1	3	84.741070	1.195803	84.393841	0.220090	26.679574	12.703085	-1000.000000	-1000.000000	-64.000000	-1000.000000	-64.000000	780.000000	3
1861	5	1	1	3	84.387241	1.126891	84.021901	0.146923	33.109923	16.516270	-1000.000000	-1000.000000	-64.000000	-1000.000000	-64.000000	780.000000	3
1862	6	1	1	3	83.116968	1.240803	83.459478	0.246415	40.261011	19.477622	-1000.000000	-1000.000000	-64.000000	-1000.000000	-64.000000	780.000000	3
1863	7	1	1	3	85.422708	0.832318	85.108811	0.317009	50.840818	27.954051	-1000.000000	-1000.000000	-64.000000	-1000.000000	-64.000000	780.000000	3
1920	0	1	2	3	80.589452	0.685142	80.036337	0.176935	24.423771	13.666408	-1000.000000	-1000.000000	-64.000000	-1000.000000	-64.000000	528.000000	3
1921	1	1	2	3	81.517942	1.017452	81.219993	0.331226	25.283622	14.354189	-1000.000000	-1000.000000	-64.000000	-1000.000000	-64.000000	528.000000	3
1922	2	1	2	3	80.964467	0.797069	80.530352	0.243796	27.751526	15.784541	-1000.000000	-1000.000000	-64.000000	-1000.000000	-64.000000	528.000000	3
1923	3	1	2	3	80.974434	0.760594	80.464115	0.227507	17.434932	10.508690	-1000.000000	-1000.000000	-64.000000	-1000.000000	-64.000000	780.000000	3
1924	4	1	2	3	-1000.000000	-1000.000000	95.479659	0.240099	-1000.000000	-1000.000000	-1000.000000	-1000.000000	-64.000000	-1000.000000	-64.000000	780.000000	3
1925	5	1	2	3	83.651982	1.473036	83.861508	0.230427	37.584765	17.569307	-1000.000000	-1000.000000	-64.000000	-1000.000000	-64.000000	528.000000	3
1926	6	1	2	3	83.499343	1.198093	83.722673	0.188389	41.698338	20.296975	-1000.000000	-1000.000000	-64.000000	-1000.000000	-64.000000	780.000000	3
1927	7	1	2	3	83.169695	1.335697	83.368407	0.259500	44.318799	22.776292	-1000.000000	-1000.000000	-64.000000	-1000.000000	-64.000000	780.000000	3
1984	0	1	3	3	81.107837	0.951023	80.960644	0.298443	24.821185	13.749362	-1000.000000	-1000.000000	-64.000000	-1000.000000	-64.000000	528.000000	3
1985	1	1	3	3	82.661498	1.102764	83.101098	0.300509	23.549491	13.340803	-1000.000000	-1000.000000	-64.000000	-1000.000000	-64.000000	780.000000	3
1986	2	1	3	3	82.387084	1.199615	82.694527	0.325515	27.948542	15.805534	-1000.000000	-1000.000000	-64.000000	-1000.000000	-64.000000	528.000000	3
1987	3	1	3	3	80.976102	1.010095	80.406448	0.216455	18.816204	11.901335	-1000.000000	-1000.000000	-64.000000	-1000.000000	-64.000000	780.000000	3
1988	4	1	3	3	82.432128	1.169210	82.525224	0.343758	27.980350	13.307764	-1000.000000	-1000.000000	-64.000000	-1000.000000	-64.000000	528.000000	3
1989	5	1	3	3	81.960425	1.031824	82.016396	0.325136	38.279845	19.139855	-1000.000000	-1000.000000	-64.000000	-1000.000000	-64.000000	528.000000	3
1990	6	1	3	3	84.269347	1.176013	84.002552	0.144951	40.290706	19.906427	-1000.000000	-1000.000000	-64.000000	-1000.000000	-64.000000	780.000000	3
1991	7	1	3	3	82.756513	1.115579	83.044345	0.305478	49.439258	29.114500	-1000.000000	-1000.000000	-64.000000	-1000.000000	-64.000000	528.000000	3
2048	0	0	0	4	79.150067	1.003701	79.229268	0.281487	16.276830	10.337848	-1000.000000	-1000.000000	-64.000000	-1000.000000	-64.000000	780.000000	3
2049	1	0	0	4	81.073060	0.835048	80.679623	0.267661	27.468680	15.048791	-1000.000000	-1000.000000	-64.000000	-1000.000000	-64.000000	780.000000	3
2050	2	0	0	4	80.996671	0.750238	80.631364	0.258537	17.247299	11.642429	-1000.000000	-1000.000000	-64.000000	-1000.000000	-64.000000	780.000000	3
2051	3	0	0	4	82.355880	0.990014	82.709009	0.321530	21.845314	12.784241	-1000.000000	-1000.000000	-64.000000	-1000.000000	-64.000000	780.000000	3
2052	4	0	0	4	81.226897	1.165183	80.857994	0.255416	30.971914	14.405049	-1000.000000	-1000.000000	-64.000000	-1000.000000	-64.000000	780.000000	3
2053	5	0	0	4	82.024488	1.042307	82.252775	0.294066	33.406692	17.264713	-1000.000000	-1000.000000	-64.000000	-1000.000000	-64.000000	780.000000	3
2054	6	0	0	4	82.442505	0.878785	82.909358	0.280257	37.529612	20.306705	-1000.000000	-1000.000000	-64.000000	-1000.000000	-64.000000	780.000000	3
2055	7	0	0	4	81.403916	0.990796	81.167201	0.279715	39.902517	23.598608	-1000.000000	-1000.000000	-64.000000	-1000.000000	-64.000000	780.000000	3
2112	0	0	1	4	80.940061	0.544534	80.545778	0.231326	20.471090	12.732497	-1000.000000	-1000.000000	-64.000000	-1000.000000	-64.000000	780.000000	3
2113	1	0	1	4	81.254700	0.977355	80.778160	0.245740	24.320206	13.738836	-1000.000000	-1000.000000	-64.000000	-1000.000000	-64.000000	780.000000	3
2114	2	0	1	4	81.754429	1.020559	81.616500	0.304552	20.817281	12.962302	-1000.000000	-1000.000000	-64.000000	-1000.000000	-64.000000	780.000000	3
2115	3	0	1	4	81.972082	1.011573	82.179873	0.324416	24.827283	14.529753	-1000.000000	-1000.000000	-64.000000	-1000.000000	-64.000000	780.000000	3
2116	4	0	1	4	82.491777	1.027205	82.796614	0.298967	30.286788	14.382446	-1000.000000	-1000.000000	-64.000000	-1000.000000	-64.000000	780.000000	3
2117	5	0	1	4	81.778645	0.990647	81.613986	0.327854	31.848064	15.596511	-1000.000000	-1000.000000	-64.000000	-1000.000000	-64.000000	780.000000	3
2118	6	0	1	4	77.573462	0.846718	77.451123	0.335421	42.118018	25.331254	-1000.000000	-1000.000000	-64.000000	-1000.000000	-64.000000	780.000000	3
2119	7	0	1	4	83.235562	1.462743	83.490940	0.243527	41.834423	22.585698	-1000.000000	-1000.000000	-64.000000	-1000.000000	-64.000000	780.000000	3
2176	0	0	2	4	80.482110	0.656219	79.905577	0.184331	19.189722	11.557777	-1000.000000	-1000.000000	-64.000000	-1000.000000	-64.000000	780.000000	3
2177	1	0	2	4	82.747066	1.056197	83.221307	0.284147	22.193595	12.761605	-1000.000000	-1000.000000	-64.000000	-1000.000000	-64.000000	780.000000	3
2178	2	0	2	4	80.544030	0.766394	80.148204	0.159523	17.957213	12.965533	-1000.000000	-1000.000000	-64.000000	-1000.000000	-64.000000	780.000000	3
2179	3	0	2	4	85.124552	0.944881	84.531533	0.262772	26.034889	15.122016	-1000.000000	-1000.000000	-64.000000	-1000.000000	-64.000000	780.000000	3
2180	4	0	2	4	81.254469	1.084531	80.993401	0.306832	29.705019	14.065737	-1000.000000	-1000.000000	-64.000000	-1000.000000	-64.000000	780.000000	3
2181	5	0	2	4	81.537921	1.033854	81.385947	0.331646	34.372282	16.645013	-1000.000000	-1000.000000	-64.000000	-1000.000000	-64.000000	780.000000	3
2182	6	0	2	4	81.359297	0.926631	81.166478	0.326904	38.240887	20.809466	-1000.000000	-1000.000000	-64.000000	-1000.000000	-64.000000	780.000000	3
2183	7	0	2	4	82.255876	0.825660	82.768504	0.327154	40.852725	22.237408	-1000.000000	-1000.000000	-64.000000	-1000.000000	-64.000000	780.000000	3
2240	0	0	3	4	82.524146	1.012220	82.844530	0.317140	20.605374	13.844369	-1000.000000	-1000.000000	-64.000000	-1000.000000	-64.000000	780.000000	3
2241	1	0	3	4	81.066914	1.019118	80.692383	0.272685	24.936293	18.406785	-1000.000000	-1000.000000	-64.000000	-1000.000000	-64.000000	780.000000	3
2242	2	0	3	4	81.265167	0.904452	80.913947	0.298021	16.777995	10.859854	-1000.000000	-1000.000000	-64.000000	-1000.000000	-64.000000	780.000000	3
2243	3	0	3	4	81.153877	0.854976	80.857080	0.291283	24.136994	13.698213	-1000.000000	-1000.000000	-64.000000	-1000.000000	-64.000000	780.000000	3
2244	4	0	3	4	82.902415	1.064811	83.338507	0.272068	29.853915	14.978742	-1000.000000	-1000.000000	-64.000000	-1000.000000	-64.000000	780.000000	3
2245	5	0	3	4	81.631651	1.012477	81.509698	0.342973	32.758316	15.926647	-1000.000000	-1000.000000	-64.000000	-1000.000000	-64.000000	780.000000	3
2246	6	0	3	4	81.580578	1.087470	81.714807	0.303962	39.089181	20.509014	-1000.000000	-1000.000000	-64.000000	-1000.000000	-64.000000	780.000000	3
2247	7	0	3	4	82.905378	1.104328	83.311350	0.274319	44.780661	27.178701	-1000.000000	-1000.000000	-64.000000	-1000.000000	-64.000000	780.000000	3
2304	0	1	0	4	80.450842	0.780287	80.144700	0.168051	20.119412	14.338954	-1000.000000	-1000.000000	-64.000000	-1000.000000	-64.000000	780.000000	3
2305	1	1	0	4	81.257690	1.015723	80.923888	0.298875	26.077218	17.266064	-1000.000000	-1000.000000	-64.000000	-1000.000000	-64.000000	780.000000	3
2306	2	1	0	4	80.645049	0.842377	80.238741	0.180090	16.692634	11.505428	-1000.000000	-1000.000000	-64.000000	-1000.000000	-64.000000	780.000000	3
2307	3	1	0	4	81.510345	0.998382	81.348962	0.357546	24.204300	13.834701	-1000.000000	-1000.000000	-64.000000	-1000.000000	-64.000000	780.000000	3
2308	4	1	0	4	81.592119	1.095524	81.480179	0.322888	28.946820	15.786398	-1000.000000	-1000.000000	-64.000000	-1000.000000	-64.000000	780.000000	3
2309	5	1	0	4	81.936590	0.979003	81.801650	0.398120	33.613644	16.933905	-1000.000000	-1000.000000	-64.000000	-1000.000000	-64.000000	780.000000	3
2310	6	1	0	4	82.028029	0.968044	82.022985	0.365291	37.434445	20.121864	-1000.000000	-1000.000000	-64.000000	-1000.000000	-64.000000	780.000000	3
2311	7	1	0	4	80.919625	0.539190	80.622109	0.265925	43.133751	23.323268	-1000.000000	-1000.000000	-64.000000	-1000.000000	-64.000000	780.000000	3
2368	0	1	1	4	80.976082	0.810606	80.574040	0.257182	19.575048	12.034634	-1000.000000	-1000.000000	-64.000000	-1000.000000	-64.000000	780.000000	3
2369	1	1	1	4	81.509612	1.056764	81.213670	0.325783	23.632608	13.623581	-1000.000000	-1000.000000	-64.000000	-1000.000000	-64.000000	780.000000	3
2370	2	1	1	4	81.420680	0.934039	81.210775	0.353872	21.394519	13.770393	-1000.000000	-1000.000000	-64.000000	-1000.000000	-64.000000	780.000000	3
2371	3	1	1	4	81.661848	1.028633	81.408762	0.324056	23.189582	14.020703	-1000.000000	-1000.000000	-64.000000	-1000.000000	-64.000000	780.000000	3
2372	4	1	1	4	81.899573	1.033178	81.742612	0.326795	29.699630	14.583876	-1000.000000	-1000.000000	-64.000000	-1000.000000	-64.000000	780.000000	3
2373	5	1	1	4	80.710887	1.175866	80.444461	0.240656	36.131462	18.411006	-1000.000000	-1000.000000	-64.000000	-1000.000000	-64.000000	780.000000	3
2374	6	1	1	4	85.058627	0.874179	84.658179	0.266228	38.354036	19.414531	-1000.000000	-1000.000000	-64.000000	-1000.000000	-64.000000	780.000000	3
2375	7	1	1	4	82.416329	1.044982	82.751097	0.328632	36.468181	19.588599	-1000.000000	-1000.000000	-64.000000	-1000.000000	-64.000000	780.000000	3
2432	0	1	2	4	80.387325	0.727749	79.922413	0.168869	19.151526	13.827813	-1000.000000	-1000.000000	-64.000000	-1000.000000	-64.000000	780.000000	3
2433	1	1	2	4	81.197421	1.011682	80.931621	0.291637	26.772645	17.379230	-1000.000000	-1000.000000	-64.000000	-1000.000000	-64.000000	780.000000	3
2434	2	1	2	4	80.584120	0.809368	80.167363	0.164711	18.614846	12.776039	-1000.000000	-1000.000000	-64.000000	-1000.000000	-64.000000	780.000000	3
2435	3	1	2	4	80.867401	0.868774	80.544559	0.247776	22.459142	13.354262	-1000.000000	-1000.000000	-64.000000	-1000.000000	-64.000000	780.000000	3
2436	4	1	2	4	82.584839	1.084886	82.918004	0.316630	30.905671	14.827488	-1000.000000	-1000.000000	-64.000000	-1000.000000	-64.000000	780.000000	3
2437	5	1	2	4	82.308047	1.131294	82.702298	0.327101	32.363952	15.523116	-1000.000000	-1000.000000	-64.000000	-1000.000000	-64.000000	780.000000	3
2438	6	1	2	4	82.009118	1.039793	82.509074	0.315223	36.962945	19.029074	-1000.000000	-1000.000000	-64.000000	-1000.000000	-64.000000	780.000000	3
2439	7	1	2	4	81.088989	0.814930	80.719579	0.272894	39.380029	21.197444	-1000.000000	-1000.000000	-64.000000	-1000.000000	-64.000000	780.000000	3
2496	0	1	3	4	81.057247	0.949187	80.577811	0.254282	20.046464	15.897533	-1000.000000	-1000.000000	-64.000000	-1000.000000	-64.000000	780.000000	3
2497	1	1	3	4	81.384220	0.990640	81.054191	0.299532	22.829912	14.355441	-1000.000000	-1000.000000	-64.000000	-1000.000000	-64.000000	780.000000	3
2498	2	1	3	4	80.804574	0.906268	80.477066	0.233884	17.220831	11.454760	-1000.000000	-1000.000000	-64.000000	-1000.000000	-64.000000	780.000000	3
2499	3	1	3	4	82.441841	1.109557	82.967520	0.315178	24.463417	14.349084	-1000.000000	-1000.000000	-64.000000	-1000.000000	-64.000000	780.000000	3
2500	4	1	3	4	78.773749	1.090866	78.980584	0.296099	27.322666	13.907837	-1000.000000	-1000.000000	-64.000000	-1000.000000	-64.000000	780.000000	3
2501	5	1	3	4	82.385547	1.058257	82.561827	0.334798	34.900654	17.348825	-1000.000000	-1000.000000	-64.000000	-1000.000000	-64.000000	780.000000	3
2502	6	1	3	4	81.072170	1.063652	80.656694	0.261880	35.898258	19.606533	-1000.000000	-1000.000000	-64.000000	-1000.000000	-64.000000	780.000000	3
2503	7	1	3	4	81.589734	1.045372	81.650170	0.365780	40.733811	24.284675	-1000.000000	-1000.000000	-64.000000	-1000.000000	-64.000000	780.000000	3
2560	0	0	0	5	79.708742	1.144417	79.935515	0.172884	23.000375	13.601971	-1000.000000	-1000.000000	-64.000000	-1000.000000	-64.000000	780.000000	3
2561	1	0	0	5	80.751690	0.670168	80.634716	0.259714	27.526026	17.344024	-1000.000000	-1000.000000	-64.000000	-1000.000000	-64.000000	780.000000	3
2562	2	0	0	5	80.440223	1.088590	80.273325	0.205869	27.816009	15.886424	-1000.000000	-1000.000000	-64.000000	-1000.000000	-64.000000	780.000000	3
2563	3	0	0	5	81.662464	0.866474	81.507870	0.395792	23.704563	14.637340	-1000.000000	-1000.000000	-64.000000	-1000.000000	-64.000000	780.000000	3
2564	4	0	0	5	81.653877	1.094086	81.564356	0.300033	44.257005	21.845429	-1000.000000	-1000.000000	-64.000000	-1000.000000	-64.000000	780.000000	3
2565	5	0	0	5	83.331008	1.438437	83.575078	0.229213	39.790628	21.020766	-1000.000000	-1000.000000	-64.000000	-1000.000000	-64.000000	780.000000	3
2566	6	0	0	5	84.639647	0.846509	84.032223	0.162456	40.466459	23.196353	-1000.000000	-1000.000000	-64.000000	-1000.000000	-64.000000	780.000000	3
2567	7	0	0	5	83.092561	0.888546	83.672053	0.205480	51.082094	28.342943	-1000.000000	-1000.000000	-64.000000	-1000.000000	-64.000000	780.000000	3
2624	0	0	1	5	82.172926	0.908801	82.786177	0.331868	22.814625	13.344180	-1000.000000	-1000.000000	-64.000000	-1000.000000	-64.000000	780.000000	3
2625	1	0	1	5	83.630358	1.349754	83.857509	0.201994	26.714829	15.126754	-1000.000000	-1000.000000	-64.000000	-1000.000000	-64.000000	780.000000	3
2626	2	0	1	5	87.085972	1.253057	87.475018	0.243448	21.111590	12.001469	-1000.000000	-1000.000000	-64.000000	-1000.000000	-64.000000	780.000000	3
2627	3	0	1	5	79.976004	1.107503	80.074883	0.177175	28.409240	16.600877	-1000.000000	-1000.000000	-64.000000	-1000.000000	-64.000000	780.000000	3
2628	4	0	1	5	82.530685	1.133597	82.895341	0.317199	37.823376	18.373149	-1000.000000	-1000.000000	-64.000000	-1000.000000	-64.000000	780.000000	3
2629	5	0	1	5	83.524574	1.544077	83.555691	0.230873	39.661995	19.506793	-1000.000000	-1000.000000	-64.000000	-1000.000000	-64.000000	780.000000	3
2630	6	0	1	5	80.841768	0.511514	80.356623	0.219095	45.733480	23.894636	-1000.000000	-1000.000000	-64.000000	-1000.000000	-64.000000	780.000000	3
2631	7	0	1	5	84.318722	1.128350	83.903939	0.159083	46.255985	25.055625	-1000.000000	-1000.000000	-64.000000	-1000.000000	-64.000000	780.000000	3
2688	0	0	2	5	80.978119	0.897726	80.825428	0.259657	26.058385	14.461772	-1000.000000	-1000.000000	-64.000000	-1000.000000	-64.000000	780.000000	3
2689	1	0	2	5	80.929330	1.198780	80.717941	0.238142	24.675674	14.584398	-1000.000000	-1000.000000	-64.000000	-1000.000000	-64.000000	780.000000	3
2690	2	0	2	5	80.581274	0.980892	80.277591	0.178471	24.991780	14.377691	-1000.000000	-1000.000000	-64.000000	-1000.000000	-64.000000	780.000000	3
2691	3	0	2	5	81.259093	0.929715	81.243760	0.297729	29.465009	17.712929	-1000.000000	-1000.000000	-64.000000	-1000.000000	-64.000000	780.000000	3
2692	4	0	2	5	81.435556	1.117550	81.299294	0.263229	46.253440	23.462777	-1000.000000	-1000.000000	-64.000000	-1000.000000	-64.000000	780.000000	3
2693	5	0	2	5	80.860456	1.271730	80.643553	0.241302	50.629141	27.129604	-1000.000000	-1000.000000	-64.000000	-1000.000000	-64.000000	780.000000	3
2694	6	0	2	5	83.306346	1.338898	83.581211	0.207476	40.720057	20.760216	-1000.000000	-1000.000000	-64.000000	-1000.000000	-64.000000	780.000000	3
2695	7	0	2	5	81.213880	0.924198	81.016635	0.264938	59.041822	35.465645	-1000.000000	-1000.000000	-64.000000	-1000.000000	-64.000000	780.000000	3
2752	0	0	3	5	63.487820	0.581953	64.054086	0.141827	20.467105	12.459715	-1000.000000	-1000.000000	-64.000000	-1000.000000	-64.000000	780.000000	3
2753	1	0	3	5	79.904133	1.066242	79.922222	0.144413	22.528641	16.141096	-1000.000000	-1000.000000	-64.000000	-1000.000000	-64.000000	780.000000	3
2754	2	0	3	5	81.615701	0.952919	81.334755	0.393334	20.886950	12.312587	-1000.000000	-1000.000000	-64.000000	-1000.000000	-64.000000	780.000000	3
2755	3	0	3	5	91.474463	1.212043	91.734290	0.192346	27.035761	16.378889	-1000.000000	-1000.000000	-64.000000	-1000.000000	-64.000000	780.000000	3
2756	4	0	3	5	88.552969	1.015918	88.271688	0.251058	47.606184	25.430954	-1000.000000	-1000.000000	-64.000000	-1000.000000	-64.000000	780.000000	3
2757	5	0	3	5	82.418829	0.800010	82.873744	0.318747	38.731123	19.944123	-1000.000000	-1000.000000	-64.000000	-1000.000000	-64.000000	780.000000	3
2758	6	0	3	5	81.254933	0.928621	80.809888	0.299026	41.915948	21.393535	-1000.000000	-1000.000000	-64.000000	-1000.000000	-64.000000	780.000000	3
2759	7	0	3	5	80.832013	0.507234	80.361651	0.220766	60.099846	34.520153	-1000.000000	-1000.000000	-64.000000	-1000.000000	-64.000000	780.000000	3
2816	0	1	0	5	80.081476	1.101844	80.077587	0.174690	22.858449	13.638302	-1000.000000	-1000.000000	-64.000000	-1000.000000	-64.000000	780.000000	3
2817	1	1	0	5	80.591709	1.107756	80.525020	0.243274	25.090190	15.504901	-1000.000000	-1000.000000	-64.000000	-1000.000000	-64.000000	780.000000	3
2818	2	1	0	5	80.583405	0.742235	80.194558	0.185400	26.091120	15.588677	-1000.000000	-1000.000000	-64.000000	-1000.000000	-64.000000	780.000000	3
2819	3	1	0	5	81.395114	0.875478	81.123551	0.328451	26.458997	15.991520	-1000.000000	-1000.000000	-64.000000	-1000.000000	-64.000000	780.000000	3
2820	4	1	0	5	82.286959	0.871322	82.632138	0.335982	38.689998	18.654589	-1000.000000	-1000.000000	-64.000000	-1000.000000	-64.000000	780.000000	3
2821	5	1	0	5	84.538298	0.811545	84.035537	0.154302	38.861395	21.317053	-1000.000000	-1000.000000	-64.000000	-1000.000000	-64.000000	780.000000	3
2822	6	1	0	5	81.304632	0.921189	81.375853	0.309576	50.196094	26.897488	-1000.000000	-1000.000000	-64.000000	-1000.000000	-64.000000	780.000000	3
2823	7	1	0	5	81.062033	1.058946	80.484226	0.234380	52.058356	29.407356	-1000.000000	-1000.000000	-64.000000	-1000.000000	-64.000000	780.000000	3
2880	0	1	1	5	78.795844	1.469568	79.092642	0.289787	22.768941	13.554048	-1000.000000	-1000.000000	-64.000000	-1000.000000	-64.000000	780.000000	3
2881	1	1	1	5	79.245411	1.062100	79.637016	0.223132	27.749185	15.849774	-1000.000000	-1000.000000	-64.000000	-1000.000000	-64.000000	780.000000	3
2882	2	1	1	5	82.009053	0.962805	81.977659	0.384993	24.223787	13.702407	-1000.000000	-1000.000000	-64.000000	-1000.000000	-64.000000	780.000000	3
2883	3	1	1	5	80.879792	0.526474	80.361575	0.215509	28.382486	16.988832	-1000.000000	-1000.000000	-64.000000	-1000.000000	-64.000000	780.000000	3
2884	4	1	1	5	75.679396	1.237125	75.824447	0.185826	35.228612	16.527278	-1000.000000	-1000.000000	-64.000000	-1000.000000	-64.000000	780.000000	3
2885	5	1	1	5	82.356866	0.897588	82.865060	0.329795	43.659490	21.266701	-1000.000000	-1000.000000	-64.000000	-1000.000000	-64.000000	780.000000	3
2886	6	1	1	5	83.285991	1.206800	83.575307	0.223399	41.572021	23.747465	-1000.000000	-1000.000000	-64.000000	-1000.000000	-64.000000	780.000000	3
2887	7	1	1	5	83.323268	1.349538	83.565670	0.225337	47.362647	26.080723	-1000.000000	-1000.000000	-64.000000	-1000.000000	-64.000000	780.000000	3
2944	0	1	2	5	80.824932	0.504013	80.263232	0.207809	26.205602	14.412280	-1000.000000	-1000.000000	-64.000000	-1000.000000	-64.000000	780.000000	3
2945	1	1	2	5	80.015499	1.155035	80.049440	0.184685	27.304106	15.706172	-1000.000000	-1000.000000	-64.000000	-1000.000000	-64.000000	780.000000	3
2946	2	1	2	5	80.466460	0.583082	79.952693	0.165506	28.096540	16.114730	-1000.000000	-1000.000000	-64.000000	-1000.000000	-64.000000	780.000000	3
2947	3	1	2	5	82.143062	0.878345	82.173246	0.376688	26.148367	15.629850	-1000.000000	-1000.000000	-64.000000	-1000.000000	-64.000000	780.000000	3
2948	4	1	2	5	83.239392	1.212874	83.622233	0.219303	37.914834	18.933251	-1000.000000	-1000.000000	-64.000000	-1000.000000	-64.000000	780.000000	3
2949	5	1	2	5	82.636856	1.217162	82.986450	0.306754	41.656051	20.565201	-1000.000000	-1000.000000	-64.000000	-1000.000000	-64.000000	780.000000	3
2950	6	1	2	5	83.409047	1.547792	83.449803	0.247540	38.562941	19.968522	-1000.000000	-1000.000000	-64.000000	-1000.000000	-64.000000	780.000000	3
2951	7	1	2	5	83.249645	1.443701	83.367988	0.260356	53.393424	29.267118	-1000.000000	-1000.000000	-64.000000	-1000.000000	-64.000000	780.000000	3
3008	0	1	3	5	80.012899	1.142199	79.916433	0.184507	26.137830	14.921449	-1000.000000	-1000.000000	-64.000000	-1000.000000	-64.000000	780.000000	3
3009	1	1	3	5	81.281787	0.888428	80.888275	0.314435	23.641474	15.877770	-1000.000000	-1000.000000	-64.000000	-1000.000000	-64.000000	780.000000	3
3010	2	1	3	5	73.785872	1.033703	73.668035	0.320618	25.534637	15.140954	-1000.000000	-1000.000000	-64.000000	-1000.000000	-64.000000	780.000000	3
3011	3	1	3	5	82.141158	0.899998	82.656172	0.334325	27.148779	15.597390	-1000.000000	-1000.000000	-64.000000	-1000.000000	-64.000000	780.000000	3
3012	4	1	3	5	76.339703	1.366111	76.086272	0.238569	41.542229	19.995725	-1000.000000	-1000.000000	-64.000000	-1000.000000	-64.000000	780.000000	3
3013	5	1	3	5	80.247777	1.206280	80.313660	0.227716	49.827649	25.990239	-1000.000000	-1000.000000	-64.000000	-1000.000000	-64.000000	780.000000	3
3014	6	1	3	5	82.441409	0.789140	83.013912	0.305549	36.713091	19.819589	-1000.000000	-1000.000000	-64.000000	-1000.000000	-64.000000	780.000000	3
3015	7	1	3	5	80.273462	1.184313	80.240950	0.201300	58.199663	34.433411	-1000.000000	-1000.000000	-64.000000	-1000.000000	-64.000000	780.000000	3
