#****************************************************************************************************************************************************************************************************************
#Calib info:
 	 RunNr: 130	 start time:0x7ffce17f6020	 RunNrPed: 126	 start time:0x7ffce17f6030	 RunNrMip: 130	 start time:0x7ffce17f6040	 Vop: 43	 Vov: 4.7	 BC calib set: 1
#****************************************************************************************************************************************************************************************************************
#cellID	layer	row	column	module	ped mean H	ped sig H	ped mean L	ped sig L	mip Scale H	mip Width H	mip Scale L	mip Width L	LG-HG	HG-LG	BC
#****************************************************************************************************************************************************************************************************************
0	0	0	0	0	79.719064	2.479992	80.382836	0.352114	36.165412	24.887972	-1000.000000	-1000.000000	-64.000000	-1000.000000	-64.000000	10.000000	3
1	1	0	0	0	85.104836	1.763128	85.480343	0.347702	36.258869	23.001050	-1000.000000	-1000.000000	-64.000000	-1000.000000	-64.000000	10.000000	3
2	2	0	0	0	78.105754	3.193577	78.236157	0.371784	48.325867	44.882310	-1000.000000	-1000.000000	-64.000000	-1000.000000	-64.000000	10.000000	3
3	3	0	0	0	78.796059	2.204627	79.237823	0.334317	57.023945	38.800577	-1000.000000	-1000.000000	-64.000000	-1000.000000	-64.000000	10.000000	3
4	4	0	0	0	81.770225	3.760349	82.597119	0.423538	74.485518	54.748037	-1000.000000	-1000.000000	-64.000000	-1000.000000	-64.000000	10.000000	3
5	5	0	0	0	79.152125	2.859211	79.935679	0.371682	80.177343	54.284997	-1000.000000	-1000.000000	-64.000000	-1000.000000	-64.000000	10.000000	3
6	6	0	0	0	80.291043	2.160126	80.857706	0.337893	99.315243	74.896116	-1000.000000	-1000.000000	-64.000000	-1000.000000	-64.000000	10.000000	3
7	7	0	0	0	81.160218	2.760882	81.744143	0.368449	105.633565	73.509445	-1000.000000	-1000.000000	-64.000000	-1000.000000	-64.000000	10.000000	3
64	0	0	1	0	78.838937	2.866644	79.020815	0.360333	41.885903	27.839321	-1000.000000	-1000.000000	-64.000000	-1000.000000	-64.000000	10.000000	3
65	1	0	1	0	80.596688	2.672752	81.406533	0.361452	40.118634	27.256043	-1000.000000	-1000.000000	-64.000000	-1000.000000	-64.000000	10.000000	3
66	2	0	1	0	77.754199	2.732797	78.170235	0.351682	52.602088	40.472749	-1000.000000	-1000.000000	-64.000000	-1000.000000	-64.000000	10.000000	3
67	3	0	1	0	81.005397	1.903003	81.214788	0.314300	51.612907	31.758657	-1000.000000	-1000.000000	-64.000000	-1000.000000	-64.000000	10.000000	3
68	4	0	1	0	79.152317	2.426695	79.679159	0.357221	67.030827	37.998640	-1000.000000	-1000.000000	-64.000000	-1000.000000	-64.000000	10.000000	3
69	5	0	1	0	80.707121	2.754443	81.072504	0.377468	85.016407	68.665734	-1000.000000	-1000.000000	-64.000000	-1000.000000	-64.000000	10.000000	3
70	6	0	1	0	80.808276	0.496050	80.313297	0.291338	86.893794	53.273326	-1000.000000	-1000.000000	-64.000000	-1000.000000	-64.000000	10.000000	3
71	7	0	1	0	71.824151	2.262414	71.627524	0.307872	98.143133	67.856651	-1000.000000	-1000.000000	-64.000000	-1000.000000	-64.000000	10.000000	3
128	0	0	2	0	80.312264	2.581514	80.486678	0.346949	40.361690	22.679953	-1000.000000	-1000.000000	-64.000000	-1000.000000	-64.000000	10.000000	3
129	1	0	2	0	81.662012	2.653201	82.348905	0.365577	45.185225	32.004651	-1000.000000	-1000.000000	-64.000000	-1000.000000	-64.000000	10.000000	3
130	2	0	2	0	79.436281	2.094130	79.828528	0.320738	49.293659	32.477144	-1000.000000	-1000.000000	-64.000000	-1000.000000	-64.000000	10.000000	3
131	3	0	2	0	79.328973	2.616590	79.280767	0.339955	57.804398	41.192869	-1000.000000	-1000.000000	-64.000000	-1000.000000	-64.000000	10.000000	3
132	4	0	2	0	88.790065	2.788855	89.294997	0.369493	75.952140	58.402140	-1000.000000	-1000.000000	-64.000000	-1000.000000	-64.000000	10.000000	3
133	5	0	2	0	79.002491	2.287833	79.358502	0.324321	79.395384	50.346927	-1000.000000	-1000.000000	-64.000000	-1000.000000	-64.000000	10.000000	3
134	6	0	2	0	78.942962	2.435670	79.394130	0.336995	93.967992	66.907395	-1000.000000	-1000.000000	-64.000000	-1000.000000	-64.000000	10.000000	3
135	7	0	2	0	78.253109	2.319477	78.572624	0.335389	102.256706	77.876034	-1000.000000	-1000.000000	-64.000000	-1000.000000	-64.000000	10.000000	3
192	0	0	3	0	78.358420	2.824925	79.123889	0.362226	36.668691	25.156514	-1000.000000	-1000.000000	-64.000000	-1000.000000	-64.000000	10.000000	3
193	1	0	3	0	78.681849	2.529294	79.278329	0.351545	40.443692	29.127296	-1000.000000	-1000.000000	-64.000000	-1000.000000	-64.000000	10.000000	3
194	2	0	3	0	80.443311	2.259562	80.542730	0.344585	53.404651	41.557963	-1000.000000	-1000.000000	-64.000000	-1000.000000	-64.000000	10.000000	3
195	3	0	3	0	75.698600	2.099812	76.069961	0.310253	48.825244	35.910609	-1000.000000	-1000.000000	-64.000000	-1000.000000	-64.000000	10.000000	3
196	4	0	3	0	77.852927	2.406309	78.210703	0.345623	64.922196	45.935257	-1000.000000	-1000.000000	-64.000000	-1000.000000	-64.000000	10.000000	3
197	5	0	3	0	74.625568	2.278606	75.073895	0.336066	77.123108	59.705026	-1000.000000	-1000.000000	-64.000000	-1000.000000	-64.000000	10.000000	3
198	6	0	3	0	81.858448	2.885927	82.328405	0.383819	97.133300	67.787918	-1000.000000	-1000.000000	-64.000000	-1000.000000	-64.000000	10.000000	3
199	7	0	3	0	79.395214	2.206461	79.899974	0.342651	101.452491	81.420545	-1000.000000	-1000.000000	-64.000000	-1000.000000	-64.000000	10.000000	3
256	0	1	0	0	81.202397	2.149348	81.687290	0.319647	34.534298	20.120368	-1000.000000	-1000.000000	-64.000000	-1000.000000	-64.000000	10.000000	3
257	1	1	0	0	103.789907	2.402783	104.298515	0.362368	41.422606	25.922277	-1000.000000	-1000.000000	-64.000000	-1000.000000	-64.000000	10.000000	3
258	2	1	0	0	78.311815	2.134690	78.694026	0.336953	51.062895	29.317550	-1000.000000	-1000.000000	-64.000000	-1000.000000	-64.000000	10.000000	3
259	3	1	0	0	80.800948	1.629038	81.117621	0.317266	50.527782	28.575995	-1000.000000	-1000.000000	-64.000000	-1000.000000	-64.000000	10.000000	3
260	4	1	0	0	74.727683	3.291856	75.263506	0.398456	73.725032	36.771501	-1000.000000	-1000.000000	-64.000000	-1000.000000	-64.000000	10.000000	3
261	5	1	0	0	92.550475	2.587427	93.196116	0.337775	84.419493	49.474513	-1000.000000	-1000.000000	-64.000000	-1000.000000	-64.000000	10.000000	3
262	6	1	0	0	79.763172	2.206375	80.102655	0.333528	87.356089	43.137334	-1000.000000	-1000.000000	-64.000000	-1000.000000	-64.000000	10.000000	3
263	7	1	0	0	81.183054	2.141141	81.374601	0.345310	107.406041	61.697463	-1000.000000	-1000.000000	-64.000000	-1000.000000	-64.000000	10.000000	3
320	0	1	1	0	80.673663	2.239708	80.953159	0.353904	38.847262	22.385588	-1000.000000	-1000.000000	-64.000000	-1000.000000	-64.000000	10.000000	3
321	1	1	1	0	81.587077	2.725636	82.424428	0.369387	40.384595	24.578396	-1000.000000	-1000.000000	-64.000000	-1000.000000	-64.000000	10.000000	3
322	2	1	1	0	80.845479	2.148955	81.341792	0.321237	50.128117	28.247748	-1000.000000	-1000.000000	-64.000000	-1000.000000	-64.000000	10.000000	3
323	3	1	1	0	81.155135	1.850370	81.522448	0.345205	51.867098	30.109695	-1000.000000	-1000.000000	-64.000000	-1000.000000	-64.000000	10.000000	3
324	4	1	1	0	81.483735	3.673209	82.271171	0.414878	78.359643	42.035276	-1000.000000	-1000.000000	-64.000000	-1000.000000	-64.000000	10.000000	3
325	5	1	1	0	77.651451	3.432431	78.393111	0.391547	88.825226	50.122388	-1000.000000	-1000.000000	-64.000000	-1000.000000	-64.000000	10.000000	3
326	6	1	1	0	81.067712	1.313353	81.444676	0.332431	84.712273	43.271850	-1000.000000	-1000.000000	-64.000000	-1000.000000	-64.000000	10.000000	3
327	7	1	1	0	79.495012	2.752885	79.804369	0.355243	110.060249	67.330286	-1000.000000	-1000.000000	-64.000000	-1000.000000	-64.000000	10.000000	3
384	0	1	2	0	80.343373	2.630142	80.826041	0.363298	39.378337	22.043530	-1000.000000	-1000.000000	-64.000000	-1000.000000	-64.000000	10.000000	3
385	1	1	2	0	83.945452	2.817556	84.582093	0.359925	44.236679	26.557090	-1000.000000	-1000.000000	-64.000000	-1000.000000	-64.000000	10.000000	3
386	2	1	2	0	86.658020	2.371784	87.117258	0.341530	51.011102	29.649121	-1000.000000	-1000.000000	-64.000000	-1000.000000	-64.000000	10.000000	3
387	3	1	2	0	67.456532	2.843848	68.137255	0.361717	52.003857	30.015562	-1000.000000	-1000.000000	-64.000000	-1000.000000	-64.000000	10.000000	3
388	4	1	2	0	78.569877	2.527556	78.917779	0.345169	69.006218	34.713376	-1000.000000	-1000.000000	-64.000000	-1000.000000	-64.000000	10.000000	3
389	5	1	2	0	75.728829	2.231872	76.040468	0.329610	77.327922	39.123602	-1000.000000	-1000.000000	-64.000000	-1000.000000	-64.000000	10.000000	3
390	6	1	2	0	80.118697	2.849753	80.317793	0.371052	101.029438	58.336684	-1000.000000	-1000.000000	-64.000000	-1000.000000	-64.000000	10.000000	3
391	7	1	2	0	78.731478	2.386967	78.987968	0.311030	98.472282	51.306278	-1000.000000	-1000.000000	-64.000000	-1000.000000	-64.000000	10.000000	3
448	0	1	3	0	89.686628	2.758161	90.231202	0.367983	40.086450	24.392457	-1000.000000	-1000.000000	-64.000000	-1000.000000	-64.000000	10.000000	3
449	1	1	3	0	81.683265	2.528025	82.246784	0.355043	39.644361	23.992374	-1000.000000	-1000.000000	-64.000000	-1000.000000	-64.000000	10.000000	3
450	2	1	3	0	79.624018	2.327138	80.147504	0.347061	50.463038	29.646692	-1000.000000	-1000.000000	-64.000000	-1000.000000	-64.000000	10.000000	3
451	3	1	3	0	79.868109	2.017789	79.953855	0.293193	50.282579	28.141632	-1000.000000	-1000.000000	-64.000000	-1000.000000	-64.000000	10.000000	3
452	4	1	3	0	78.326707	3.493289	79.128538	0.407408	77.095236	40.902417	-1000.000000	-1000.000000	-64.000000	-1000.000000	-64.000000	10.000000	3
453	5	1	3	0	67.458797	2.817270	67.789470	0.353249	79.990154	38.182660	-1000.000000	-1000.000000	-64.000000	-1000.000000	-64.000000	10.000000	3
454	6	1	3	0	80.319538	2.382832	80.808017	0.346733	92.146813	53.538083	-1000.000000	-1000.000000	-64.000000	-1000.000000	-64.000000	10.000000	3
455	7	1	3	0	79.051417	2.152269	79.621356	0.339897	94.796736	52.296416	-1000.000000	-1000.000000	-64.000000	-1000.000000	-64.000000	10.000000	3
512	0	0	0	1	79.745623	2.067404	80.148990	0.281375	41.851970	35.893459	-1000.000000	-1000.000000	-64.000000	-1000.000000	-64.000000	270.000000	3
513	1	0	0	1	95.312181	1.752826	96.069313	0.291102	44.536594	31.498020	-1000.000000	-1000.000000	-64.000000	-1000.000000	-64.000000	270.000000	3
514	2	0	0	1	81.116829	2.009876	81.555447	0.290250	51.189886	34.025422	-1000.000000	-1000.000000	-64.000000	-1000.000000	-64.000000	270.000000	3
515	3	0	0	1	80.816391	0.499999	80.394692	0.290131	-1000.000000	-1000.000000	-1000.000000	-1000.000000	-64.000000	-1000.000000	-64.000000	780.000000	3
516	4	0	0	1	78.252970	2.598744	78.618235	0.320354	63.332970	50.781597	-1000.000000	-1000.000000	-64.000000	-1000.000000	-64.000000	270.000000	3
517	5	0	0	1	79.354808	2.179256	79.794424	0.288426	64.392237	50.404673	-1000.000000	-1000.000000	-64.000000	-1000.000000	-64.000000	780.000000	3
518	6	0	0	1	80.780385	2.093317	81.227020	0.295706	86.520514	69.758562	-1000.000000	-1000.000000	-64.000000	-1000.000000	-64.000000	780.000000	3
519	7	0	0	1	78.838588	1.984185	79.222276	0.294268	92.633542	67.376066	-1000.000000	-1000.000000	-64.000000	-1000.000000	-64.000000	780.000000	3
576	0	0	1	1	87.845825	2.374371	88.298704	0.302926	43.329823	30.069706	-1000.000000	-1000.000000	-64.000000	-1000.000000	-64.000000	270.000000	3
577	1	0	1	1	76.202956	2.413151	76.726396	0.302852	47.021141	40.588915	-1000.000000	-1000.000000	-64.000000	-1000.000000	-64.000000	270.000000	3
578	2	0	1	1	82.184169	1.836781	82.777400	0.308912	48.609132	34.095357	-1000.000000	-1000.000000	-64.000000	-1000.000000	-64.000000	780.000000	3
579	3	0	1	1	80.598635	1.974038	80.896573	0.287989	50.024053	31.377861	-1000.000000	-1000.000000	-64.000000	-1000.000000	-64.000000	270.000000	3
580	4	0	1	1	79.438090	2.202950	79.807684	0.308206	64.034020	37.148026	-1000.000000	-1000.000000	-64.000000	-1000.000000	-64.000000	780.000000	3
581	5	0	1	1	80.157675	2.115214	80.058567	0.317561	70.214670	38.411491	-1000.000000	-1000.000000	-64.000000	-1000.000000	-64.000000	780.000000	3
582	6	0	1	1	82.573845	2.461520	83.066160	0.301658	84.780987	63.529285	-1000.000000	-1000.000000	-64.000000	-1000.000000	-64.000000	270.000000	3
583	7	0	1	1	80.339589	1.616405	80.128795	0.290602	97.332663	59.136244	-1000.000000	-1000.000000	-64.000000	-1000.000000	-64.000000	780.000000	3
640	0	0	2	1	79.259303	2.187892	79.528107	0.273778	41.870654	27.287835	-1000.000000	-1000.000000	-64.000000	-1000.000000	-64.000000	270.000000	3
641	1	0	2	1	80.323146	2.078676	80.825698	0.291485	44.632865	28.546102	-1000.000000	-1000.000000	-64.000000	-1000.000000	-64.000000	270.000000	3
642	2	0	2	1	79.680467	1.932199	80.019319	0.289066	48.307914	33.613050	-1000.000000	-1000.000000	-64.000000	-1000.000000	-64.000000	780.000000	3
643	3	0	2	1	79.576267	2.124347	79.576424	0.281341	42.148941	25.918435	-1000.000000	-1000.000000	-64.000000	-1000.000000	-64.000000	270.000000	3
644	4	0	2	1	78.907862	2.281089	79.395883	0.289679	67.264931	56.347433	-1000.000000	-1000.000000	-64.000000	-1000.000000	-64.000000	270.000000	3
645	5	0	2	1	79.058124	2.323223	79.400570	0.296923	72.814100	46.146072	-1000.000000	-1000.000000	-64.000000	-1000.000000	-64.000000	270.000000	3
646	6	0	2	1	81.628209	1.566901	82.039418	0.318727	85.798985	65.406025	-1000.000000	-1000.000000	-64.000000	-1000.000000	-64.000000	780.000000	3
647	7	0	2	1	81.123460	1.545918	81.466472	0.276645	89.773004	64.883550	-1000.000000	-1000.000000	-64.000000	-1000.000000	-64.000000	270.000000	3
704	0	0	3	1	79.189869	1.860262	79.508331	0.289882	38.512220	30.478776	-1000.000000	-1000.000000	-64.000000	-1000.000000	-64.000000	780.000000	3
705	1	0	3	1	87.134838	2.199579	87.513017	0.312110	47.708181	40.713032	-1000.000000	-1000.000000	-64.000000	-1000.000000	-64.000000	780.000000	3
706	2	0	3	1	80.586597	1.855337	80.813543	0.291353	50.720041	38.770893	-1000.000000	-1000.000000	-64.000000	-1000.000000	-64.000000	780.000000	3
707	3	0	3	1	79.965583	1.815905	79.849523	0.278831	49.506243	50.511012	-1000.000000	-1000.000000	-64.000000	-1000.000000	-64.000000	780.000000	3
708	4	0	3	1	80.304822	2.304070	80.685624	0.299275	65.836162	52.382492	-1000.000000	-1000.000000	-64.000000	-1000.000000	-64.000000	270.000000	3
709	5	0	3	1	81.770559	1.908126	82.181701	0.311793	72.883801	48.734148	-1000.000000	-1000.000000	-64.000000	-1000.000000	-64.000000	780.000000	3
710	6	0	3	1	80.569364	1.679769	80.757528	0.307332	82.478018	59.520174	-1000.000000	-1000.000000	-64.000000	-1000.000000	-64.000000	780.000000	3
711	7	0	3	1	80.446943	1.608322	80.117897	0.272053	86.786246	69.643436	-1000.000000	-1000.000000	-64.000000	-1000.000000	-64.000000	270.000000	3
768	0	1	0	1	80.070791	2.145487	80.516438	0.282890	41.246385	23.545679	-1000.000000	-1000.000000	-64.000000	-1000.000000	-64.000000	270.000000	3
769	1	1	0	1	81.748129	1.981933	82.228341	0.296593	45.125891	26.733612	-1000.000000	-1000.000000	-64.000000	-1000.000000	-64.000000	270.000000	3
770	2	1	0	1	87.288396	2.364258	87.506235	0.297784	46.919127	26.683341	-1000.000000	-1000.000000	-64.000000	-1000.000000	-64.000000	270.000000	3
771	3	1	0	1	79.941299	2.017043	79.721873	0.299561	53.684158	30.456002	-1000.000000	-1000.000000	-64.000000	-1000.000000	-64.000000	780.000000	3
772	4	1	0	1	81.313203	2.209923	81.711639	0.305179	65.581639	29.775571	-1000.000000	-1000.000000	-64.000000	-1000.000000	-64.000000	780.000000	3
773	5	1	0	1	80.238325	1.901526	80.167090	0.302584	69.959467	35.573783	-1000.000000	-1000.000000	-64.000000	-1000.000000	-64.000000	780.000000	3
774	6	1	0	1	80.606579	1.953303	80.375215	0.289806	77.004070	37.402039	-1000.000000	-1000.000000	-64.000000	-1000.000000	-64.000000	270.000000	3
775	7	1	0	1	77.956552	2.098325	78.294076	0.290118	98.230855	56.631774	-1000.000000	-1000.000000	-64.000000	-1000.000000	-64.000000	780.000000	3
832	0	1	1	1	80.726488	1.858755	81.007421	0.285648	43.599812	23.849869	-1000.000000	-1000.000000	-64.000000	-1000.000000	-64.000000	270.000000	3
833	1	1	1	1	79.296244	2.106197	79.724807	0.290030	47.326016	26.543432	-1000.000000	-1000.000000	-64.000000	-1000.000000	-64.000000	270.000000	3
834	2	1	1	1	78.776043	1.897938	79.041011	0.290148	46.274469	26.382181	-1000.000000	-1000.000000	-64.000000	-1000.000000	-64.000000	780.000000	3
835	3	1	1	1	81.060420	0.924614	81.555600	0.282280	47.946009	27.579565	-1000.000000	-1000.000000	-64.000000	-1000.000000	-64.000000	270.000000	3
836	4	1	1	1	80.444534	2.223819	80.895354	0.303523	70.429242	34.151286	-1000.000000	-1000.000000	-64.000000	-1000.000000	-64.000000	780.000000	3
837	5	1	1	1	87.190070	2.226171	87.532984	0.312179	68.854624	33.620868	-1000.000000	-1000.000000	-64.000000	-1000.000000	-64.000000	780.000000	3
838	6	1	1	1	80.638259	1.664573	80.751698	0.301077	83.123017	40.855402	-1000.000000	-1000.000000	-64.000000	-1000.000000	-64.000000	780.000000	3
839	7	1	1	1	79.430994	2.047662	79.450716	0.293792	94.712314	47.523680	-1000.000000	-1000.000000	-64.000000	-1000.000000	-64.000000	780.000000	3
896	0	1	2	1	78.902680	2.405499	79.006335	0.276231	41.560378	23.074866	-1000.000000	-1000.000000	-64.000000	-1000.000000	-64.000000	270.000000	3
897	1	1	2	1	80.494741	2.029798	81.031198	0.289142	43.661364	25.297738	-1000.000000	-1000.000000	-64.000000	-1000.000000	-64.000000	270.000000	3
898	2	1	2	1	80.476860	1.730152	80.333415	0.283792	49.206830	27.070070	-1000.000000	-1000.000000	-64.000000	-1000.000000	-64.000000	270.000000	3
899	3	1	2	1	80.283130	1.767806	80.411534	0.290769	48.546258	27.691019	-1000.000000	-1000.000000	-64.000000	-1000.000000	-64.000000	780.000000	3
900	4	1	2	1	80.447970	2.009739	80.688558	0.310809	65.004900	31.933910	-1000.000000	-1000.000000	-64.000000	-1000.000000	-64.000000	780.000000	3
901	5	1	2	1	80.826386	2.109826	81.143456	0.305812	75.705524	39.676359	-1000.000000	-1000.000000	-64.000000	-1000.000000	-64.000000	270.000000	3
902	6	1	2	1	80.814981	0.559431	80.954798	0.309808	83.805168	44.221940	-1000.000000	-1000.000000	-64.000000	-1000.000000	-64.000000	780.000000	3
903	7	1	2	1	81.435005	1.209160	82.062090	0.331376	90.889817	47.575291	-1000.000000	-1000.000000	-64.000000	-1000.000000	-64.000000	780.000000	3
960	0	1	3	1	80.834007	1.835380	80.995380	0.282196	42.378070	22.261973	-1000.000000	-1000.000000	-64.000000	-1000.000000	-64.000000	270.000000	3
961	1	1	3	1	81.277655	1.315155	81.745896	0.321354	46.059470	24.703441	-1000.000000	-1000.000000	-64.000000	-1000.000000	-64.000000	780.000000	3
962	2	1	3	1	79.601740	2.294477	79.460128	0.278794	48.088788	27.311740	-1000.000000	-1000.000000	-64.000000	-1000.000000	-64.000000	270.000000	3
963	3	1	3	1	82.228561	1.867096	82.708925	0.290226	49.134534	27.130870	-1000.000000	-1000.000000	-64.000000	-1000.000000	-64.000000	780.000000	3
964	4	1	3	1	78.670764	2.648067	78.937517	0.335494	64.169050	30.500549	-1000.000000	-1000.000000	-64.000000	-1000.000000	-64.000000	270.000000	3
965	5	1	3	1	76.622819	2.235367	76.925952	0.293116	67.766550	35.224071	-1000.000000	-1000.000000	-64.000000	-1000.000000	-64.000000	270.000000	3
966	6	1	3	1	79.396354	2.078092	79.678511	0.300632	80.653239	42.887995	-1000.000000	-1000.000000	-64.000000	-1000.000000	-64.000000	780.000000	3
967	7	1	3	1	-1000.000000	-1000.000000	-1000.000000	-1000.000000	-1000.000000	-1000.000000	-1000.000000	-1000.000000	-64.000000	-1000.000000	-64.000000	270.000000	0
1024	0	0	0	2	78.897675	2.259236	79.358197	0.333711	36.327904	21.822593	-1000.000000	-1000.000000	-64.000000	-1000.000000	-64.000000	528.000000	3
1025	1	0	0	2	95.179352	1.225805	96.033952	0.302762	49.973504	31.625644	-1000.000000	-1000.000000	-64.000000	-1000.000000	-64.000000	780.000000	3
1026	2	0	0	2	62.799493	2.547325	62.977261	0.334416	50.939928	29.683820	-1000.000000	-1000.000000	-64.000000	-1000.000000	-64.000000	528.000000	3
1027	3	0	0	2	80.989781	2.152615	81.522334	0.312933	54.210457	31.167122	-1000.000000	-1000.000000	-64.000000	-1000.000000	-64.000000	780.000000	3
1028	4	0	0	2	79.255377	2.700882	79.651114	0.360168	74.309656	39.537962	-1000.000000	-1000.000000	-64.000000	-1000.000000	-64.000000	528.000000	3
1029	5	0	0	2	80.784269	2.516009	81.451840	0.341335	82.953538	50.481914	-1000.000000	-1000.000000	-64.000000	-1000.000000	-64.000000	528.000000	3
1030	6	0	0	2	81.089129	1.879022	81.477827	0.331638	86.297697	54.430394	-1000.000000	-1000.000000	-64.000000	-1000.000000	-64.000000	780.000000	3
1031	7	0	0	2	79.652358	1.121164	79.725112	0.199122	-1000.000000	-1000.000000	-1000.000000	-1000.000000	-64.000000	-1000.000000	-64.000000	528.000000	0
1088	0	0	1	2	79.470246	2.551201	79.549675	0.333604	35.095450	22.231843	-1000.000000	-1000.000000	-64.000000	-1000.000000	-64.000000	528.000000	3
1089	1	0	1	2	73.171305	1.807435	73.230526	0.322965	49.080627	28.175222	-1000.000000	-1000.000000	-64.000000	-1000.000000	-64.000000	528.000000	3
1090	2	0	1	2	82.041929	2.317480	82.543696	0.341509	51.541848	30.347865	-1000.000000	-1000.000000	-64.000000	-1000.000000	-64.000000	528.000000	3
1091	3	0	1	2	78.905456	2.009886	79.296009	0.304730	53.413294	30.469761	-1000.000000	-1000.000000	-64.000000	-1000.000000	-64.000000	780.000000	3
1092	4	0	1	2	80.098006	2.351055	80.636240	0.341748	70.935713	37.379513	-1000.000000	-1000.000000	-64.000000	-1000.000000	-64.000000	780.000000	3
1093	5	0	1	2	80.078989	2.423396	80.422013	0.343210	69.191711	37.730347	-1000.000000	-1000.000000	-64.000000	-1000.000000	-64.000000	528.000000	3
1094	6	0	1	2	80.853839	0.711510	80.860412	0.320882	92.355073	54.370612	-1000.000000	-1000.000000	-64.000000	-1000.000000	-64.000000	780.000000	3
1095	7	0	1	2	81.326798	1.108656	81.987405	0.315219	112.579643	73.859818	-1000.000000	-1000.000000	-64.000000	-1000.000000	-64.000000	780.000000	3
1152	0	0	2	2	77.943286	2.592332	78.289580	0.343960	37.141011	22.981383	-1000.000000	-1000.000000	-64.000000	-1000.000000	-64.000000	528.000000	3
1153	1	0	2	2	74.474829	2.171302	74.765587	0.321840	52.636722	29.838015	-1000.000000	-1000.000000	-64.000000	-1000.000000	-64.000000	528.000000	3
1154	2	0	2	2	80.145283	2.041725	80.549818	0.324503	51.015086	30.167722	-1000.000000	-1000.000000	-64.000000	-1000.000000	-64.000000	780.000000	3
1155	3	0	2	2	78.789416	2.654438	79.017995	0.331742	56.111478	34.896798	-1000.000000	-1000.000000	-64.000000	-1000.000000	-64.000000	528.000000	3
1156	4	0	2	2	81.034676	2.656172	81.733550	0.367629	74.520633	40.461654	-1000.000000	-1000.000000	-64.000000	-1000.000000	-64.000000	780.000000	3
1157	5	0	2	2	82.965881	2.361459	83.568537	0.346162	82.063055	46.898927	-1000.000000	-1000.000000	-64.000000	-1000.000000	-64.000000	780.000000	3
1158	6	0	2	2	82.903276	2.334935	83.289951	0.336463	91.680673	47.531186	-1000.000000	-1000.000000	-64.000000	-1000.000000	-64.000000	780.000000	3
1159	7	0	2	2	81.017381	1.162223	81.276900	0.325347	110.045506	70.775154	-1000.000000	-1000.000000	-64.000000	-1000.000000	-64.000000	780.000000	3
1216	0	0	3	2	78.185523	2.214217	78.395436	0.326920	44.710488	26.585281	-1000.000000	-1000.000000	-64.000000	-1000.000000	-64.000000	528.000000	3
1217	1	0	3	2	79.815699	2.253875	79.941471	0.333265	51.000714	30.204097	-1000.000000	-1000.000000	-64.000000	-1000.000000	-64.000000	528.000000	3
1218	2	0	3	2	78.931304	2.420057	79.253141	0.329848	53.710439	32.704864	-1000.000000	-1000.000000	-64.000000	-1000.000000	-64.000000	528.000000	3
1219	3	0	3	2	81.681583	1.507057	82.282526	0.325018	55.925754	32.624252	-1000.000000	-1000.000000	-64.000000	-1000.000000	-64.000000	780.000000	3
1220	4	0	3	2	81.933015	2.993583	82.498123	0.370087	73.567805	39.529480	-1000.000000	-1000.000000	-64.000000	-1000.000000	-64.000000	780.000000	3
1221	5	0	3	2	82.392855	2.185069	83.019100	0.332674	80.018532	44.381199	-1000.000000	-1000.000000	-64.000000	-1000.000000	-64.000000	780.000000	3
1222	6	0	3	2	80.465423	2.382268	80.387484	0.354269	84.884486	48.795084	-1000.000000	-1000.000000	-64.000000	-1000.000000	-64.000000	528.000000	3
1223	7	0	3	2	81.380552	2.431450	81.922550	0.339644	104.337971	71.363114	-1000.000000	-1000.000000	-64.000000	-1000.000000	-64.000000	780.000000	3
1280	0	1	0	2	81.897841	2.184720	82.567549	0.324514	33.511426	21.179889	-1000.000000	-1000.000000	-64.000000	-1000.000000	-64.000000	780.000000	3
1281	1	1	0	2	80.563627	2.183566	80.996218	0.331355	49.029251	28.387970	-1000.000000	-1000.000000	-64.000000	-1000.000000	-64.000000	780.000000	3
1282	2	1	0	2	81.723326	2.175642	82.173432	0.332012	50.041227	30.102958	-1000.000000	-1000.000000	-64.000000	-1000.000000	-64.000000	780.000000	3
1283	3	1	0	2	87.515182	2.107593	87.820334	0.311809	51.880456	30.665372	-1000.000000	-1000.000000	-64.000000	-1000.000000	-64.000000	780.000000	3
1284	4	1	0	2	80.692030	2.696694	81.045793	0.374880	73.465005	37.452289	-1000.000000	-1000.000000	-64.000000	-1000.000000	-64.000000	528.000000	3
1285	5	1	0	2	80.801584	2.356929	81.600906	0.331180	75.798720	35.112823	-1000.000000	-1000.000000	-64.000000	-1000.000000	-64.000000	780.000000	3
1286	6	1	0	2	79.064953	2.285994	79.381403	0.328204	89.684613	45.479785	-1000.000000	-1000.000000	-64.000000	-1000.000000	-64.000000	780.000000	3
1287	7	1	0	2	69.576544	2.829177	69.807055	0.351854	104.419484	65.450412	-1000.000000	-1000.000000	-64.000000	-1000.000000	-64.000000	528.000000	3
1344	0	1	1	2	79.721410	2.467530	79.988302	0.354823	35.965561	22.993628	-1000.000000	-1000.000000	-64.000000	-1000.000000	-64.000000	528.000000	3
1345	1	1	1	2	80.135440	2.068381	80.131615	0.325239	47.385820	28.588541	-1000.000000	-1000.000000	-64.000000	-1000.000000	-64.000000	528.000000	3
1346	2	1	1	2	73.613063	1.876018	74.004173	0.324131	48.848372	28.026985	-1000.000000	-1000.000000	-64.000000	-1000.000000	-64.000000	780.000000	3
1347	3	1	1	2	80.583484	2.025672	80.566203	0.344404	53.875874	31.569794	-1000.000000	-1000.000000	-64.000000	-1000.000000	-64.000000	528.000000	3
1348	4	1	1	2	80.262900	2.721244	80.853896	0.352857	72.537911	37.711787	-1000.000000	-1000.000000	-64.000000	-1000.000000	-64.000000	528.000000	3
1349	5	1	1	2	79.011133	2.432677	79.449725	0.354616	80.604710	46.619054	-1000.000000	-1000.000000	-64.000000	-1000.000000	-64.000000	528.000000	3
1350	6	1	1	2	99.478034	2.277191	100.121669	0.337177	87.474778	45.594141	-1000.000000	-1000.000000	-64.000000	-1000.000000	-64.000000	780.000000	3
1351	7	1	1	2	92.869267	2.636487	93.321634	0.346925	101.975282	55.401939	-1000.000000	-1000.000000	-64.000000	-1000.000000	-64.000000	528.000000	3
1408	0	1	2	2	80.986014	1.942028	81.413087	0.328453	42.549676	25.373669	-1000.000000	-1000.000000	-64.000000	-1000.000000	-64.000000	528.000000	3
1409	1	1	2	2	77.192026	2.169759	77.344391	0.330023	48.064635	27.754703	-1000.000000	-1000.000000	-64.000000	-1000.000000	-64.000000	528.000000	3
1410	2	1	2	2	79.287820	2.111823	79.859012	0.328787	54.240499	31.913632	-1000.000000	-1000.000000	-64.000000	-1000.000000	-64.000000	780.000000	3
1411	3	1	2	2	79.192210	2.220228	79.470111	0.340139	55.811040	32.427356	-1000.000000	-1000.000000	-64.000000	-1000.000000	-64.000000	528.000000	3
1412	4	1	2	2	84.375422	2.889757	85.145780	0.374727	72.136181	39.667058	-1000.000000	-1000.000000	-64.000000	-1000.000000	-64.000000	780.000000	3
1413	5	1	2	2	81.241884	1.362061	81.594238	0.335854	80.330811	42.726578	-1000.000000	-1000.000000	-64.000000	-1000.000000	-64.000000	780.000000	3
1414	6	1	2	2	79.175421	2.612681	79.400151	0.343470	83.219370	47.354268	-1000.000000	-1000.000000	-64.000000	-1000.000000	-64.000000	528.000000	3
1415	7	1	2	2	78.887951	2.281329	78.989112	0.315273	105.820066	58.809237	-1000.000000	-1000.000000	-64.000000	-1000.000000	-64.000000	780.000000	3
1472	0	1	3	2	80.912209	2.190423	81.373000	0.335698	41.650067	25.432549	-1000.000000	-1000.000000	-64.000000	-1000.000000	-64.000000	528.000000	3
1473	1	1	3	2	81.986323	2.306863	82.615752	0.334406	51.940283	30.605880	-1000.000000	-1000.000000	-64.000000	-1000.000000	-64.000000	528.000000	3
1474	2	1	3	2	78.476739	2.219411	78.819506	0.326723	52.987860	31.092289	-1000.000000	-1000.000000	-64.000000	-1000.000000	-64.000000	528.000000	3
1475	3	1	3	2	81.388855	1.095272	81.955320	0.336439	55.199650	31.376688	-1000.000000	-1000.000000	-64.000000	-1000.000000	-64.000000	780.000000	3
1476	4	1	3	2	67.647883	3.300393	68.193917	0.374732	72.000189	35.276304	-1000.000000	-1000.000000	-64.000000	-1000.000000	-64.000000	528.000000	3
1477	5	1	3	2	81.088441	2.710377	81.858267	0.358086	80.314266	45.502593	-1000.000000	-1000.000000	-64.000000	-1000.000000	-64.000000	780.000000	3
1478	6	1	3	2	81.139618	2.535754	81.878005	0.358209	90.002086	55.404288	-1000.000000	-1000.000000	-64.000000	-1000.000000	-64.000000	780.000000	3
1479	7	1	3	2	79.738856	2.100153	80.268448	0.326837	103.797546	68.585333	-1000.000000	-1000.000000	-64.000000	-1000.000000	-64.000000	780.000000	3
1536	0	0	0	3	80.184561	2.375478	80.478409	0.333281	49.754046	28.249243	-1000.000000	-1000.000000	-64.000000	-1000.000000	-64.000000	270.000000	3
1537	1	0	0	3	80.491878	2.192593	80.783516	0.335605	49.196715	29.292883	-1000.000000	-1000.000000	-64.000000	-1000.000000	-64.000000	270.000000	3
1538	2	0	0	3	80.770039	2.118804	81.016833	0.336173	50.944288	29.912460	-1000.000000	-1000.000000	-64.000000	-1000.000000	-64.000000	270.000000	3
1539	3	0	0	3	79.675595	1.969346	79.548532	0.274711	42.072338	25.057439	-1000.000000	-1000.000000	-64.000000	-1000.000000	-64.000000	528.000000	3
1540	4	0	0	3	77.000152	3.071793	77.378723	0.371605	64.131899	32.361134	-1000.000000	-1000.000000	-64.000000	-1000.000000	-64.000000	270.000000	3
1541	5	0	0	3	46.720372	1.912673	46.854830	0.330627	76.066601	38.894485	-1000.000000	-1000.000000	-64.000000	-1000.000000	-64.000000	528.000000	3
1542	6	0	0	3	79.561168	1.929676	79.862555	0.301481	79.082112	43.836153	-1000.000000	-1000.000000	-64.000000	-1000.000000	-64.000000	528.000000	3
1543	7	0	0	3	81.813020	1.655283	82.131327	0.334043	90.290748	45.214540	-1000.000000	-1000.000000	-64.000000	-1000.000000	-64.000000	528.000000	3
1600	0	0	1	3	78.446521	2.824604	78.744782	0.353485	52.261206	28.932287	-1000.000000	-1000.000000	-64.000000	-1000.000000	-64.000000	270.000000	3
1601	1	0	1	3	82.197464	2.401956	82.900174	0.342923	52.740722	30.787675	-1000.000000	-1000.000000	-64.000000	-1000.000000	-64.000000	270.000000	3
1602	2	0	1	3	102.793362	2.113262	103.088260	0.310153	54.015402	29.968496	-1000.000000	-1000.000000	-64.000000	-1000.000000	-64.000000	528.000000	3
1603	3	0	1	3	80.090784	2.446766	80.345837	0.342696	40.454129	25.081271	-1000.000000	-1000.000000	-64.000000	-1000.000000	-64.000000	270.000000	3
1604	4	0	1	3	79.749731	2.077516	80.130205	0.327876	53.054884	26.889700	-1000.000000	-1000.000000	-64.000000	-1000.000000	-64.000000	528.000000	3
1605	5	0	1	3	79.882352	2.390540	79.879474	0.351817	69.372779	32.480251	-1000.000000	-1000.000000	-64.000000	-1000.000000	-64.000000	528.000000	3
1606	6	0	1	3	80.237594	2.646684	80.462138	0.352802	83.909949	40.723885	-1000.000000	-1000.000000	-64.000000	-1000.000000	-64.000000	270.000000	3
1607	7	0	1	3	82.614563	1.953430	83.092224	0.304633	95.234867	56.331306	-1000.000000	-1000.000000	-64.000000	-1000.000000	-64.000000	528.000000	3
1664	0	0	2	3	79.763844	2.598777	80.044697	0.348213	51.589281	30.440978	-1000.000000	-1000.000000	-64.000000	-1000.000000	-64.000000	270.000000	3
1665	1	0	2	3	80.432666	2.296888	80.755470	0.331719	50.510974	29.107753	-1000.000000	-1000.000000	-64.000000	-1000.000000	-64.000000	270.000000	3
1666	2	0	2	3	80.906945	1.719621	81.021520	0.307946	47.922940	26.646644	-1000.000000	-1000.000000	-64.000000	-1000.000000	-64.000000	528.000000	3
1667	3	0	2	3	81.145134	1.852732	81.594619	0.343321	37.711303	24.721112	-1000.000000	-1000.000000	-64.000000	-1000.000000	-64.000000	270.000000	3
1668	4	0	2	3	79.284921	2.800216	79.739897	0.361943	57.390672	29.602362	-1000.000000	-1000.000000	-64.000000	-1000.000000	-64.000000	270.000000	3
1669	5	0	2	3	80.230417	2.744195	80.848485	0.360661	78.303005	41.881440	-1000.000000	-1000.000000	-64.000000	-1000.000000	-64.000000	270.000000	3
1670	6	0	2	3	80.724670	0.621129	80.315850	0.286792	82.048802	39.430521	-1000.000000	-1000.000000	-64.000000	-1000.000000	-64.000000	528.000000	3
1671	7	0	2	3	79.512535	2.779729	79.638616	0.338146	95.056902	50.000643	-1000.000000	-1000.000000	-64.000000	-1000.000000	-64.000000	270.000000	3
1728	0	0	3	3	79.947460	1.865998	80.100712	0.283509	45.376440	25.785959	-1000.000000	-1000.000000	-64.000000	-1000.000000	-64.000000	528.000000	3
1729	1	0	3	3	84.830676	2.051101	85.077344	0.322951	47.653725	27.513211	-1000.000000	-1000.000000	-64.000000	-1000.000000	-64.000000	528.000000	3
1730	2	0	3	3	80.685136	1.844065	81.014508	0.309758	48.398342	27.332138	-1000.000000	-1000.000000	-64.000000	-1000.000000	-64.000000	528.000000	3
1731	3	0	3	3	79.338563	2.020342	79.375154	0.285121	33.528659	20.899029	-1000.000000	-1000.000000	-64.000000	-1000.000000	-64.000000	528.000000	3
1732	4	0	3	3	80.559507	2.755150	80.999762	0.375441	59.259421	29.802554	-1000.000000	-1000.000000	-64.000000	-1000.000000	-64.000000	270.000000	3
1733	5	0	3	3	88.226118	2.053772	88.562353	0.311147	70.886797	33.650306	-1000.000000	-1000.000000	-64.000000	-1000.000000	-64.000000	528.000000	3
1734	6	0	3	3	81.914100	1.599151	82.483414	0.325052	81.919506	46.142511	-1000.000000	-1000.000000	-64.000000	-1000.000000	-64.000000	528.000000	3
1735	7	0	3	3	80.377106	2.401205	80.570928	0.346001	99.387288	51.665818	-1000.000000	-1000.000000	-64.000000	-1000.000000	-64.000000	270.000000	3
1792	0	1	0	3	79.192317	2.493665	79.526583	0.334155	49.303933	27.968753	-1000.000000	-1000.000000	-64.000000	-1000.000000	-64.000000	270.000000	3
1793	1	1	0	3	79.971383	2.412760	80.305409	0.335260	50.500453	30.493943	-1000.000000	-1000.000000	-64.000000	-1000.000000	-64.000000	270.000000	3
1794	2	1	0	3	81.691192	2.186277	82.187264	0.334531	51.906830	29.482781	-1000.000000	-1000.000000	-64.000000	-1000.000000	-64.000000	270.000000	3
1795	3	1	0	3	59.382390	2.017954	59.495527	0.297519	35.175463	21.009671	-1000.000000	-1000.000000	-64.000000	-1000.000000	-64.000000	528.000000	3
1796	4	1	0	3	81.361748	2.203096	81.814294	0.323199	55.484123	28.565218	-1000.000000	-1000.000000	-64.000000	-1000.000000	-64.000000	528.000000	3
1797	5	1	0	3	82.288946	1.890095	82.673480	0.321177	69.765519	33.444281	-1000.000000	-1000.000000	-64.000000	-1000.000000	-64.000000	528.000000	3
1798	6	1	0	3	80.886901	2.346947	80.869214	0.358821	88.905109	42.743440	-1000.000000	-1000.000000	-64.000000	-1000.000000	-64.000000	270.000000	3
1799	7	1	0	3	80.001714	1.991657	80.237164	0.311355	92.173716	55.434724	-1000.000000	-1000.000000	-64.000000	-1000.000000	-64.000000	528.000000	3
1856	0	1	1	3	79.510269	2.556898	79.856611	0.335751	51.826907	28.503162	-1000.000000	-1000.000000	-64.000000	-1000.000000	-64.000000	270.000000	3
1857	1	1	1	3	80.016787	2.446331	80.407953	0.337692	51.190000	29.879675	-1000.000000	-1000.000000	-64.000000	-1000.000000	-64.000000	270.000000	3
1858	2	1	1	3	80.147299	1.810382	80.293825	0.286734	50.415130	27.981661	-1000.000000	-1000.000000	-64.000000	-1000.000000	-64.000000	528.000000	3
1859	3	1	1	3	79.605880	2.660984	79.613849	0.339597	39.258845	24.079987	-1000.000000	-1000.000000	-64.000000	-1000.000000	-64.000000	270.000000	3
1860	4	1	1	3	80.931116	2.169046	81.349680	0.324517	56.786093	29.063216	-1000.000000	-1000.000000	-64.000000	-1000.000000	-64.000000	528.000000	3
1861	5	1	1	3	81.021619	1.223810	81.137473	0.313750	66.397921	32.581267	-1000.000000	-1000.000000	-64.000000	-1000.000000	-64.000000	528.000000	3
1862	6	1	1	3	79.999165	1.887858	79.852953	0.285121	80.574772	41.078699	-1000.000000	-1000.000000	-64.000000	-1000.000000	-64.000000	528.000000	3
1863	7	1	1	3	79.909629	1.927535	80.022444	0.290051	93.430568	47.068059	-1000.000000	-1000.000000	-64.000000	-1000.000000	-64.000000	528.000000	3
1920	0	1	2	3	78.613533	2.890158	78.742115	0.338270	50.837406	29.548426	-1000.000000	-1000.000000	-64.000000	-1000.000000	-64.000000	270.000000	3
1921	1	1	2	3	80.550465	2.397697	81.066369	0.337933	52.344601	30.518582	-1000.000000	-1000.000000	-64.000000	-1000.000000	-64.000000	270.000000	3
1922	2	1	2	3	81.287957	2.024731	81.519971	0.342415	53.898665	30.024281	-1000.000000	-1000.000000	-64.000000	-1000.000000	-64.000000	270.000000	3
1923	3	1	2	3	80.341115	1.559941	80.213806	0.275791	36.812274	22.761347	-1000.000000	-1000.000000	-64.000000	-1000.000000	-64.000000	528.000000	3
1924	4	1	2	3	89.288946	1.919537	89.597283	0.347533	53.443627	28.744881	-1000.000000	-1000.000000	-64.000000	-1000.000000	-64.000000	528.000000	3
1925	5	1	2	3	78.680718	3.289112	79.201738	0.369651	74.174460	34.896170	-1000.000000	-1000.000000	-64.000000	-1000.000000	-64.000000	270.000000	3
1926	6	1	2	3	81.552497	1.221893	82.073407	0.323689	83.100416	39.478764	-1000.000000	-1000.000000	-64.000000	-1000.000000	-64.000000	528.000000	3
1927	7	1	2	3	78.327365	1.957889	78.429768	0.323804	87.039877	48.074736	-1000.000000	-1000.000000	-64.000000	-1000.000000	-64.000000	528.000000	3
1984	0	1	3	3	81.239327	2.307025	81.788916	0.345450	51.153748	30.190312	-1000.000000	-1000.000000	-64.000000	-1000.000000	-64.000000	270.000000	3
1985	1	1	3	3	79.909000	1.842628	79.890029	0.277431	48.658236	27.249946	-1000.000000	-1000.000000	-64.000000	-1000.000000	-64.000000	528.000000	3
1986	2	1	3	3	79.890896	2.711002	79.914073	0.346556	57.036517	33.009621	-1000.000000	-1000.000000	-64.000000	-1000.000000	-64.000000	270.000000	3
1987	3	1	3	3	80.309081	1.949303	80.514151	0.301010	37.285539	22.131819	-1000.000000	-1000.000000	-64.000000	-1000.000000	-64.000000	528.000000	3
1988	4	1	3	3	79.977107	2.949660	80.342522	0.373873	57.764371	29.754097	-1000.000000	-1000.000000	-64.000000	-1000.000000	-64.000000	270.000000	3
1989	5	1	3	3	79.944431	2.622985	80.461147	0.351326	78.069531	41.847948	-1000.000000	-1000.000000	-64.000000	-1000.000000	-64.000000	270.000000	3
1990	6	1	3	3	78.552819	2.003005	78.675431	0.316510	78.797037	43.139134	-1000.000000	-1000.000000	-64.000000	-1000.000000	-64.000000	528.000000	3
1991	7	1	3	3	80.777572	2.463455	81.078944	0.338376	103.117903	63.691875	-1000.000000	-1000.000000	-64.000000	-1000.000000	-64.000000	270.000000	3
2048	0	0	0	4	62.680815	1.311223	62.679660	0.303703	39.268792	28.729855	-1000.000000	-1000.000000	-64.000000	-1000.000000	-64.000000	528.000000	3
2049	1	0	0	4	80.714464	1.593959	80.760195	0.311297	52.259569	29.831175	-1000.000000	-1000.000000	-64.000000	-1000.000000	-64.000000	528.000000	3
2050	2	0	0	4	78.666323	2.617645	78.729388	0.327840	36.504802	25.910939	-1000.000000	-1000.000000	-64.000000	-1000.000000	-64.000000	528.000000	3
2051	3	0	0	4	77.080944	2.222595	77.407911	0.327228	44.663387	25.416360	-1000.000000	-1000.000000	-64.000000	-1000.000000	-64.000000	528.000000	3
2052	4	0	0	4	80.408642	2.636586	80.734665	0.347767	62.484732	32.852502	-1000.000000	-1000.000000	-64.000000	-1000.000000	-64.000000	528.000000	3
2053	5	0	0	4	79.926932	2.390168	80.365956	0.328709	69.015713	37.643214	-1000.000000	-1000.000000	-64.000000	-1000.000000	-64.000000	528.000000	3
2054	6	0	0	4	80.301821	2.019267	80.625913	0.317021	71.691583	36.284558	-1000.000000	-1000.000000	-64.000000	-1000.000000	-64.000000	528.000000	3
2055	7	0	0	4	80.369618	2.161770	80.594439	0.333108	79.478392	50.332714	-1000.000000	-1000.000000	-64.000000	-1000.000000	-64.000000	528.000000	3
2112	0	0	1	4	80.457069	2.229030	80.314364	0.340157	40.088556	24.843725	-1000.000000	-1000.000000	-64.000000	-1000.000000	-64.000000	528.000000	3
2113	1	0	1	4	79.094783	2.302216	79.313766	0.326448	50.091333	28.504333	-1000.000000	-1000.000000	-64.000000	-1000.000000	-64.000000	528.000000	3
2114	2	0	1	4	80.736888	1.891502	80.722853	0.332447	42.847922	25.929793	-1000.000000	-1000.000000	-64.000000	-1000.000000	-64.000000	528.000000	3
2115	3	0	1	4	80.447216	1.964286	80.802759	0.321429	52.394558	32.061588	-1000.000000	-1000.000000	-64.000000	-1000.000000	-64.000000	528.000000	3
2116	4	0	1	4	82.280714	2.293469	82.797100	0.332260	63.873951	33.504549	-1000.000000	-1000.000000	-64.000000	-1000.000000	-64.000000	528.000000	3
2117	5	0	1	4	82.615536	2.804332	82.905471	0.357723	70.935278	37.647145	-1000.000000	-1000.000000	-64.000000	-1000.000000	-64.000000	528.000000	3
2118	6	0	1	4	80.778063	0.508341	80.228705	0.325880	85.197834	48.061247	-1000.000000	-1000.000000	-64.000000	-1000.000000	-64.000000	528.000000	3
2119	7	0	1	4	79.960090	2.082783	79.861222	0.314497	88.687582	55.119201	-1000.000000	-1000.000000	-64.000000	-1000.000000	-64.000000	528.000000	3
2176	0	0	2	4	80.550742	2.160535	80.513427	0.325986	37.734637	23.378077	-1000.000000	-1000.000000	-64.000000	-1000.000000	-64.000000	528.000000	3
2177	1	0	2	4	78.210844	2.382089	78.530670	0.318136	47.216976	26.639840	-1000.000000	-1000.000000	-64.000000	-1000.000000	-64.000000	528.000000	3
2178	2	0	2	4	80.719513	1.751491	80.891467	0.301071	37.498611	24.832173	-1000.000000	-1000.000000	-64.000000	-1000.000000	-64.000000	528.000000	3
2179	3	0	2	4	78.635054	2.957693	78.582455	0.347484	51.803445	29.245473	-1000.000000	-1000.000000	-64.000000	-1000.000000	-64.000000	528.000000	3
2180	4	0	2	4	79.656611	2.296094	80.083145	0.326190	58.906735	30.878730	-1000.000000	-1000.000000	-64.000000	-1000.000000	-64.000000	528.000000	3
2181	5	0	2	4	81.215260	1.789168	81.625141	0.326107	70.183706	33.641970	-1000.000000	-1000.000000	-64.000000	-1000.000000	-64.000000	528.000000	3
2182	6	0	2	4	81.172906	1.578631	81.545883	0.324168	78.506372	43.921838	-1000.000000	-1000.000000	-64.000000	-1000.000000	-64.000000	528.000000	3
2183	7	0	2	4	80.231761	1.908823	80.265209	0.313773	83.429496	52.071893	-1000.000000	-1000.000000	-64.000000	-1000.000000	-64.000000	528.000000	3
2240	0	0	3	4	79.735913	2.240257	79.923104	0.337666	40.266002	24.769297	-1000.000000	-1000.000000	-64.000000	-1000.000000	-64.000000	528.000000	3
2241	1	0	3	4	79.347059	2.518047	79.567432	0.339410	48.809148	31.106718	-1000.000000	-1000.000000	-64.000000	-1000.000000	-64.000000	528.000000	3
2242	2	0	3	4	80.446568	2.012625	80.526688	0.328062	35.595073	24.268023	-1000.000000	-1000.000000	-64.000000	-1000.000000	-64.000000	528.000000	3
2243	3	0	3	4	80.804259	0.742072	81.155154	0.325976	50.470528	29.882141	-1000.000000	-1000.000000	-64.000000	-1000.000000	-64.000000	528.000000	3
2244	4	0	3	4	80.512459	2.382605	81.054061	0.338121	59.964984	31.123741	-1000.000000	-1000.000000	-64.000000	-1000.000000	-64.000000	528.000000	3
2245	5	0	3	4	82.495902	2.393397	83.029236	0.336547	69.152907	36.089518	-1000.000000	-1000.000000	-64.000000	-1000.000000	-64.000000	528.000000	3
2246	6	0	3	4	80.987102	2.712979	81.102302	0.383654	83.065796	47.142439	-1000.000000	-1000.000000	-64.000000	-1000.000000	-64.000000	528.000000	3
2247	7	0	3	4	80.281070	2.084788	80.637345	0.327830	86.411920	55.378731	-1000.000000	-1000.000000	-64.000000	-1000.000000	-64.000000	528.000000	3
2304	0	1	0	4	79.940575	2.014781	80.240251	0.301783	39.290465	31.504327	-1000.000000	-1000.000000	-64.000000	-1000.000000	-64.000000	528.000000	3
2305	1	1	0	4	81.897997	2.201286	82.402404	0.329351	51.433705	33.101968	-1000.000000	-1000.000000	-64.000000	-1000.000000	-64.000000	528.000000	3
2306	2	1	0	4	81.174698	1.741361	81.424633	0.307442	35.882830	24.567498	-1000.000000	-1000.000000	-64.000000	-1000.000000	-64.000000	528.000000	3
2307	3	1	0	4	81.192149	1.573105	81.556971	0.311854	49.678597	31.011543	-1000.000000	-1000.000000	-64.000000	-1000.000000	-64.000000	528.000000	3
2308	4	1	0	4	79.379920	2.679537	79.407200	0.337739	56.328212	33.433491	-1000.000000	-1000.000000	-64.000000	-1000.000000	-64.000000	528.000000	3
2309	5	1	0	4	80.063157	2.067741	80.310744	0.328837	68.188612	38.036443	-1000.000000	-1000.000000	-64.000000	-1000.000000	-64.000000	528.000000	3
2310	6	1	0	4	80.031490	2.142990	80.214835	0.330024	77.759801	47.399923	-1000.000000	-1000.000000	-64.000000	-1000.000000	-64.000000	528.000000	3
2311	7	1	0	4	79.435586	2.697131	79.408800	0.346671	80.917575	57.570192	-1000.000000	-1000.000000	-64.000000	-1000.000000	-64.000000	528.000000	3
2368	0	1	1	4	78.831224	2.611985	78.902003	0.336413	38.049697	25.816958	-1000.000000	-1000.000000	-64.000000	-1000.000000	-64.000000	528.000000	3
2369	1	1	1	4	78.693309	2.397949	78.917474	0.333797	52.218615	40.454123	-1000.000000	-1000.000000	-64.000000	-1000.000000	-64.000000	528.000000	3
2370	2	1	1	4	80.330344	1.917454	80.659255	0.310022	42.250115	26.320154	-1000.000000	-1000.000000	-64.000000	-1000.000000	-64.000000	528.000000	3
2371	3	1	1	4	79.670972	2.629308	79.614306	0.345122	52.503671	35.014944	-1000.000000	-1000.000000	-64.000000	-1000.000000	-64.000000	528.000000	3
2372	4	1	1	4	78.710136	2.539328	78.891944	0.355517	57.805431	32.455823	-1000.000000	-1000.000000	-64.000000	-1000.000000	-64.000000	528.000000	3
2373	5	1	1	4	78.650865	2.807437	79.008240	0.365137	69.147737	37.052987	-1000.000000	-1000.000000	-64.000000	-1000.000000	-64.000000	528.000000	3
2374	6	1	1	4	82.942988	2.292473	83.542892	0.332868	73.699019	36.504758	-1000.000000	-1000.000000	-64.000000	-1000.000000	-64.000000	528.000000	3
2375	7	1	1	4	80.059733	2.396295	80.018748	0.328761	80.388408	49.860471	-1000.000000	-1000.000000	-64.000000	-1000.000000	-64.000000	528.000000	3
2432	0	1	2	4	80.762333	1.962558	80.741715	0.328500	38.519747	25.424025	-1000.000000	-1000.000000	-64.000000	-1000.000000	-64.000000	528.000000	3
2433	1	1	2	4	79.709511	2.238618	80.017414	0.326772	47.554454	27.603875	-1000.000000	-1000.000000	-64.000000	-1000.000000	-64.000000	528.000000	3
2434	2	1	2	4	80.987400	1.617938	81.079668	0.308844	37.717084	25.213918	-1000.000000	-1000.000000	-64.000000	-1000.000000	-64.000000	528.000000	3
2435	3	1	2	4	80.578114	2.182587	80.875616	0.346568	49.114536	29.846615	-1000.000000	-1000.000000	-64.000000	-1000.000000	-64.000000	528.000000	3
2436	4	1	2	4	76.730302	2.690236	77.061835	0.354709	62.158048	32.272956	-1000.000000	-1000.000000	-64.000000	-1000.000000	-64.000000	528.000000	3
2437	5	1	2	4	80.429270	2.112166	80.479209	0.339305	63.103894	34.539652	-1000.000000	-1000.000000	-64.000000	-1000.000000	-64.000000	528.000000	3
2438	6	1	2	4	79.743045	2.678720	79.988340	0.357576	78.494918	44.861468	-1000.000000	-1000.000000	-64.000000	-1000.000000	-64.000000	528.000000	3
2439	7	1	2	4	81.428693	1.496009	82.018231	0.324365	77.438259	49.848497	-1000.000000	-1000.000000	-64.000000	-1000.000000	-64.000000	528.000000	3
2496	0	1	3	4	80.173311	2.213241	80.213845	0.333709	37.376856	23.665458	-1000.000000	-1000.000000	-64.000000	-1000.000000	-64.000000	528.000000	3
2497	1	1	3	4	80.312595	2.300405	80.332082	0.331922	46.497399	32.707523	-1000.000000	-1000.000000	-64.000000	-1000.000000	-64.000000	528.000000	3
2498	2	1	3	4	78.681679	2.118517	78.996466	0.320325	37.838795	24.783724	-1000.000000	-1000.000000	-64.000000	-1000.000000	-64.000000	528.000000	3
2499	3	1	3	4	-1000.000000	-1000.000000	80.496585	0.320229	-1000.000000	-1000.000000	-1000.000000	-1000.000000	-64.000000	-1000.000000	-64.000000	528.000000	3
2500	4	1	3	4	76.401837	2.910109	76.788050	0.348096	60.201676	30.496960	-1000.000000	-1000.000000	-64.000000	-1000.000000	-64.000000	528.000000	3
2501	5	1	3	4	80.975237	2.277830	81.353719	0.331774	67.159258	36.618499	-1000.000000	-1000.000000	-64.000000	-1000.000000	-64.000000	528.000000	3
2502	6	1	3	4	80.469078	2.176038	80.843874	0.318950	71.196798	42.532460	-1000.000000	-1000.000000	-64.000000	-1000.000000	-64.000000	528.000000	3
2503	7	1	3	4	82.748006	2.100991	83.486077	0.332449	80.476827	53.268670	-1000.000000	-1000.000000	-64.000000	-1000.000000	-64.000000	528.000000	3
2560	0	0	0	5	80.603082	2.703731	81.322130	0.363569	48.103461	28.304482	-1000.000000	-1000.000000	-64.000000	-1000.000000	-64.000000	528.000000	3
2561	1	0	0	5	80.010733	2.575958	80.682957	0.362588	54.201470	32.915086	-1000.000000	-1000.000000	-64.000000	-1000.000000	-64.000000	528.000000	3
2562	2	0	0	5	77.864377	2.722759	78.399208	0.366255	56.304074	32.967022	-1000.000000	-1000.000000	-64.000000	-1000.000000	-64.000000	528.000000	3
2563	3	0	0	5	81.006184	0.933793	81.175159	0.313646	53.115026	30.467307	-1000.000000	-1000.000000	-64.000000	-1000.000000	-64.000000	528.000000	3
2564	4	0	0	5	75.430199	3.690035	75.986054	0.422763	88.277621	45.635643	-1000.000000	-1000.000000	-64.000000	-1000.000000	-64.000000	528.000000	3
2565	5	0	0	5	80.685867	2.006235	81.038515	0.319291	79.192277	39.622562	-1000.000000	-1000.000000	-64.000000	-1000.000000	-64.000000	528.000000	3
2566	6	0	0	5	78.969589	1.972277	79.204214	0.313047	83.084540	41.783614	-1000.000000	-1000.000000	-64.000000	-1000.000000	-64.000000	528.000000	3
2567	7	0	0	5	81.936165	1.769050	82.381065	0.316757	102.830229	56.917953	-1000.000000	-1000.000000	-64.000000	-1000.000000	-64.000000	528.000000	3
2624	0	0	1	5	84.788073	2.917424	85.853505	0.379377	49.179217	27.940833	-1000.000000	-1000.000000	-64.000000	-1000.000000	-64.000000	528.000000	3
2625	1	0	1	5	106.034032	2.894460	106.738113	0.374376	60.051183	35.145890	-1000.000000	-1000.000000	-64.000000	-1000.000000	-64.000000	528.000000	3
2626	2	0	1	5	80.735208	1.736313	81.024416	0.312556	43.170183	24.952024	-1000.000000	-1000.000000	-64.000000	-1000.000000	-64.000000	528.000000	3
2627	3	0	1	5	77.235359	2.865200	77.930175	0.369314	61.949413	36.321826	-1000.000000	-1000.000000	-64.000000	-1000.000000	-64.000000	528.000000	3
2628	4	0	1	5	80.829452	2.041767	81.210254	0.324700	73.890923	38.590760	-1000.000000	-1000.000000	-64.000000	-1000.000000	-64.000000	528.000000	3
2629	5	0	1	5	66.636219	2.148588	66.893812	0.315158	80.993887	39.446410	-1000.000000	-1000.000000	-64.000000	-1000.000000	-64.000000	528.000000	3
2630	6	0	1	5	78.571121	3.134784	78.995589	0.367893	97.662746	55.764852	-1000.000000	-1000.000000	-64.000000	-1000.000000	-64.000000	528.000000	3
2631	7	0	1	5	80.705112	0.807920	80.263837	0.281025	97.787067	58.697524	-1000.000000	-1000.000000	-64.000000	-1000.000000	-64.000000	528.000000	3
2688	0	0	2	5	78.741281	2.739805	79.363417	0.361863	49.713134	28.493254	-1000.000000	-1000.000000	-64.000000	-1000.000000	-64.000000	528.000000	3
2689	1	0	2	5	78.245779	2.621402	78.879293	0.365543	53.004592	31.637530	-1000.000000	-1000.000000	-64.000000	-1000.000000	-64.000000	528.000000	3
2690	2	0	2	5	81.243840	1.907392	81.645222	0.328196	50.930708	28.809948	-1000.000000	-1000.000000	-64.000000	-1000.000000	-64.000000	528.000000	3
2691	3	0	2	5	80.252997	2.540097	80.840254	0.363147	62.356786	36.921212	-1000.000000	-1000.000000	-64.000000	-1000.000000	-64.000000	528.000000	3
2692	4	0	2	5	80.906067	3.504146	81.689958	0.410709	95.378727	52.996347	-1000.000000	-1000.000000	-64.000000	-1000.000000	-64.000000	528.000000	3
2693	5	0	2	5	78.133851	3.287456	78.820154	0.385488	103.809462	61.107478	-1000.000000	-1000.000000	-64.000000	-1000.000000	-64.000000	528.000000	3
2694	6	0	2	5	80.789491	1.246541	80.682728	0.296171	85.620266	42.939243	-1000.000000	-1000.000000	-64.000000	-1000.000000	-64.000000	528.000000	3
2695	7	0	2	5	80.112081	2.604015	80.485763	0.365121	117.162608	75.714170	-1000.000000	-1000.000000	-64.000000	-1000.000000	-64.000000	528.000000	3
2752	0	0	3	5	60.196391	2.233889	60.618711	0.313003	43.655621	25.226910	-1000.000000	-1000.000000	-64.000000	-1000.000000	-64.000000	528.000000	3
2753	1	0	3	5	78.727163	1.796993	79.096492	0.306164	42.476317	25.030110	-1000.000000	-1000.000000	-64.000000	-1000.000000	-64.000000	528.000000	3
2754	2	0	3	5	79.851973	1.895609	80.225543	0.293893	44.543123	25.006032	-1000.000000	-1000.000000	-64.000000	-1000.000000	-64.000000	528.000000	3
2755	3	0	3	5	80.529637	1.485681	80.478294	0.276905	51.625208	29.901321	-1000.000000	-1000.000000	-64.000000	-1000.000000	-64.000000	528.000000	3
2756	4	0	3	5	78.686223	3.540188	79.361207	0.400864	90.159365	47.045061	-1000.000000	-1000.000000	-64.000000	-1000.000000	-64.000000	528.000000	3
2757	5	0	3	5	80.188506	1.923734	80.735618	0.308573	80.239642	43.129462	-1000.000000	-1000.000000	-64.000000	-1000.000000	-64.000000	528.000000	3
2758	6	0	3	5	81.376270	1.592665	81.687176	0.333268	83.937808	51.799350	-1000.000000	-1000.000000	-64.000000	-1000.000000	-64.000000	528.000000	3
2759	7	0	3	5	80.962857	2.303941	81.447915	0.376013	126.908107	80.707204	-1000.000000	-1000.000000	-64.000000	-1000.000000	-64.000000	528.000000	3
2816	0	1	0	5	79.112545	2.780901	79.830204	0.367551	54.280449	33.576343	-1000.000000	-1000.000000	-64.000000	-1000.000000	-64.000000	528.000000	3
2817	1	1	0	5	79.443529	2.688973	80.305524	0.364858	53.234032	33.911705	-1000.000000	-1000.000000	-64.000000	-1000.000000	-64.000000	528.000000	3
2818	2	1	0	5	78.811472	2.697964	79.207453	0.359455	55.552882	33.358657	-1000.000000	-1000.000000	-64.000000	-1000.000000	-64.000000	528.000000	3
2819	3	1	0	5	80.942540	0.859120	80.994732	0.314384	55.513478	31.599401	-1000.000000	-1000.000000	-64.000000	-1000.000000	-64.000000	528.000000	3
2820	4	1	0	5	80.702029	2.153717	81.102074	0.336320	76.263578	42.037620	-1000.000000	-1000.000000	-64.000000	-1000.000000	-64.000000	528.000000	3
2821	5	1	0	5	80.716110	1.253803	80.649767	0.299451	85.039389	47.005618	-1000.000000	-1000.000000	-64.000000	-1000.000000	-64.000000	528.000000	3
2822	6	1	0	5	79.048438	3.179987	79.627566	0.389722	104.959928	62.559159	-1000.000000	-1000.000000	-64.000000	-1000.000000	-64.000000	528.000000	3
2823	7	1	0	5	80.756279	2.000217	81.090109	0.311049	102.385401	69.715642	-1000.000000	-1000.000000	-64.000000	-1000.000000	-64.000000	528.000000	3
2880	0	1	1	5	79.750596	2.750720	80.251073	0.363568	50.189340	35.950255	-1000.000000	-1000.000000	-64.000000	-1000.000000	-64.000000	528.000000	3
2881	1	1	1	5	84.009348	3.059999	84.722167	0.375807	59.795660	38.068853	-1000.000000	-1000.000000	-64.000000	-1000.000000	-64.000000	528.000000	3
2882	2	1	1	5	81.390456	1.881712	81.833423	0.329386	48.117094	27.741764	-1000.000000	-1000.000000	-64.000000	-1000.000000	-64.000000	528.000000	3
2883	3	1	1	5	79.737729	2.559526	79.892925	0.351635	61.201435	34.884509	-1000.000000	-1000.000000	-64.000000	-1000.000000	-64.000000	528.000000	3
2884	4	1	1	5	69.327117	2.150249	69.707525	0.332402	73.128938	38.863989	-1000.000000	-1000.000000	-64.000000	-1000.000000	-64.000000	528.000000	3
2885	5	1	1	5	80.820183	1.349077	80.839149	0.302765	81.574997	38.419000	-1000.000000	-1000.000000	-64.000000	-1000.000000	-64.000000	528.000000	3
2886	6	1	1	5	86.547893	2.051348	86.798053	0.319250	89.446684	47.586496	-1000.000000	-1000.000000	-64.000000	-1000.000000	-64.000000	528.000000	3
2887	7	1	1	5	81.112316	1.022652	81.304145	0.313968	85.806372	45.753928	-1000.000000	-1000.000000	-64.000000	-1000.000000	-64.000000	528.000000	3
2944	0	1	2	5	81.200354	2.421153	81.714307	0.373498	51.584250	31.414464	-1000.000000	-1000.000000	-64.000000	-1000.000000	-64.000000	528.000000	3
2945	1	1	2	5	79.458231	2.697645	80.149943	0.358916	58.797925	39.258951	-1000.000000	-1000.000000	-64.000000	-1000.000000	-64.000000	528.000000	3
2946	2	1	2	5	81.184877	2.204114	81.854228	0.354529	58.320370	34.268936	-1000.000000	-1000.000000	-64.000000	-1000.000000	-64.000000	528.000000	3
2947	3	1	2	5	80.905500	1.582209	81.144447	0.306729	54.151586	34.137434	-1000.000000	-1000.000000	-64.000000	-1000.000000	-64.000000	528.000000	3
2948	4	1	2	5	81.084769	2.054970	81.526792	0.332626	75.864282	40.972888	-1000.000000	-1000.000000	-64.000000	-1000.000000	-64.000000	528.000000	3
2949	5	1	2	5	79.543066	3.055019	80.032427	0.381097	88.731514	43.304773	-1000.000000	-1000.000000	-64.000000	-1000.000000	-64.000000	528.000000	3
2950	6	1	2	5	70.693205	2.125858	70.675891	0.316359	78.452750	52.644382	-1000.000000	-1000.000000	-64.000000	-1000.000000	-64.000000	528.000000	3
2951	7	1	2	5	80.878913	0.551385	80.911739	0.308720	108.943755	68.061594	-1000.000000	-1000.000000	-64.000000	-1000.000000	-64.000000	528.000000	3
3008	0	1	3	5	79.264403	2.484637	79.668756	0.348399	49.204076	29.319414	-1000.000000	-1000.000000	-64.000000	-1000.000000	-64.000000	528.000000	3
3009	1	1	3	5	80.417033	1.493885	80.239832	0.274327	43.500694	30.764948	-1000.000000	-1000.000000	-64.000000	-1000.000000	-64.000000	528.000000	3
3010	2	1	3	5	76.353345	3.061927	76.803559	0.371625	56.928763	33.702994	-1000.000000	-1000.000000	-64.000000	-1000.000000	-64.000000	528.000000	3
3011	3	1	3	5	81.167340	1.717550	81.631238	0.334514	57.332583	34.275263	-1000.000000	-1000.000000	-64.000000	-1000.000000	-64.000000	528.000000	3
3012	4	1	3	5	74.447011	3.750300	74.988197	0.424158	95.626508	54.226113	-1000.000000	-1000.000000	-64.000000	-1000.000000	-64.000000	528.000000	3
3013	5	1	3	5	78.399263	3.062877	79.262744	0.377890	98.334317	57.459319	-1000.000000	-1000.000000	-64.000000	-1000.000000	-64.000000	528.000000	3
3014	6	1	3	5	80.583555	1.710271	80.891429	0.302839	75.739285	39.075932	-1000.000000	-1000.000000	-64.000000	-1000.000000	-64.000000	528.000000	3
3015	7	1	3	5	81.638740	2.820538	82.372949	0.359222	114.817513	81.328780	-1000.000000	-1000.000000	-64.000000	-1000.000000	-64.000000	528.000000	3
