#****************************************************************************************************************************************************************************************************************
#Calib info:
 	 RunNr: 72	 start time:0x7ffe7f2c6dc0	 RunNrPed: 71	 start time:0x7ffe7f2c6dd0	 RunNrMip: 72	 start time:0x7ffe7f2c6de0	 Vop: 43	 Vov: 4.7	 BC calib set: 1
#****************************************************************************************************************************************************************************************************************
#cellID	layer	row	column	module	ped mean H	ped sig H	ped mean L	ped sig L	mip Scale H	mip Width H	mip Scale L	mip Width L	LG-HG	HG-LG	BC
#****************************************************************************************************************************************************************************************************************
0	0	0	0	0	79.733604	2.519648	80.353881	0.350309	36.704465	21.755304	-1000.000000	-1000.000000	-64.000000	-1000.000000	-64.000000	10.000000	3
1	1	0	0	0	85.081830	1.782147	85.418932	0.338467	35.448231	20.902629	-1000.000000	-1000.000000	-64.000000	-1000.000000	-64.000000	10.000000	3
2	2	0	0	0	78.671006	2.997056	78.685127	0.368739	46.043994	28.870763	-1000.000000	-1000.000000	-64.000000	-1000.000000	-64.000000	10.000000	3
3	3	0	0	0	78.786656	2.279214	79.224202	0.335051	54.805026	31.638252	-1000.000000	-1000.000000	-64.000000	-1000.000000	-64.000000	10.000000	3
4	4	0	0	0	81.938682	3.740740	82.808612	0.420266	77.916855	42.201069	-1000.000000	-1000.000000	-64.000000	-1000.000000	-64.000000	10.000000	3
5	5	0	0	0	79.263365	2.784375	80.058619	0.366687	80.608198	44.464882	-1000.000000	-1000.000000	-64.000000	-1000.000000	-64.000000	10.000000	3
6	6	0	0	0	80.108182	2.273600	80.771189	0.333262	96.352278	49.387691	-1000.000000	-1000.000000	-64.000000	-1000.000000	-64.000000	10.000000	3
7	7	0	0	0	81.147311	2.770400	81.724025	0.367194	105.918279	67.414901	-1000.000000	-1000.000000	-64.000000	-1000.000000	-64.000000	10.000000	3
64	0	0	1	0	79.119739	2.814921	79.205081	0.345315	41.317077	27.103791	-1000.000000	-1000.000000	-64.000000	-1000.000000	-64.000000	10.000000	3
65	1	0	1	0	80.546008	2.634842	81.308550	0.363326	40.261236	24.278973	-1000.000000	-1000.000000	-64.000000	-1000.000000	-64.000000	10.000000	3
66	2	0	1	0	77.621071	2.696464	78.032968	0.347128	50.832482	30.279776	-1000.000000	-1000.000000	-64.000000	-1000.000000	-64.000000	10.000000	3
67	3	0	1	0	80.806915	1.924138	81.023377	0.323273	50.560826	29.229588	-1000.000000	-1000.000000	-64.000000	-1000.000000	-64.000000	10.000000	3
68	4	0	1	0	79.088416	2.401440	79.657507	0.348313	66.395347	33.662116	-1000.000000	-1000.000000	-64.000000	-1000.000000	-64.000000	10.000000	3
69	5	0	1	0	81.097779	2.801287	81.496976	0.365387	86.231713	47.589872	-1000.000000	-1000.000000	-64.000000	-1000.000000	-64.000000	10.000000	3
70	6	0	1	0	80.812521	0.498132	80.417989	0.290007	84.546565	47.207616	-1000.000000	-1000.000000	-64.000000	-1000.000000	-64.000000	10.000000	3
71	7	0	1	0	71.857613	2.226373	71.652476	0.306616	95.496875	52.417885	-1000.000000	-1000.000000	-64.000000	-1000.000000	-64.000000	10.000000	3
128	0	0	2	0	80.233936	2.505507	80.443547	0.346381	40.346963	23.231922	-1000.000000	-1000.000000	-64.000000	-1000.000000	-64.000000	10.000000	3
129	1	0	2	0	81.395692	2.686649	82.046524	0.364025	42.740723	25.684202	-1000.000000	-1000.000000	-64.000000	-1000.000000	-64.000000	10.000000	3
130	2	0	2	0	79.090066	2.094751	79.505109	0.327467	46.462762	26.920222	-1000.000000	-1000.000000	-64.000000	-1000.000000	-64.000000	10.000000	3
131	3	0	2	0	79.794686	2.479389	79.644252	0.333269	53.043195	30.611636	-1000.000000	-1000.000000	-64.000000	-1000.000000	-64.000000	10.000000	3
132	4	0	2	0	88.667769	2.822323	89.096696	0.361070	76.050039	43.148516	-1000.000000	-1000.000000	-64.000000	-1000.000000	-64.000000	10.000000	3
133	5	0	2	0	78.897208	2.305085	79.286630	0.330574	74.253963	35.102572	-1000.000000	-1000.000000	-64.000000	-1000.000000	-64.000000	10.000000	3
134	6	0	2	0	78.772901	2.415137	79.204853	0.343060	91.356609	46.340225	-1000.000000	-1000.000000	-64.000000	-1000.000000	-64.000000	10.000000	3
135	7	0	2	0	78.364730	2.345464	78.713313	0.322469	100.316644	58.620240	-1000.000000	-1000.000000	-64.000000	-1000.000000	-64.000000	10.000000	3
192	0	0	3	0	78.519233	2.744922	79.247093	0.355286	37.218704	22.376552	-1000.000000	-1000.000000	-64.000000	-1000.000000	-64.000000	10.000000	3
193	1	0	3	0	78.511366	2.531844	79.120333	0.343350	39.249147	23.398929	-1000.000000	-1000.000000	-64.000000	-1000.000000	-64.000000	10.000000	3
194	2	0	3	0	80.400540	2.232334	80.395206	0.332779	51.002148	29.675699	-1000.000000	-1000.000000	-64.000000	-1000.000000	-64.000000	10.000000	3
195	3	0	3	0	75.947289	2.090100	76.286392	0.312201	48.620892	28.225819	-1000.000000	-1000.000000	-64.000000	-1000.000000	-64.000000	10.000000	3
196	4	0	3	0	77.848756	2.405537	78.136455	0.342235	65.466688	33.169911	-1000.000000	-1000.000000	-64.000000	-1000.000000	-64.000000	10.000000	3
197	5	0	3	0	74.446249	2.216541	74.870888	0.331350	77.459976	37.299875	-1000.000000	-1000.000000	-64.000000	-1000.000000	-64.000000	10.000000	3
198	6	0	3	0	82.238457	2.870867	82.826857	0.390935	98.659328	58.290038	-1000.000000	-1000.000000	-64.000000	-1000.000000	-64.000000	10.000000	3
199	7	0	3	0	79.642442	2.235062	80.182560	0.342887	98.596904	62.714864	-1000.000000	-1000.000000	-64.000000	-1000.000000	-64.000000	10.000000	3
256	0	1	0	0	81.233987	2.079597	81.704104	0.314578	34.235593	20.143622	-1000.000000	-1000.000000	-64.000000	-1000.000000	-64.000000	10.000000	3
257	1	1	0	0	103.790560	2.476168	104.375254	0.345677	41.666517	26.962009	-1000.000000	-1000.000000	-64.000000	-1000.000000	-64.000000	10.000000	3
258	2	1	0	0	78.125830	2.191290	78.482570	0.328364	51.276856	29.875882	-1000.000000	-1000.000000	-64.000000	-1000.000000	-64.000000	10.000000	3
259	3	1	0	0	80.876548	1.443036	81.114143	0.318154	51.539175	30.883004	-1000.000000	-1000.000000	-64.000000	-1000.000000	-64.000000	10.000000	3
260	4	1	0	0	74.950542	3.280996	75.421960	0.394200	73.183422	37.121968	-1000.000000	-1000.000000	-64.000000	-1000.000000	-64.000000	10.000000	3
261	5	1	0	0	92.404293	2.609441	93.062113	0.344106	82.167118	40.792258	-1000.000000	-1000.000000	-64.000000	-1000.000000	-64.000000	10.000000	3
262	6	1	0	0	79.301726	2.259577	79.675637	0.331840	90.786000	52.177680	-1000.000000	-1000.000000	-64.000000	-1000.000000	-64.000000	10.000000	3
263	7	1	0	0	81.394026	2.133414	81.700562	0.352624	106.045378	63.531875	-1000.000000	-1000.000000	-64.000000	-1000.000000	-64.000000	10.000000	3
320	0	1	1	0	80.566930	2.328624	80.850186	0.354744	38.572513	22.681964	-1000.000000	-1000.000000	-64.000000	-1000.000000	-64.000000	10.000000	3
321	1	1	1	0	81.674091	2.770250	82.451713	0.360844	40.666970	24.953194	-1000.000000	-1000.000000	-64.000000	-1000.000000	-64.000000	10.000000	3
322	2	1	1	0	80.574112	2.083252	81.014883	0.330935	49.953103	28.981322	-1000.000000	-1000.000000	-64.000000	-1000.000000	-64.000000	10.000000	3
323	3	1	1	0	81.182216	1.766554	81.586105	0.337152	51.594630	30.976289	-1000.000000	-1000.000000	-64.000000	-1000.000000	-64.000000	10.000000	3
324	4	1	1	0	81.226208	3.689407	82.063054	0.418378	79.504941	44.354866	-1000.000000	-1000.000000	-64.000000	-1000.000000	-64.000000	10.000000	3
325	5	1	1	0	77.594078	3.405955	78.264244	0.391326	89.016265	49.188522	-1000.000000	-1000.000000	-64.000000	-1000.000000	-64.000000	10.000000	3
326	6	1	1	0	80.973205	1.337622	81.288172	0.327794	86.268892	49.150897	-1000.000000	-1000.000000	-64.000000	-1000.000000	-64.000000	10.000000	3
327	7	1	1	0	79.747496	2.726957	80.026739	0.345737	106.271570	57.514841	-1000.000000	-1000.000000	-64.000000	-1000.000000	-64.000000	10.000000	3
384	0	1	2	0	80.322681	2.558324	80.776522	0.359267	39.089137	22.656077	-1000.000000	-1000.000000	-64.000000	-1000.000000	-64.000000	10.000000	3
385	1	1	2	0	83.652028	2.836654	84.305170	0.366459	44.075155	27.217308	-1000.000000	-1000.000000	-64.000000	-1000.000000	-64.000000	10.000000	3
386	2	1	2	0	86.689409	2.410610	87.170763	0.348487	51.879923	31.994073	-1000.000000	-1000.000000	-64.000000	-1000.000000	-64.000000	10.000000	3
387	3	1	2	0	67.430397	2.884037	68.085510	0.353686	52.081093	30.725033	-1000.000000	-1000.000000	-64.000000	-1000.000000	-64.000000	10.000000	3
388	4	1	2	0	78.188924	2.549880	78.481732	0.353892	69.015985	35.568460	-1000.000000	-1000.000000	-64.000000	-1000.000000	-64.000000	10.000000	3
389	5	1	2	0	75.936151	2.257287	76.278279	0.328672	76.803268	38.712539	-1000.000000	-1000.000000	-64.000000	-1000.000000	-64.000000	10.000000	3
390	6	1	2	0	79.999784	2.850029	80.134073	0.364407	99.229167	56.356731	-1000.000000	-1000.000000	-64.000000	-1000.000000	-64.000000	10.000000	3
391	7	1	2	0	78.850557	2.327094	79.052877	0.315107	98.268353	57.087882	-1000.000000	-1000.000000	-64.000000	-1000.000000	-64.000000	10.000000	3
448	0	1	3	0	89.382333	2.786473	89.921670	0.371530	40.412450	22.825564	-1000.000000	-1000.000000	-64.000000	-1000.000000	-64.000000	10.000000	3
449	1	1	3	0	81.641031	2.441886	82.166313	0.355331	39.456964	23.785800	-1000.000000	-1000.000000	-64.000000	-1000.000000	-64.000000	10.000000	3
450	2	1	3	0	79.495574	2.240173	80.074883	0.344796	50.018398	29.137282	-1000.000000	-1000.000000	-64.000000	-1000.000000	-64.000000	10.000000	3
451	3	1	3	0	80.309011	1.671751	80.212650	0.295027	48.860125	27.964429	-1000.000000	-1000.000000	-64.000000	-1000.000000	-64.000000	10.000000	3
452	4	1	3	0	78.166181	3.475783	78.852110	0.406245	77.506112	40.594536	-1000.000000	-1000.000000	-64.000000	-1000.000000	-64.000000	10.000000	3
453	5	1	3	0	67.743093	2.764902	68.015579	0.361725	79.301132	39.162035	-1000.000000	-1000.000000	-64.000000	-1000.000000	-64.000000	10.000000	3
454	6	1	3	0	80.187820	2.301246	80.689412	0.346760	92.228372	54.741522	-1000.000000	-1000.000000	-64.000000	-1000.000000	-64.000000	10.000000	3
455	7	1	3	0	78.575171	2.308332	79.172629	0.337660	94.574631	56.630052	-1000.000000	-1000.000000	-64.000000	-1000.000000	-64.000000	10.000000	3
512	0	0	0	1	79.693186	2.043988	80.136092	0.277868	41.341177	23.274561	-1000.000000	-1000.000000	-64.000000	-1000.000000	-64.000000	270.000000	3
513	1	0	0	1	95.538141	1.981516	96.290924	0.285201	45.456397	28.459476	-1000.000000	-1000.000000	-64.000000	-1000.000000	-64.000000	270.000000	3
514	2	0	0	1	81.143765	2.009164	81.637639	0.290588	49.493218	28.841268	-1000.000000	-1000.000000	-64.000000	-1000.000000	-64.000000	270.000000	3
515	3	0	0	1	80.800790	0.492290	80.220344	0.286587	52.587497	29.242520	-1000.000000	-1000.000000	-64.000000	-1000.000000	-64.000000	780.000000	3
516	4	0	0	1	78.280040	2.594542	78.673891	0.316727	64.420817	31.387089	-1000.000000	-1000.000000	-64.000000	-1000.000000	-64.000000	270.000000	3
517	5	0	0	1	79.201849	2.185423	79.616449	0.284337	63.858269	32.884378	-1000.000000	-1000.000000	-64.000000	-1000.000000	-64.000000	780.000000	3
518	6	0	0	1	80.497805	2.092688	80.941790	0.282045	83.948547	40.698752	-1000.000000	-1000.000000	-64.000000	-1000.000000	-64.000000	780.000000	3
519	7	0	0	1	78.406042	2.066786	78.856871	0.292695	89.599025	45.165887	-1000.000000	-1000.000000	-64.000000	-1000.000000	-64.000000	780.000000	3
576	0	0	1	1	87.753040	2.373541	88.269441	0.298778	42.827936	26.167118	-1000.000000	-1000.000000	-64.000000	-1000.000000	-64.000000	270.000000	3
577	1	0	1	1	76.030966	2.323357	76.501138	0.301201	46.093159	25.689457	-1000.000000	-1000.000000	-64.000000	-1000.000000	-64.000000	270.000000	3
578	2	0	1	1	82.052894	1.839602	82.641851	0.315088	48.062112	27.387226	-1000.000000	-1000.000000	-64.000000	-1000.000000	-64.000000	780.000000	3
579	3	0	1	1	80.875513	1.935573	81.153413	0.289555	46.597569	26.863785	-1000.000000	-1000.000000	-64.000000	-1000.000000	-64.000000	270.000000	3
580	4	0	1	1	79.241612	2.177925	79.580106	0.302985	63.699587	31.333428	-1000.000000	-1000.000000	-64.000000	-1000.000000	-64.000000	780.000000	3
581	5	0	1	1	79.836130	2.268823	79.753565	0.315424	71.288924	34.533864	-1000.000000	-1000.000000	-64.000000	-1000.000000	-64.000000	780.000000	3
582	6	0	1	1	82.235422	2.366217	82.793414	0.297923	84.250845	46.920790	-1000.000000	-1000.000000	-64.000000	-1000.000000	-64.000000	270.000000	3
583	7	0	1	1	79.778804	2.039121	79.740158	0.288117	98.578609	54.768981	-1000.000000	-1000.000000	-64.000000	-1000.000000	-64.000000	780.000000	3
640	0	0	2	1	79.213672	2.215659	79.547692	0.276972	40.897426	22.453800	-1000.000000	-1000.000000	-64.000000	-1000.000000	-64.000000	270.000000	3
641	1	0	2	1	80.191585	2.038766	80.693031	0.284411	45.156364	26.002359	-1000.000000	-1000.000000	-64.000000	-1000.000000	-64.000000	270.000000	3
642	2	0	2	1	79.499964	1.942760	79.869583	0.294970	47.595882	25.956335	-1000.000000	-1000.000000	-64.000000	-1000.000000	-64.000000	780.000000	3
643	3	0	2	1	79.983869	2.013110	79.886837	0.272124	42.313293	24.883782	-1000.000000	-1000.000000	-64.000000	-1000.000000	-64.000000	270.000000	3
644	4	0	2	1	79.032228	2.332173	79.540951	0.297652	65.059207	31.668250	-1000.000000	-1000.000000	-64.000000	-1000.000000	-64.000000	270.000000	3
645	5	0	2	1	78.802909	2.281585	79.147414	0.302551	72.977334	38.372869	-1000.000000	-1000.000000	-64.000000	-1000.000000	-64.000000	270.000000	3
646	6	0	2	1	81.399159	1.461407	81.705704	0.322060	85.165778	41.406468	-1000.000000	-1000.000000	-64.000000	-1000.000000	-64.000000	780.000000	3
647	7	0	2	1	81.085924	1.525504	81.430397	0.277182	86.506518	43.849723	-1000.000000	-1000.000000	-64.000000	-1000.000000	-64.000000	270.000000	3
704	0	0	3	1	79.047146	1.897480	79.356942	0.282589	39.409370	21.709487	-1000.000000	-1000.000000	-64.000000	-1000.000000	-64.000000	780.000000	3
705	1	0	3	1	86.764266	2.156211	87.177276	0.313097	46.739800	28.522649	-1000.000000	-1000.000000	-64.000000	-1000.000000	-64.000000	780.000000	3
706	2	0	3	1	80.190655	1.873102	80.417685	0.295822	48.308622	26.943217	-1000.000000	-1000.000000	-64.000000	-1000.000000	-64.000000	780.000000	3
707	3	0	3	1	79.975876	1.801662	79.899712	0.279412	46.863596	25.705683	-1000.000000	-1000.000000	-64.000000	-1000.000000	-64.000000	780.000000	3
708	4	0	3	1	80.145848	2.322304	80.523153	0.290100	63.969748	30.752896	-1000.000000	-1000.000000	-64.000000	-1000.000000	-64.000000	270.000000	3
709	5	0	3	1	81.315179	1.932563	81.713131	0.312866	73.349927	38.433964	-1000.000000	-1000.000000	-64.000000	-1000.000000	-64.000000	780.000000	3
710	6	0	3	1	80.346615	1.727908	80.495996	0.300266	81.353790	43.275197	-1000.000000	-1000.000000	-64.000000	-1000.000000	-64.000000	780.000000	3
711	7	0	3	1	80.539413	1.471509	80.104554	0.265983	87.002428	44.166727	-1000.000000	-1000.000000	-64.000000	-1000.000000	-64.000000	270.000000	3
768	0	1	0	1	80.356904	2.085956	80.834836	0.286398	40.860060	22.910000	-1000.000000	-1000.000000	-64.000000	-1000.000000	-64.000000	270.000000	3
769	1	1	0	1	81.656133	1.982642	82.106704	0.302732	44.153929	25.796286	-1000.000000	-1000.000000	-64.000000	-1000.000000	-64.000000	270.000000	3
770	2	1	0	1	87.273943	2.302167	87.523505	0.295401	46.526278	26.752508	-1000.000000	-1000.000000	-64.000000	-1000.000000	-64.000000	270.000000	3
771	3	1	0	1	79.893347	2.031657	79.722409	0.295190	52.868716	29.119211	-1000.000000	-1000.000000	-64.000000	-1000.000000	-64.000000	780.000000	3
772	4	1	0	1	80.922126	2.188160	81.362217	0.296888	67.372904	34.067418	-1000.000000	-1000.000000	-64.000000	-1000.000000	-64.000000	780.000000	3
773	5	1	0	1	79.495461	2.102743	79.543312	0.304917	70.034723	35.582798	-1000.000000	-1000.000000	-64.000000	-1000.000000	-64.000000	780.000000	3
774	6	1	0	1	80.516390	1.944735	80.279610	0.292914	76.962121	39.261775	-1000.000000	-1000.000000	-64.000000	-1000.000000	-64.000000	270.000000	3
775	7	1	0	1	77.709852	2.105298	78.071780	0.286295	97.872682	56.983939	-1000.000000	-1000.000000	-64.000000	-1000.000000	-64.000000	780.000000	3
832	0	1	1	1	80.519067	2.003658	80.773894	0.280094	44.395205	24.116903	-1000.000000	-1000.000000	-64.000000	-1000.000000	-64.000000	270.000000	3
833	1	1	1	1	79.402797	2.133994	79.791730	0.292171	47.276429	26.959396	-1000.000000	-1000.000000	-64.000000	-1000.000000	-64.000000	270.000000	3
834	2	1	1	1	78.569989	1.894706	78.836417	0.295210	47.015458	26.054371	-1000.000000	-1000.000000	-64.000000	-1000.000000	-64.000000	780.000000	3
835	3	1	1	1	81.102336	0.949986	81.572469	0.277953	47.814773	27.644558	-1000.000000	-1000.000000	-64.000000	-1000.000000	-64.000000	270.000000	3
836	4	1	1	1	80.098914	2.260284	80.545017	0.303506	69.820395	34.376918	-1000.000000	-1000.000000	-64.000000	-1000.000000	-64.000000	780.000000	3
837	5	1	1	1	86.355490	2.118657	86.765762	0.319772	68.812072	32.537675	-1000.000000	-1000.000000	-64.000000	-1000.000000	-64.000000	780.000000	3
838	6	1	1	1	80.261659	1.824521	80.332590	0.303545	85.541815	49.650698	-1000.000000	-1000.000000	-64.000000	-1000.000000	-64.000000	780.000000	3
839	7	1	1	1	79.104303	2.110936	79.140177	0.298450	93.730820	47.077095	-1000.000000	-1000.000000	-64.000000	-1000.000000	-64.000000	780.000000	3
896	0	1	2	1	79.037027	2.354217	79.114467	0.281392	41.601267	22.719162	-1000.000000	-1000.000000	-64.000000	-1000.000000	-64.000000	270.000000	3
897	1	1	2	1	80.276222	1.997403	80.779036	0.285285	44.202807	24.676596	-1000.000000	-1000.000000	-64.000000	-1000.000000	-64.000000	270.000000	3
898	2	1	2	1	80.352161	1.943482	80.290960	0.280082	48.324996	27.480409	-1000.000000	-1000.000000	-64.000000	-1000.000000	-64.000000	270.000000	3
899	3	1	2	1	80.132521	1.809953	80.247844	0.285885	48.304242	27.290236	-1000.000000	-1000.000000	-64.000000	-1000.000000	-64.000000	780.000000	3
900	4	1	2	1	80.060102	2.042417	80.310842	0.309119	64.700702	31.479488	-1000.000000	-1000.000000	-64.000000	-1000.000000	-64.000000	780.000000	3
901	5	1	2	1	80.913206	1.947385	81.192112	0.303474	74.928712	38.789453	-1000.000000	-1000.000000	-64.000000	-1000.000000	-64.000000	270.000000	3
902	6	1	2	1	80.819218	0.587055	80.909491	0.293611	83.739865	45.143239	-1000.000000	-1000.000000	-64.000000	-1000.000000	-64.000000	780.000000	3
903	7	1	2	1	81.212271	1.116270	81.717093	0.326425	91.122043	44.826964	-1000.000000	-1000.000000	-64.000000	-1000.000000	-64.000000	780.000000	3
960	0	1	3	1	80.970389	1.812580	81.163773	0.279991	41.522863	22.360020	-1000.000000	-1000.000000	-64.000000	-1000.000000	-64.000000	270.000000	3
961	1	1	3	1	81.060266	1.280579	81.437291	0.322089	45.928450	25.185687	-1000.000000	-1000.000000	-64.000000	-1000.000000	-64.000000	780.000000	3
962	2	1	3	1	79.585809	2.305133	79.465229	0.272668	48.416125	27.145610	-1000.000000	-1000.000000	-64.000000	-1000.000000	-64.000000	270.000000	3
963	3	1	3	1	81.898157	1.783344	82.376678	0.293894	48.797425	26.870652	-1000.000000	-1000.000000	-64.000000	-1000.000000	-64.000000	780.000000	3
964	4	1	3	1	78.591635	2.603673	78.908977	0.327927	63.718388	31.153344	-1000.000000	-1000.000000	-64.000000	-1000.000000	-64.000000	270.000000	3
965	5	1	3	1	76.694858	2.172155	77.034842	0.287384	66.675677	35.743816	-1000.000000	-1000.000000	-64.000000	-1000.000000	-64.000000	270.000000	3
966	6	1	3	1	78.849484	2.115983	79.208242	0.298497	79.054719	38.455310	-1000.000000	-1000.000000	-64.000000	-1000.000000	-64.000000	780.000000	3
967	7	1	3	1	-1000.000000	-1000.000000	-1000.000000	-1000.000000	-1000.000000	-1000.000000	-1000.000000	-1000.000000	-64.000000	-1000.000000	-64.000000	270.000000	0
1024	0	0	0	2	79.212570	2.234225	79.738520	0.350750	36.535881	21.787879	-1000.000000	-1000.000000	-64.000000	-1000.000000	-64.000000	528.000000	3
1025	1	0	0	2	94.909414	1.362952	95.527536	0.301470	50.686124	31.910311	-1000.000000	-1000.000000	-64.000000	-1000.000000	-64.000000	780.000000	3
1026	2	0	0	2	63.116832	2.534673	63.263586	0.341804	50.542789	30.841635	-1000.000000	-1000.000000	-64.000000	-1000.000000	-64.000000	528.000000	3
1027	3	0	0	2	81.104626	2.137443	81.641334	0.320316	54.258355	32.084745	-1000.000000	-1000.000000	-64.000000	-1000.000000	-64.000000	780.000000	3
1028	4	0	0	2	79.460649	2.632576	79.900892	0.361836	73.683314	40.023720	-1000.000000	-1000.000000	-64.000000	-1000.000000	-64.000000	528.000000	3
1029	5	0	0	2	80.713985	2.515218	81.395126	0.347109	82.181143	49.209726	-1000.000000	-1000.000000	-64.000000	-1000.000000	-64.000000	528.000000	3
1030	6	0	0	2	80.929030	1.867686	81.290877	0.320568	85.575758	56.037264	-1000.000000	-1000.000000	-64.000000	-1000.000000	-64.000000	780.000000	3
1031	7	0	0	2	79.820785	1.109168	79.810622	0.186055	-1000.000000	-1000.000000	-1000.000000	-1000.000000	-64.000000	-1000.000000	-64.000000	528.000000	0
1088	0	0	1	2	79.723838	2.451878	79.886304	0.346890	35.742900	23.197429	-1000.000000	-1000.000000	-64.000000	-1000.000000	-64.000000	528.000000	3
1089	1	0	1	2	73.349228	1.848277	73.457669	0.339359	49.416618	28.921516	-1000.000000	-1000.000000	-64.000000	-1000.000000	-64.000000	528.000000	3
1090	2	0	1	2	81.827056	2.256126	82.395646	0.333421	51.880419	31.510670	-1000.000000	-1000.000000	-64.000000	-1000.000000	-64.000000	528.000000	3
1091	3	0	1	2	79.025515	1.965192	79.396669	0.311787	53.575318	30.712002	-1000.000000	-1000.000000	-64.000000	-1000.000000	-64.000000	780.000000	3
1092	4	0	1	2	79.981023	2.308848	80.548178	0.346632	70.655860	37.265639	-1000.000000	-1000.000000	-64.000000	-1000.000000	-64.000000	780.000000	3
1093	5	0	1	2	79.928735	2.408751	80.252186	0.350737	68.930973	36.852808	-1000.000000	-1000.000000	-64.000000	-1000.000000	-64.000000	528.000000	3
1094	6	0	1	2	80.900614	0.775012	81.168039	0.322448	89.354167	45.559840	-1000.000000	-1000.000000	-64.000000	-1000.000000	-64.000000	780.000000	3
1095	7	0	1	2	81.135897	0.966288	81.655236	0.321934	111.994336	72.545023	-1000.000000	-1000.000000	-64.000000	-1000.000000	-64.000000	780.000000	3
1152	0	0	2	2	78.132579	2.603628	78.470458	0.344060	37.398746	23.588772	-1000.000000	-1000.000000	-64.000000	-1000.000000	-64.000000	528.000000	3
1153	1	0	2	2	74.632889	2.250169	74.835503	0.333354	52.977397	30.304377	-1000.000000	-1000.000000	-64.000000	-1000.000000	-64.000000	528.000000	3
1154	2	0	2	2	79.922211	2.102596	80.334304	0.319137	50.084184	30.159390	-1000.000000	-1000.000000	-64.000000	-1000.000000	-64.000000	780.000000	3
1155	3	0	2	2	78.652671	2.643927	78.896065	0.334296	55.847853	31.856264	-1000.000000	-1000.000000	-64.000000	-1000.000000	-64.000000	528.000000	3
1156	4	0	2	2	80.447356	2.668312	81.144919	0.363309	73.585181	39.521487	-1000.000000	-1000.000000	-64.000000	-1000.000000	-64.000000	780.000000	3
1157	5	0	2	2	82.785782	2.333080	83.393279	0.349425	81.460400	46.528327	-1000.000000	-1000.000000	-64.000000	-1000.000000	-64.000000	780.000000	3
1158	6	0	2	2	82.410164	2.238847	82.793300	0.334221	93.899994	56.142594	-1000.000000	-1000.000000	-64.000000	-1000.000000	-64.000000	780.000000	3
1159	7	0	2	2	80.956587	1.266406	81.091366	0.324928	109.412043	70.384710	-1000.000000	-1000.000000	-64.000000	-1000.000000	-64.000000	780.000000	3
1216	0	0	3	2	78.158298	2.153805	78.406697	0.323621	44.484311	26.113707	-1000.000000	-1000.000000	-64.000000	-1000.000000	-64.000000	528.000000	3
1217	1	0	3	2	79.651407	2.262146	79.834465	0.340314	50.181609	29.758971	-1000.000000	-1000.000000	-64.000000	-1000.000000	-64.000000	528.000000	3
1218	2	0	3	2	78.883266	2.364226	79.265567	0.335537	53.601624	32.145648	-1000.000000	-1000.000000	-64.000000	-1000.000000	-64.000000	528.000000	3
1219	3	0	3	2	81.308575	1.092032	81.812201	0.334904	55.985841	31.924025	-1000.000000	-1000.000000	-64.000000	-1000.000000	-64.000000	780.000000	3
1220	4	0	3	2	81.499553	2.898566	82.077566	0.366454	72.588515	39.248067	-1000.000000	-1000.000000	-64.000000	-1000.000000	-64.000000	780.000000	3
1221	5	0	3	2	82.054776	2.073346	82.630577	0.334800	80.291940	44.340333	-1000.000000	-1000.000000	-64.000000	-1000.000000	-64.000000	780.000000	3
1222	6	0	3	2	80.266370	2.545200	80.196844	0.371399	84.557455	49.130265	-1000.000000	-1000.000000	-64.000000	-1000.000000	-64.000000	528.000000	3
1223	7	0	3	2	80.987754	2.397752	81.563137	0.339312	103.791017	70.241983	-1000.000000	-1000.000000	-64.000000	-1000.000000	-64.000000	780.000000	3
1280	0	1	0	2	81.751018	2.217399	82.387495	0.330870	33.023086	20.449753	-1000.000000	-1000.000000	-64.000000	-1000.000000	-64.000000	780.000000	3
1281	1	1	0	2	80.561151	2.179531	80.971690	0.335592	48.548004	27.928550	-1000.000000	-1000.000000	-64.000000	-1000.000000	-64.000000	780.000000	3
1282	2	1	0	2	81.498890	2.125834	81.973165	0.316748	49.878392	30.094779	-1000.000000	-1000.000000	-64.000000	-1000.000000	-64.000000	780.000000	3
1283	3	1	0	2	87.264682	2.145597	87.542283	0.310977	52.166938	31.251366	-1000.000000	-1000.000000	-64.000000	-1000.000000	-64.000000	780.000000	3
1284	4	1	0	2	80.842636	2.709021	81.269242	0.370232	73.764812	39.698243	-1000.000000	-1000.000000	-64.000000	-1000.000000	-64.000000	528.000000	3
1285	5	1	0	2	80.547250	2.306797	81.309654	0.331315	77.003660	41.068656	-1000.000000	-1000.000000	-64.000000	-1000.000000	-64.000000	780.000000	3
1286	6	1	0	2	78.742079	2.349229	79.071731	0.326802	91.028967	52.949128	-1000.000000	-1000.000000	-64.000000	-1000.000000	-64.000000	780.000000	3
1287	7	1	0	2	69.939017	2.841193	70.160450	0.347213	100.660423	57.628758	-1000.000000	-1000.000000	-64.000000	-1000.000000	-64.000000	528.000000	3
1344	0	1	1	2	79.716835	2.451946	80.001295	0.353277	35.230630	23.277091	-1000.000000	-1000.000000	-64.000000	-1000.000000	-64.000000	528.000000	3
1345	1	1	1	2	80.319408	1.983411	80.309471	0.319022	47.303817	28.223900	-1000.000000	-1000.000000	-64.000000	-1000.000000	-64.000000	528.000000	3
1346	2	1	1	2	73.586951	1.891862	74.006647	0.329822	48.816252	28.025474	-1000.000000	-1000.000000	-64.000000	-1000.000000	-64.000000	780.000000	3
1347	3	1	1	2	80.471882	2.098990	80.508527	0.349888	53.279770	31.196603	-1000.000000	-1000.000000	-64.000000	-1000.000000	-64.000000	528.000000	3
1348	4	1	1	2	80.585741	2.668045	81.194207	0.347238	71.908387	37.594001	-1000.000000	-1000.000000	-64.000000	-1000.000000	-64.000000	528.000000	3
1349	5	1	1	2	78.952197	2.384331	79.483512	0.351584	80.132039	44.902660	-1000.000000	-1000.000000	-64.000000	-1000.000000	-64.000000	528.000000	3
1350	6	1	1	2	99.528464	2.270885	100.190103	0.336511	86.896303	43.429022	-1000.000000	-1000.000000	-64.000000	-1000.000000	-64.000000	780.000000	3
1351	7	1	1	2	92.925131	2.588074	93.376043	0.348962	102.311048	56.545897	-1000.000000	-1000.000000	-64.000000	-1000.000000	-64.000000	528.000000	3
1408	0	1	2	2	80.882565	1.914524	81.268480	0.335188	42.256034	25.486995	-1000.000000	-1000.000000	-64.000000	-1000.000000	-64.000000	528.000000	3
1409	1	1	2	2	77.413892	2.155125	77.617914	0.326002	48.060085	27.728398	-1000.000000	-1000.000000	-64.000000	-1000.000000	-64.000000	528.000000	3
1410	2	1	2	2	79.088956	2.092032	79.620296	0.329131	52.696315	30.926325	-1000.000000	-1000.000000	-64.000000	-1000.000000	-64.000000	780.000000	3
1411	3	1	2	2	79.199935	2.206614	79.465077	0.328739	55.400912	32.352417	-1000.000000	-1000.000000	-64.000000	-1000.000000	-64.000000	528.000000	3
1412	4	1	2	2	84.035680	2.857353	84.791377	0.370913	72.332971	38.415752	-1000.000000	-1000.000000	-64.000000	-1000.000000	-64.000000	780.000000	3
1413	5	1	2	2	81.146776	1.296861	81.367435	0.327518	79.840145	42.077868	-1000.000000	-1000.000000	-64.000000	-1000.000000	-64.000000	780.000000	3
1414	6	1	2	2	79.663590	2.459201	79.768572	0.356254	81.100579	39.702908	-1000.000000	-1000.000000	-64.000000	-1000.000000	-64.000000	528.000000	3
1415	7	1	2	2	78.909690	2.234672	79.010027	0.306318	106.122419	65.517412	-1000.000000	-1000.000000	-64.000000	-1000.000000	-64.000000	780.000000	3
1472	0	1	3	2	81.094056	2.141528	81.598636	0.323647	41.628497	24.548510	-1000.000000	-1000.000000	-64.000000	-1000.000000	-64.000000	528.000000	3
1473	1	1	3	2	81.547481	2.088808	82.183187	0.331715	50.934349	29.596131	-1000.000000	-1000.000000	-64.000000	-1000.000000	-64.000000	528.000000	3
1474	2	1	3	2	78.622437	2.197563	78.951636	0.323584	52.001665	30.399371	-1000.000000	-1000.000000	-64.000000	-1000.000000	-64.000000	528.000000	3
1475	3	1	3	2	81.313066	1.063130	81.755410	0.328935	54.336810	30.378633	-1000.000000	-1000.000000	-64.000000	-1000.000000	-64.000000	780.000000	3
1476	4	1	3	2	67.526960	3.205900	68.077359	0.359705	71.782212	35.104181	-1000.000000	-1000.000000	-64.000000	-1000.000000	-64.000000	528.000000	3
1477	5	1	3	2	80.777014	2.658585	81.534989	0.358261	80.064277	45.781396	-1000.000000	-1000.000000	-64.000000	-1000.000000	-64.000000	780.000000	3
1478	6	1	3	2	81.128627	2.540085	81.914736	0.353485	89.646687	54.788429	-1000.000000	-1000.000000	-64.000000	-1000.000000	-64.000000	780.000000	3
1479	7	1	3	2	79.546889	2.099776	80.071188	0.324767	102.999628	67.245816	-1000.000000	-1000.000000	-64.000000	-1000.000000	-64.000000	780.000000	3
1536	0	0	0	3	80.172343	2.358856	80.480494	0.324614	49.805261	28.304172	-1000.000000	-1000.000000	-64.000000	-1000.000000	-64.000000	270.000000	3
1537	1	0	0	3	80.333315	2.292675	80.566080	0.321648	48.508511	28.380897	-1000.000000	-1000.000000	-64.000000	-1000.000000	-64.000000	270.000000	3
1538	2	0	0	3	80.921117	2.021370	81.223307	0.321855	50.212752	29.004987	-1000.000000	-1000.000000	-64.000000	-1000.000000	-64.000000	270.000000	3
1539	3	0	0	3	79.381946	2.010862	79.320643	0.295488	42.360005	25.954493	-1000.000000	-1000.000000	-64.000000	-1000.000000	-64.000000	528.000000	3
1540	4	0	0	3	76.699755	3.116805	77.135968	0.359143	64.252411	32.295332	-1000.000000	-1000.000000	-64.000000	-1000.000000	-64.000000	270.000000	3
1541	5	0	0	3	46.361977	1.903246	46.472667	0.324301	75.514731	38.856917	-1000.000000	-1000.000000	-64.000000	-1000.000000	-64.000000	528.000000	3
1542	6	0	0	3	79.635875	1.906325	79.987012	0.297097	79.199387	43.905341	-1000.000000	-1000.000000	-64.000000	-1000.000000	-64.000000	528.000000	3
1543	7	0	0	3	81.562547	1.627369	81.847624	0.341559	90.295721	44.853945	-1000.000000	-1000.000000	-64.000000	-1000.000000	-64.000000	528.000000	3
1600	0	0	1	3	78.371577	2.849593	78.748812	0.342306	51.703211	29.298489	-1000.000000	-1000.000000	-64.000000	-1000.000000	-64.000000	270.000000	3
1601	1	0	1	3	82.203773	2.455803	82.850586	0.338114	51.797814	29.979756	-1000.000000	-1000.000000	-64.000000	-1000.000000	-64.000000	270.000000	3
1602	2	0	1	3	102.647516	2.072343	102.950379	0.310629	54.890522	30.128662	-1000.000000	-1000.000000	-64.000000	-1000.000000	-64.000000	528.000000	3
1603	3	0	1	3	80.135051	2.445532	80.417342	0.335287	40.325575	24.906578	-1000.000000	-1000.000000	-64.000000	-1000.000000	-64.000000	270.000000	3
1604	4	0	1	3	79.307342	2.071303	79.780798	0.327849	53.684849	26.578130	-1000.000000	-1000.000000	-64.000000	-1000.000000	-64.000000	528.000000	3
1605	5	0	1	3	79.603721	2.423373	79.633245	0.348419	69.765260	34.380463	-1000.000000	-1000.000000	-64.000000	-1000.000000	-64.000000	528.000000	3
1606	6	0	1	3	80.378811	2.511227	80.595751	0.341441	85.811758	46.368867	-1000.000000	-1000.000000	-64.000000	-1000.000000	-64.000000	270.000000	3
1607	7	0	1	3	82.327110	1.864206	82.798785	0.326319	96.473475	55.833602	-1000.000000	-1000.000000	-64.000000	-1000.000000	-64.000000	528.000000	3
1664	0	0	2	3	80.052611	2.471539	80.291950	0.342299	51.202928	30.664076	-1000.000000	-1000.000000	-64.000000	-1000.000000	-64.000000	270.000000	3
1665	1	0	2	3	80.383209	2.287434	80.699087	0.324972	50.403904	29.569945	-1000.000000	-1000.000000	-64.000000	-1000.000000	-64.000000	270.000000	3
1666	2	0	2	3	80.585640	1.739002	80.688841	0.285165	48.480532	26.304381	-1000.000000	-1000.000000	-64.000000	-1000.000000	-64.000000	528.000000	3
1667	3	0	2	3	81.102651	1.863471	81.558680	0.332520	37.476723	24.754397	-1000.000000	-1000.000000	-64.000000	-1000.000000	-64.000000	270.000000	3
1668	4	0	2	3	79.058950	2.796330	79.544340	0.365207	56.894038	28.897667	-1000.000000	-1000.000000	-64.000000	-1000.000000	-64.000000	270.000000	3
1669	5	0	2	3	80.490888	2.728814	81.207119	0.347423	76.776356	41.487429	-1000.000000	-1000.000000	-64.000000	-1000.000000	-64.000000	270.000000	3
1670	6	0	2	3	80.720496	0.624706	80.356357	0.291575	82.848458	42.790995	-1000.000000	-1000.000000	-64.000000	-1000.000000	-64.000000	528.000000	3
1671	7	0	2	3	79.833862	2.725119	79.993220	0.341470	96.524818	55.975689	-1000.000000	-1000.000000	-64.000000	-1000.000000	-64.000000	270.000000	3
1728	0	0	3	3	79.965339	1.850901	80.150147	0.281500	45.604065	26.281899	-1000.000000	-1000.000000	-64.000000	-1000.000000	-64.000000	528.000000	3
1729	1	0	3	3	84.727778	2.048298	85.006313	0.315192	47.402277	28.067236	-1000.000000	-1000.000000	-64.000000	-1000.000000	-64.000000	528.000000	3
1730	2	0	3	3	80.542688	1.820973	80.893531	0.302137	49.041641	27.140119	-1000.000000	-1000.000000	-64.000000	-1000.000000	-64.000000	528.000000	3
1731	3	0	3	3	79.484693	1.970453	79.509603	0.270505	33.588383	20.883446	-1000.000000	-1000.000000	-64.000000	-1000.000000	-64.000000	528.000000	3
1732	4	0	3	3	80.794649	2.830017	81.377720	0.365108	56.917335	27.905463	-1000.000000	-1000.000000	-64.000000	-1000.000000	-64.000000	270.000000	3
1733	5	0	3	3	88.169328	2.026918	88.520410	0.311880	69.934052	31.941359	-1000.000000	-1000.000000	-64.000000	-1000.000000	-64.000000	528.000000	3
1734	6	0	3	3	82.320340	1.811216	82.796538	0.314112	80.747121	40.904583	-1000.000000	-1000.000000	-64.000000	-1000.000000	-64.000000	528.000000	3
1735	7	0	3	3	80.552154	2.285921	80.791910	0.324802	101.059992	57.940122	-1000.000000	-1000.000000	-64.000000	-1000.000000	-64.000000	270.000000	3
1792	0	1	0	3	79.179266	2.458326	79.565175	0.330192	49.512311	27.383342	-1000.000000	-1000.000000	-64.000000	-1000.000000	-64.000000	270.000000	3
1793	1	1	0	3	79.995901	2.427433	80.324706	0.326176	50.337434	29.344818	-1000.000000	-1000.000000	-64.000000	-1000.000000	-64.000000	270.000000	3
1794	2	1	0	3	81.812422	2.344000	82.327734	0.333647	51.962509	29.516379	-1000.000000	-1000.000000	-64.000000	-1000.000000	-64.000000	270.000000	3
1795	3	1	0	3	59.072398	1.987768	59.256768	0.313860	35.218807	21.343038	-1000.000000	-1000.000000	-64.000000	-1000.000000	-64.000000	528.000000	3
1796	4	1	0	3	81.316369	2.159160	81.797079	0.319659	55.109855	27.687400	-1000.000000	-1000.000000	-64.000000	-1000.000000	-64.000000	528.000000	3
1797	5	1	0	3	82.165916	1.852160	82.577976	0.321674	68.226449	31.065880	-1000.000000	-1000.000000	-64.000000	-1000.000000	-64.000000	528.000000	3
1798	6	1	0	3	80.912179	2.367133	80.969672	0.346215	88.090185	42.933830	-1000.000000	-1000.000000	-64.000000	-1000.000000	-64.000000	270.000000	3
1799	7	1	0	3	79.661518	1.978780	79.918489	0.307527	90.004138	45.441914	-1000.000000	-1000.000000	-64.000000	-1000.000000	-64.000000	528.000000	3
1856	0	1	1	3	79.355135	2.549785	79.714677	0.331148	51.578960	28.576553	-1000.000000	-1000.000000	-64.000000	-1000.000000	-64.000000	270.000000	3
1857	1	1	1	3	80.020329	2.463015	80.347749	0.337040	50.900008	29.455517	-1000.000000	-1000.000000	-64.000000	-1000.000000	-64.000000	270.000000	3
1858	2	1	1	3	80.113531	1.793647	80.204956	0.281276	50.579967	28.337313	-1000.000000	-1000.000000	-64.000000	-1000.000000	-64.000000	528.000000	3
1859	3	1	1	3	79.565598	2.643698	79.654079	0.328429	39.119956	23.725037	-1000.000000	-1000.000000	-64.000000	-1000.000000	-64.000000	270.000000	3
1860	4	1	1	3	80.764170	2.165578	81.169525	0.313138	56.269644	28.663620	-1000.000000	-1000.000000	-64.000000	-1000.000000	-64.000000	528.000000	3
1861	5	1	1	3	80.930732	1.110341	80.973404	0.318006	65.726296	30.199420	-1000.000000	-1000.000000	-64.000000	-1000.000000	-64.000000	528.000000	3
1862	6	1	1	3	79.966123	1.898332	79.861280	0.284331	78.194428	36.948913	-1000.000000	-1000.000000	-64.000000	-1000.000000	-64.000000	528.000000	3
1863	7	1	1	3	79.624255	1.999999	79.740272	0.290109	93.762032	46.911144	-1000.000000	-1000.000000	-64.000000	-1000.000000	-64.000000	528.000000	3
1920	0	1	2	3	78.990505	2.806284	79.063199	0.339807	49.129521	27.561539	-1000.000000	-1000.000000	-64.000000	-1000.000000	-64.000000	270.000000	3
1921	1	1	2	3	80.482372	2.423514	80.990202	0.339567	53.250552	30.918355	-1000.000000	-1000.000000	-64.000000	-1000.000000	-64.000000	270.000000	3
1922	2	1	2	3	81.188301	2.106247	81.442623	0.332326	53.625167	29.921759	-1000.000000	-1000.000000	-64.000000	-1000.000000	-64.000000	270.000000	3
1923	3	1	2	3	80.130954	1.712939	80.102421	0.273262	36.307086	21.927573	-1000.000000	-1000.000000	-64.000000	-1000.000000	-64.000000	528.000000	3
1924	4	1	2	3	89.068513	1.898235	89.379202	0.331875	53.389593	29.714753	-1000.000000	-1000.000000	-64.000000	-1000.000000	-64.000000	528.000000	3
1925	5	1	2	3	78.646335	3.213212	79.258025	0.352893	73.784614	34.835009	-1000.000000	-1000.000000	-64.000000	-1000.000000	-64.000000	270.000000	3
1926	6	1	2	3	81.791630	1.416949	82.264087	0.327615	85.265449	45.881173	-1000.000000	-1000.000000	-64.000000	-1000.000000	-64.000000	528.000000	3
1927	7	1	2	3	78.135127	1.888565	78.261120	0.325827	86.468366	46.995839	-1000.000000	-1000.000000	-64.000000	-1000.000000	-64.000000	528.000000	3
1984	0	1	3	3	81.216588	2.345444	81.817686	0.337856	51.000239	29.338334	-1000.000000	-1000.000000	-64.000000	-1000.000000	-64.000000	270.000000	3
1985	1	1	3	3	79.936227	1.808760	79.925650	0.271677	49.630239	30.126692	-1000.000000	-1000.000000	-64.000000	-1000.000000	-64.000000	528.000000	3
1986	2	1	3	3	79.761025	2.731674	79.787388	0.341040	56.374609	31.866982	-1000.000000	-1000.000000	-64.000000	-1000.000000	-64.000000	270.000000	3
1987	3	1	3	3	80.267009	1.918048	80.516259	0.295938	37.584859	22.522393	-1000.000000	-1000.000000	-64.000000	-1000.000000	-64.000000	528.000000	3
1988	4	1	3	3	80.296449	2.906761	80.675433	0.372222	57.091611	29.673137	-1000.000000	-1000.000000	-64.000000	-1000.000000	-64.000000	270.000000	3
1989	5	1	3	3	80.020240	2.631153	80.620281	0.349103	77.822134	41.790275	-1000.000000	-1000.000000	-64.000000	-1000.000000	-64.000000	270.000000	3
1990	6	1	3	3	78.391524	2.000819	78.536885	0.317476	77.636361	40.259511	-1000.000000	-1000.000000	-64.000000	-1000.000000	-64.000000	528.000000	3
1991	7	1	3	3	80.852956	2.428804	81.200948	0.335253	99.948301	52.520154	-1000.000000	-1000.000000	-64.000000	-1000.000000	-64.000000	270.000000	3
2048	0	0	0	4	62.723643	1.308914	62.750374	0.328191	39.497223	31.067823	-1000.000000	-1000.000000	-64.000000	-1000.000000	-64.000000	528.000000	3
2049	1	0	0	4	80.624730	1.639748	80.708495	0.322322	51.861967	28.942741	-1000.000000	-1000.000000	-64.000000	-1000.000000	-64.000000	528.000000	3
2050	2	0	0	4	79.014956	2.568991	79.066323	0.325869	35.346756	25.662953	-1000.000000	-1000.000000	-64.000000	-1000.000000	-64.000000	528.000000	3
2051	3	0	0	4	77.453631	2.169541	77.720906	0.325108	44.640689	26.034632	-1000.000000	-1000.000000	-64.000000	-1000.000000	-64.000000	528.000000	3
2052	4	0	0	4	80.522408	2.560182	80.858261	0.349398	62.226122	32.756074	-1000.000000	-1000.000000	-64.000000	-1000.000000	-64.000000	528.000000	3
2053	5	0	0	4	80.459624	2.384647	80.878601	0.345428	68.503577	37.400278	-1000.000000	-1000.000000	-64.000000	-1000.000000	-64.000000	528.000000	3
2054	6	0	0	4	80.233359	1.988518	80.524525	0.316777	74.436892	42.977147	-1000.000000	-1000.000000	-64.000000	-1000.000000	-64.000000	528.000000	3
2055	7	0	0	4	80.621347	2.136674	80.806803	0.329343	78.912348	51.439665	-1000.000000	-1000.000000	-64.000000	-1000.000000	-64.000000	528.000000	3
2112	0	0	1	4	80.517816	2.167644	80.393492	0.340531	40.056502	25.094135	-1000.000000	-1000.000000	-64.000000	-1000.000000	-64.000000	528.000000	3
2113	1	0	1	4	79.217471	2.279725	79.418189	0.333849	50.018616	29.374205	-1000.000000	-1000.000000	-64.000000	-1000.000000	-64.000000	528.000000	3
2114	2	0	1	4	80.717608	1.888505	80.694249	0.330087	42.249524	25.572945	-1000.000000	-1000.000000	-64.000000	-1000.000000	-64.000000	528.000000	3
2115	3	0	1	4	80.393333	1.968387	80.701829	0.324030	50.335827	28.607137	-1000.000000	-1000.000000	-64.000000	-1000.000000	-64.000000	528.000000	3
2116	4	0	1	4	82.402407	2.331613	82.969081	0.333876	63.239204	33.536568	-1000.000000	-1000.000000	-64.000000	-1000.000000	-64.000000	528.000000	3
2117	5	0	1	4	83.059437	2.858167	83.373435	0.369456	69.332039	36.920794	-1000.000000	-1000.000000	-64.000000	-1000.000000	-64.000000	528.000000	3
2118	6	0	1	4	80.788448	0.485831	80.234018	0.330115	84.527647	46.820710	-1000.000000	-1000.000000	-64.000000	-1000.000000	-64.000000	528.000000	3
2119	7	0	1	4	80.746902	0.505132	80.087186	0.310345	87.059374	52.706767	-1000.000000	-1000.000000	-64.000000	-1000.000000	-64.000000	528.000000	3
2176	0	0	2	4	80.835727	2.108246	80.930173	0.328788	38.017210	24.597926	-1000.000000	-1000.000000	-64.000000	-1000.000000	-64.000000	528.000000	3
2177	1	0	2	4	78.231708	2.380182	78.537570	0.326305	46.943832	27.111170	-1000.000000	-1000.000000	-64.000000	-1000.000000	-64.000000	528.000000	3
2178	2	0	2	4	80.859410	1.690645	81.060133	0.324043	36.566359	24.846519	-1000.000000	-1000.000000	-64.000000	-1000.000000	-64.000000	528.000000	3
2179	3	0	2	4	79.100943	2.820866	78.962835	0.356812	52.526712	32.221316	-1000.000000	-1000.000000	-64.000000	-1000.000000	-64.000000	528.000000	3
2180	4	0	2	4	79.563443	2.280943	80.014779	0.336591	58.695984	30.478317	-1000.000000	-1000.000000	-64.000000	-1000.000000	-64.000000	528.000000	3
2181	5	0	2	4	81.026009	1.819787	81.263605	0.335159	69.667358	34.041236	-1000.000000	-1000.000000	-64.000000	-1000.000000	-64.000000	528.000000	3
2182	6	0	2	4	80.791429	1.647240	81.114296	0.318721	77.777964	44.188617	-1000.000000	-1000.000000	-64.000000	-1000.000000	-64.000000	528.000000	3
2183	7	0	2	4	80.306508	1.881907	80.344245	0.314694	82.229491	49.683450	-1000.000000	-1000.000000	-64.000000	-1000.000000	-64.000000	528.000000	3
2240	0	0	3	4	79.864441	2.243324	80.036070	0.327277	38.894982	24.273738	-1000.000000	-1000.000000	-64.000000	-1000.000000	-64.000000	528.000000	3
2241	1	0	3	4	79.563549	2.417842	79.713458	0.346073	47.734279	28.175153	-1000.000000	-1000.000000	-64.000000	-1000.000000	-64.000000	528.000000	3
2242	2	0	3	4	80.709626	1.720504	80.812021	0.321613	35.853194	25.396806	-1000.000000	-1000.000000	-64.000000	-1000.000000	-64.000000	528.000000	3
2243	3	0	3	4	80.874163	0.985871	81.142405	0.321171	49.376801	28.248684	-1000.000000	-1000.000000	-64.000000	-1000.000000	-64.000000	528.000000	3
2244	4	0	3	4	80.807014	2.457713	81.299332	0.345338	59.823011	31.086244	-1000.000000	-1000.000000	-64.000000	-1000.000000	-64.000000	528.000000	3
2245	5	0	3	4	82.223498	2.209776	82.725844	0.343971	69.261414	36.036926	-1000.000000	-1000.000000	-64.000000	-1000.000000	-64.000000	528.000000	3
2246	6	0	3	4	81.269871	2.647253	81.398059	0.376686	80.274933	41.872437	-1000.000000	-1000.000000	-64.000000	-1000.000000	-64.000000	528.000000	3
2247	7	0	3	4	80.291043	2.125589	80.655284	0.326421	85.899450	54.299707	-1000.000000	-1000.000000	-64.000000	-1000.000000	-64.000000	528.000000	3
2304	0	1	0	4	80.027982	2.019176	80.337351	0.317496	38.859061	24.503718	-1000.000000	-1000.000000	-64.000000	-1000.000000	-64.000000	528.000000	3
2305	1	1	0	4	81.959441	2.138402	82.462949	0.330017	50.400375	29.404049	-1000.000000	-1000.000000	-64.000000	-1000.000000	-64.000000	528.000000	3
2306	2	1	0	4	81.176371	1.724959	81.411047	0.320000	35.418677	23.651919	-1000.000000	-1000.000000	-64.000000	-1000.000000	-64.000000	528.000000	3
2307	3	1	0	4	81.142677	1.399829	81.556624	0.335034	48.616229	28.328157	-1000.000000	-1000.000000	-64.000000	-1000.000000	-64.000000	528.000000	3
2308	4	1	0	4	79.474341	2.647813	79.451289	0.363154	55.061743	29.301177	-1000.000000	-1000.000000	-64.000000	-1000.000000	-64.000000	528.000000	3
2309	5	1	0	4	80.217198	2.114566	80.451089	0.330147	67.494842	36.413098	-1000.000000	-1000.000000	-64.000000	-1000.000000	-64.000000	528.000000	3
2310	6	1	0	4	79.989862	2.129887	80.172238	0.328748	79.003033	46.700732	-1000.000000	-1000.000000	-64.000000	-1000.000000	-64.000000	528.000000	3
2311	7	1	0	4	79.688944	2.545021	79.690034	0.341789	80.513050	47.320393	-1000.000000	-1000.000000	-64.000000	-1000.000000	-64.000000	528.000000	3
2368	0	1	1	4	78.601948	2.651865	78.736357	0.345521	37.618275	23.923159	-1000.000000	-1000.000000	-64.000000	-1000.000000	-64.000000	528.000000	3
2369	1	1	1	4	78.850231	2.344127	79.050782	0.338953	48.649433	28.260289	-1000.000000	-1000.000000	-64.000000	-1000.000000	-64.000000	528.000000	3
2370	2	1	1	4	80.512969	1.848328	80.788863	0.308831	41.772255	25.352146	-1000.000000	-1000.000000	-64.000000	-1000.000000	-64.000000	528.000000	3
2371	3	1	1	4	79.910185	2.598369	79.854195	0.346964	49.473448	28.702665	-1000.000000	-1000.000000	-64.000000	-1000.000000	-64.000000	528.000000	3
2372	4	1	1	4	78.908110	2.529751	79.103802	0.355110	56.564768	30.328307	-1000.000000	-1000.000000	-64.000000	-1000.000000	-64.000000	528.000000	3
2373	5	1	1	4	78.640086	2.810620	78.883609	0.369320	70.493739	38.321863	-1000.000000	-1000.000000	-64.000000	-1000.000000	-64.000000	528.000000	3
2374	6	1	1	4	82.983265	2.269932	83.550092	0.331747	72.430271	36.381263	-1000.000000	-1000.000000	-64.000000	-1000.000000	-64.000000	528.000000	3
2375	7	1	1	4	80.146468	2.392952	80.105697	0.344014	81.510789	49.941852	-1000.000000	-1000.000000	-64.000000	-1000.000000	-64.000000	528.000000	3
2432	0	1	2	4	80.753794	1.946897	80.813202	0.328203	38.283342	23.698575	-1000.000000	-1000.000000	-64.000000	-1000.000000	-64.000000	528.000000	3
2433	1	1	2	4	79.839714	2.187354	80.141577	0.335325	47.321023	27.688730	-1000.000000	-1000.000000	-64.000000	-1000.000000	-64.000000	528.000000	3
2434	2	1	2	4	81.108581	1.609958	81.229172	0.318341	37.220701	24.556724	-1000.000000	-1000.000000	-64.000000	-1000.000000	-64.000000	528.000000	3
2435	3	1	2	4	80.719500	2.115930	81.051830	0.332958	46.977074	27.531972	-1000.000000	-1000.000000	-64.000000	-1000.000000	-64.000000	528.000000	3
2436	4	1	2	4	77.034810	2.656768	77.397304	0.351350	61.931399	31.511958	-1000.000000	-1000.000000	-64.000000	-1000.000000	-64.000000	528.000000	3
2437	5	1	2	4	80.679126	1.603960	80.518735	0.349100	62.916244	31.708982	-1000.000000	-1000.000000	-64.000000	-1000.000000	-64.000000	528.000000	3
2438	6	1	2	4	79.824143	2.693813	80.079797	0.355074	75.797543	38.886666	-1000.000000	-1000.000000	-64.000000	-1000.000000	-64.000000	528.000000	3
2439	7	1	2	4	81.290741	1.149469	81.873867	0.332810	78.812403	46.922685	-1000.000000	-1000.000000	-64.000000	-1000.000000	-64.000000	528.000000	3
2496	0	1	3	4	80.140088	2.240567	80.259423	0.331573	36.807759	23.166382	-1000.000000	-1000.000000	-64.000000	-1000.000000	-64.000000	528.000000	3
2497	1	1	3	4	80.241008	2.362412	80.250510	0.342632	44.711997	25.624559	-1000.000000	-1000.000000	-64.000000	-1000.000000	-64.000000	528.000000	3
2498	2	1	3	4	78.743100	2.188743	79.061638	0.311653	36.452156	24.775092	-1000.000000	-1000.000000	-64.000000	-1000.000000	-64.000000	528.000000	3
2499	3	1	3	4	80.763706	0.660695	80.683623	0.324362	51.542756	31.012074	-1000.000000	-1000.000000	-64.000000	-1000.000000	-64.000000	528.000000	3
2500	4	1	3	4	76.882553	2.855781	77.239190	0.359462	58.768724	30.284419	-1000.000000	-1000.000000	-64.000000	-1000.000000	-64.000000	528.000000	3
2501	5	1	3	4	81.504492	2.290926	81.890321	0.329687	67.748861	35.875489	-1000.000000	-1000.000000	-64.000000	-1000.000000	-64.000000	528.000000	3
2502	6	1	3	4	80.412438	2.136704	80.735195	0.333818	72.076058	42.808428	-1000.000000	-1000.000000	-64.000000	-1000.000000	-64.000000	528.000000	3
2503	7	1	3	4	82.880179	2.170474	83.572336	0.332682	81.742130	52.966565	-1000.000000	-1000.000000	-64.000000	-1000.000000	-64.000000	528.000000	3
2560	0	0	0	5	80.690672	2.603706	81.456564	0.363741	47.786064	28.478568	-1000.000000	-1000.000000	-64.000000	-1000.000000	-64.000000	528.000000	3
2561	1	0	0	5	80.207840	2.492593	80.984488	0.356039	53.301904	31.715044	-1000.000000	-1000.000000	-64.000000	-1000.000000	-64.000000	528.000000	3
2562	2	0	0	5	78.129493	2.675768	78.602817	0.367787	55.565742	32.778791	-1000.000000	-1000.000000	-64.000000	-1000.000000	-64.000000	528.000000	3
2563	3	0	0	5	81.075501	0.978521	81.334031	0.312312	53.024946	30.146318	-1000.000000	-1000.000000	-64.000000	-1000.000000	-64.000000	528.000000	3
2564	4	0	0	5	75.641252	3.609887	76.175362	0.423206	86.114116	44.947163	-1000.000000	-1000.000000	-64.000000	-1000.000000	-64.000000	528.000000	3
2565	5	0	0	5	80.927734	1.999721	81.352657	0.314129	80.155962	45.750753	-1000.000000	-1000.000000	-64.000000	-1000.000000	-64.000000	528.000000	3
2566	6	0	0	5	79.210624	2.000145	79.399221	0.310059	85.306796	51.713819	-1000.000000	-1000.000000	-64.000000	-1000.000000	-64.000000	528.000000	3
2567	7	0	0	5	81.982995	1.751954	82.445390	0.327552	103.500277	69.759111	-1000.000000	-1000.000000	-64.000000	-1000.000000	-64.000000	528.000000	3
2624	0	0	1	5	85.121366	2.966710	86.190617	0.386775	48.174502	29.061954	-1000.000000	-1000.000000	-64.000000	-1000.000000	-64.000000	528.000000	3
2625	1	0	1	5	106.143263	2.923610	106.908557	0.372664	59.701436	35.214157	-1000.000000	-1000.000000	-64.000000	-1000.000000	-64.000000	528.000000	3
2626	2	0	1	5	80.881700	1.751898	81.192226	0.321891	43.068899	25.022564	-1000.000000	-1000.000000	-64.000000	-1000.000000	-64.000000	528.000000	3
2627	3	0	1	5	77.203942	2.890642	77.919158	0.367285	61.321268	35.407357	-1000.000000	-1000.000000	-64.000000	-1000.000000	-64.000000	528.000000	3
2628	4	0	1	5	80.849161	2.066640	81.280631	0.317973	73.569883	38.827924	-1000.000000	-1000.000000	-64.000000	-1000.000000	-64.000000	528.000000	3
2629	5	0	1	5	66.582243	2.155239	66.804042	0.315096	79.781939	38.369248	-1000.000000	-1000.000000	-64.000000	-1000.000000	-64.000000	528.000000	3
2630	6	0	1	5	78.836029	3.093785	79.303770	0.372181	96.222859	55.831541	-1000.000000	-1000.000000	-64.000000	-1000.000000	-64.000000	528.000000	3
2631	7	0	1	5	80.764399	0.659967	80.501062	0.286003	97.856429	58.074811	-1000.000000	-1000.000000	-64.000000	-1000.000000	-64.000000	528.000000	3
2688	0	0	2	5	78.973768	2.788521	79.598465	0.357555	49.781258	29.201189	-1000.000000	-1000.000000	-64.000000	-1000.000000	-64.000000	528.000000	3
2689	1	0	2	5	78.731363	2.638755	79.493263	0.361634	52.169876	32.139547	-1000.000000	-1000.000000	-64.000000	-1000.000000	-64.000000	528.000000	3
2690	2	0	2	5	81.472566	1.912229	81.955948	0.328705	51.125946	29.637361	-1000.000000	-1000.000000	-64.000000	-1000.000000	-64.000000	528.000000	3
2691	3	0	2	5	80.481366	2.415652	81.111287	0.360259	61.202834	37.321954	-1000.000000	-1000.000000	-64.000000	-1000.000000	-64.000000	528.000000	3
2692	4	0	2	5	80.970904	3.497692	81.763790	0.398647	94.788953	52.813347	-1000.000000	-1000.000000	-64.000000	-1000.000000	-64.000000	528.000000	3
2693	5	0	2	5	78.352910	3.339301	79.022025	0.385771	102.157050	61.040668	-1000.000000	-1000.000000	-64.000000	-1000.000000	-64.000000	528.000000	3
2694	6	0	2	5	81.008185	1.220787	81.138178	0.317239	86.878996	50.150364	-1000.000000	-1000.000000	-64.000000	-1000.000000	-64.000000	528.000000	3
2695	7	0	2	5	80.411922	2.585914	80.859251	0.367515	117.082334	75.014352	-1000.000000	-1000.000000	-64.000000	-1000.000000	-64.000000	528.000000	3
2752	0	0	3	5	60.774577	2.176939	61.105573	0.318622	42.425386	24.855819	-1000.000000	-1000.000000	-64.000000	-1000.000000	-64.000000	528.000000	3
2753	1	0	3	5	79.267138	1.930667	79.514517	0.294830	42.467219	25.264626	-1000.000000	-1000.000000	-64.000000	-1000.000000	-64.000000	528.000000	3
2754	2	0	3	5	80.144196	1.893383	80.592666	0.299196	44.990320	25.492789	-1000.000000	-1000.000000	-64.000000	-1000.000000	-64.000000	528.000000	3
2755	3	0	3	5	80.841399	1.348168	80.831522	0.301133	51.656050	29.088528	-1000.000000	-1000.000000	-64.000000	-1000.000000	-64.000000	528.000000	3
2756	4	0	3	5	78.792710	3.477036	79.531695	0.405948	88.941596	47.432383	-1000.000000	-1000.000000	-64.000000	-1000.000000	-64.000000	528.000000	3
2757	5	0	3	5	80.516739	1.974509	81.000676	0.319807	79.477510	43.636879	-1000.000000	-1000.000000	-64.000000	-1000.000000	-64.000000	528.000000	3
2758	6	0	3	5	81.489812	1.579053	81.807859	0.329992	82.735773	47.106745	-1000.000000	-1000.000000	-64.000000	-1000.000000	-64.000000	528.000000	3
2759	7	0	3	5	81.063638	2.306928	81.535637	0.371486	126.290716	79.568412	-1000.000000	-1000.000000	-64.000000	-1000.000000	-64.000000	528.000000	3
2816	0	1	0	5	79.241063	2.892940	80.026053	0.372228	52.363307	30.551091	-1000.000000	-1000.000000	-64.000000	-1000.000000	-64.000000	528.000000	3
2817	1	1	0	5	79.744246	2.634635	80.636583	0.367124	52.674708	31.650945	-1000.000000	-1000.000000	-64.000000	-1000.000000	-64.000000	528.000000	3
2818	2	1	0	5	79.049860	2.728716	79.495853	0.352429	55.452249	31.958123	-1000.000000	-1000.000000	-64.000000	-1000.000000	-64.000000	528.000000	3
2819	3	1	0	5	81.019981	0.928570	81.236904	0.319432	53.664804	30.613871	-1000.000000	-1000.000000	-64.000000	-1000.000000	-64.000000	528.000000	3
2820	4	1	0	5	80.707337	2.120090	81.122142	0.320918	75.881711	40.022173	-1000.000000	-1000.000000	-64.000000	-1000.000000	-64.000000	528.000000	3
2821	5	1	0	5	80.669726	1.270064	80.634602	0.297043	82.067742	39.522624	-1000.000000	-1000.000000	-64.000000	-1000.000000	-64.000000	528.000000	3
2822	6	1	0	5	79.412530	3.031024	79.930906	0.382418	104.035091	61.869544	-1000.000000	-1000.000000	-64.000000	-1000.000000	-64.000000	528.000000	3
2823	7	1	0	5	80.945913	2.011710	81.273775	0.321151	99.945269	53.820973	-1000.000000	-1000.000000	-64.000000	-1000.000000	-64.000000	528.000000	3
2880	0	1	1	5	80.026709	2.648682	80.508946	0.367647	48.160298	27.603319	-1000.000000	-1000.000000	-64.000000	-1000.000000	-64.000000	528.000000	3
2881	1	1	1	5	84.112198	3.042564	84.931963	0.381403	58.691600	35.539894	-1000.000000	-1000.000000	-64.000000	-1000.000000	-64.000000	528.000000	3
2882	2	1	1	5	81.741532	1.885384	82.162809	0.333508	46.259735	26.601815	-1000.000000	-1000.000000	-64.000000	-1000.000000	-64.000000	528.000000	3
2883	3	1	1	5	79.837221	2.566807	80.046240	0.350167	58.602644	34.615245	-1000.000000	-1000.000000	-64.000000	-1000.000000	-64.000000	528.000000	3
2884	4	1	1	5	69.713414	2.172681	70.059933	0.329394	71.366329	34.497968	-1000.000000	-1000.000000	-64.000000	-1000.000000	-64.000000	528.000000	3
2885	5	1	1	5	80.971446	1.332808	81.081272	0.321033	82.832672	45.205010	-1000.000000	-1000.000000	-64.000000	-1000.000000	-64.000000	528.000000	3
2886	6	1	1	5	86.874237	2.087316	87.047240	0.313143	85.772016	43.690495	-1000.000000	-1000.000000	-64.000000	-1000.000000	-64.000000	528.000000	3
2887	7	1	1	5	81.236976	1.130082	81.447880	0.317156	89.097472	53.067749	-1000.000000	-1000.000000	-64.000000	-1000.000000	-64.000000	528.000000	3
2944	0	1	2	5	81.394605	2.395756	81.968937	0.365670	51.224049	28.710931	-1000.000000	-1000.000000	-64.000000	-1000.000000	-64.000000	528.000000	3
2945	1	1	2	5	79.718906	2.695690	80.444423	0.360761	56.519088	33.603078	-1000.000000	-1000.000000	-64.000000	-1000.000000	-64.000000	528.000000	3
2946	2	1	2	5	81.323084	2.275095	82.044048	0.354284	55.071622	31.544400	-1000.000000	-1000.000000	-64.000000	-1000.000000	-64.000000	528.000000	3
2947	3	1	2	5	81.151857	1.690394	81.445137	0.316531	51.620943	29.934891	-1000.000000	-1000.000000	-64.000000	-1000.000000	-64.000000	528.000000	3
2948	4	1	2	5	81.126811	2.056118	81.527295	0.339651	75.899929	39.830414	-1000.000000	-1000.000000	-64.000000	-1000.000000	-64.000000	528.000000	3
2949	5	1	2	5	79.689696	3.033381	80.174333	0.383096	89.732380	49.512402	-1000.000000	-1000.000000	-64.000000	-1000.000000	-64.000000	528.000000	3
2950	6	1	2	5	71.022870	2.230415	70.929471	0.312338	75.534213	40.213711	-1000.000000	-1000.000000	-64.000000	-1000.000000	-64.000000	528.000000	3
2951	7	1	2	5	81.062067	0.895196	81.144234	0.314855	105.864997	56.715807	-1000.000000	-1000.000000	-64.000000	-1000.000000	-64.000000	528.000000	3
3008	0	1	3	5	79.440409	2.511141	79.849015	0.345783	49.821406	28.662593	-1000.000000	-1000.000000	-64.000000	-1000.000000	-64.000000	528.000000	3
3009	1	1	3	5	80.694542	1.032318	80.454174	0.274452	41.561151	23.500648	-1000.000000	-1000.000000	-64.000000	-1000.000000	-64.000000	528.000000	3
3010	2	1	3	5	76.355458	3.092555	76.801661	0.376254	55.640704	31.896804	-1000.000000	-1000.000000	-64.000000	-1000.000000	-64.000000	528.000000	3
3011	3	1	3	5	81.220897	1.754653	81.716255	0.316708	56.265664	33.725846	-1000.000000	-1000.000000	-64.000000	-1000.000000	-64.000000	528.000000	3
3012	4	1	3	5	74.829044	3.737137	75.415485	0.414899	92.225634	47.980231	-1000.000000	-1000.000000	-64.000000	-1000.000000	-64.000000	528.000000	3
3013	5	1	3	5	78.706141	3.017492	79.526743	0.395244	98.169244	55.687938	-1000.000000	-1000.000000	-64.000000	-1000.000000	-64.000000	528.000000	3
3014	6	1	3	5	80.900139	1.543939	81.267071	0.310778	77.067432	47.634664	-1000.000000	-1000.000000	-64.000000	-1000.000000	-64.000000	528.000000	3
3015	7	1	3	5	81.501969	2.742320	82.373669	0.367908	114.694753	78.085171	-1000.000000	-1000.000000	-64.000000	-1000.000000	-64.000000	528.000000	3
