#****************************************************************************************************************************************************************************************************************
#Calib info:
 	 RunNr: 473	 start time:0x7ffc39ec4bc0	 RunNrPed: 471	 start time:0x7ffc39ec4bd0	 RunNrMip: 473	 start time:0x7ffc39ec4be0	 Vop: 44	 Vov: 6.7	 BC calib set: 1
#****************************************************************************************************************************************************************************************************************
#cellID	layer	row	column	module	ped mean H	ped sig H	ped mean L	ped sig L	mip Scale H	mip Width H	mip Scale L	mip Width L	LG-HG	HG-LG	BC
#****************************************************************************************************************************************************************************************************************
0	0	0	0	0	80.565553	1.146010	80.395022	0.224871	13.549522	7.251842	-1000.000000	-1000.000000	-64.000000	-1000.000000	-64.000000	780.000000	3
1	1	0	0	0	90.116461	0.863647	90.416561	0.369867	12.834589	7.996008	-1000.000000	-1000.000000	-64.000000	-1000.000000	-64.000000	528.000000	3
2	2	0	0	0	81.198792	0.906082	80.888161	0.287896	17.235820	9.928177	-1000.000000	-1000.000000	-64.000000	-1000.000000	-64.000000	780.000000	3
3	3	0	0	0	75.239296	1.353992	75.562052	0.231736	18.327328	10.639679	-1000.000000	-1000.000000	-64.000000	-1000.000000	-64.000000	528.000000	3
4	4	0	0	0	81.237189	1.236480	81.181904	0.297432	26.381873	13.020520	-1000.000000	-1000.000000	-64.000000	-1000.000000	-64.000000	780.000000	3
5	5	0	0	0	78.650598	1.095114	79.139187	0.289287	26.167043	13.398360	-1000.000000	-1000.000000	-64.000000	-1000.000000	-64.000000	780.000000	3
6	6	0	0	0	82.180523	0.904656	82.697651	0.327007	32.425794	16.681909	-1000.000000	-1000.000000	-64.000000	-1000.000000	-64.000000	528.000000	3
7	7	0	0	0	80.746995	1.284484	80.420846	0.230473	35.598089	18.607797	-1000.000000	-1000.000000	-64.000000	-1000.000000	-64.000000	780.000000	3
64	0	0	1	0	80.302298	0.410869	79.644862	0.217262	14.921257	8.183713	-1000.000000	-1000.000000	-64.000000	-1000.000000	-64.000000	780.000000	3
65	1	0	1	0	79.486879	0.850275	79.871335	0.176423	13.907239	7.619994	-1000.000000	-1000.000000	-64.000000	-1000.000000	-64.000000	780.000000	3
66	2	0	1	0	81.024974	0.940346	80.796823	0.281557	19.814770	11.382807	-1000.000000	-1000.000000	-64.000000	-1000.000000	-64.000000	780.000000	3
67	3	0	1	0	81.628465	1.041546	81.217784	0.336319	18.375968	11.078171	-1000.000000	-1000.000000	-64.000000	-1000.000000	-64.000000	528.000000	3
68	4	0	1	0	89.720175	0.990108	89.738423	0.335482	23.877064	12.219789	-1000.000000	-1000.000000	-64.000000	-1000.000000	-64.000000	528.000000	3
69	5	0	1	0	81.442219	1.053796	81.339745	0.307690	28.946821	14.120377	-1000.000000	-1000.000000	-64.000000	-1000.000000	-64.000000	780.000000	3
70	6	0	1	0	82.822642	1.231983	83.237609	0.279117	27.025995	13.780188	-1000.000000	-1000.000000	-64.000000	-1000.000000	-64.000000	528.000000	3
71	7	0	1	0	77.745472	0.756702	77.602412	0.364166	33.796614	19.012715	-1000.000000	-1000.000000	-64.000000	-1000.000000	-64.000000	528.000000	3
128	0	0	2	0	80.732679	0.688124	80.201338	0.185770	14.486520	7.673712	-1000.000000	-1000.000000	-64.000000	-1000.000000	-64.000000	780.000000	3
129	1	0	2	0	80.929781	1.015990	80.585124	0.243837	15.136212	8.597676	-1000.000000	-1000.000000	-64.000000	-1000.000000	-64.000000	780.000000	3
130	2	0	2	0	81.962510	0.938957	81.947074	0.365174	15.534467	9.258116	-1000.000000	-1000.000000	-64.000000	-1000.000000	-64.000000	528.000000	3
131	3	0	2	0	81.766038	1.012477	81.626098	0.319213	20.381280	11.852694	-1000.000000	-1000.000000	-64.000000	-1000.000000	-64.000000	780.000000	3
132	4	0	2	0	83.759565	1.431015	83.741451	0.207798	23.573004	10.995174	-1000.000000	-1000.000000	-64.000000	-1000.000000	-64.000000	528.000000	3
133	5	0	2	0	81.549420	0.962935	81.420227	0.349687	26.206529	13.331283	-1000.000000	-1000.000000	-64.000000	-1000.000000	-64.000000	528.000000	3
134	6	0	2	0	82.313595	0.909842	82.798061	0.302605	32.803582	16.903244	-1000.000000	-1000.000000	-64.000000	-1000.000000	-64.000000	528.000000	3
135	7	0	2	0	83.003474	1.260134	83.453498	0.222895	34.966044	18.961969	-1000.000000	-1000.000000	-64.000000	-1000.000000	-64.000000	528.000000	3
192	0	0	3	0	81.835824	1.051731	81.990267	0.320825	13.526357	7.666236	-1000.000000	-1000.000000	-64.000000	-1000.000000	-64.000000	780.000000	3
193	1	0	3	0	81.073754	1.193619	80.915166	0.289907	14.304039	8.124954	-1000.000000	-1000.000000	-64.000000	-1000.000000	-64.000000	780.000000	3
194	2	0	3	0	81.617242	0.947565	81.286801	0.292449	18.616514	11.494729	-1000.000000	-1000.000000	-64.000000	-1000.000000	-64.000000	780.000000	3
195	3	0	3	0	80.783300	0.483038	80.222325	0.169488	16.548262	9.655844	-1000.000000	-1000.000000	-64.000000	-1000.000000	-64.000000	528.000000	3
196	4	0	3	0	81.831640	0.940799	81.828846	0.319510	23.884050	11.705717	-1000.000000	-1000.000000	-64.000000	-1000.000000	-64.000000	528.000000	3
197	5	0	3	0	81.628028	0.962716	81.486654	0.394636	28.859475	14.486502	-1000.000000	-1000.000000	-64.000000	-1000.000000	-64.000000	528.000000	3
198	6	0	3	0	80.848967	0.514557	80.471543	0.249031	35.525923	21.600734	-1000.000000	-1000.000000	-64.000000	-1000.000000	-64.000000	780.000000	3
199	7	0	3	0	82.924464	1.325476	83.291010	0.274696	34.005795	18.202416	-1000.000000	-1000.000000	-64.000000	-1000.000000	-64.000000	528.000000	3
256	0	1	0	0	82.505770	0.851085	82.917432	0.315356	13.012161	7.739633	-1000.000000	-1000.000000	-64.000000	-1000.000000	-64.000000	528.000000	3
257	1	1	0	0	90.551358	1.058930	91.200244	0.281575	14.503418	8.859899	-1000.000000	-1000.000000	-64.000000	-1000.000000	-64.000000	528.000000	3
258	2	1	0	0	81.595507	0.914571	81.183237	0.333555	16.428573	10.183960	-1000.000000	-1000.000000	-64.000000	-1000.000000	-64.000000	528.000000	3
259	3	1	0	0	81.680119	0.934231	81.551634	0.368507	18.192354	10.624069	-1000.000000	-1000.000000	-64.000000	-1000.000000	-64.000000	528.000000	3
260	4	1	0	0	76.367853	1.261704	76.004913	0.210037	23.323291	11.766051	-1000.000000	-1000.000000	-64.000000	-1000.000000	-64.000000	780.000000	3
261	5	1	0	0	90.622652	0.905052	91.054858	0.302212	29.069861	16.572794	-1000.000000	-1000.000000	-64.000000	-1000.000000	-64.000000	528.000000	3
262	6	1	0	0	82.320397	0.870377	82.659829	0.339533	32.924524	16.786631	-1000.000000	-1000.000000	-64.000000	-1000.000000	-64.000000	528.000000	3
263	7	1	0	0	82.143654	1.003334	82.390542	0.327679	37.086189	19.409756	-1000.000000	-1000.000000	-64.000000	-1000.000000	-64.000000	780.000000	3
320	0	1	1	0	80.464954	0.589886	79.927593	0.171014	14.364882	8.605344	-1000.000000	-1000.000000	-64.000000	-1000.000000	-64.000000	780.000000	3
321	1	1	1	0	81.796478	1.000208	81.885065	0.328518	14.114739	8.299872	-1000.000000	-1000.000000	-64.000000	-1000.000000	-64.000000	780.000000	3
322	2	1	1	0	81.386106	0.952799	81.052782	0.317021	18.325721	11.272651	-1000.000000	-1000.000000	-64.000000	-1000.000000	-64.000000	528.000000	3
323	3	1	1	0	81.454289	0.972981	81.266538	0.315655	18.317363	11.046182	-1000.000000	-1000.000000	-64.000000	-1000.000000	-64.000000	780.000000	3
324	4	1	1	0	81.580561	1.220340	81.455193	0.299769	27.284065	13.224474	-1000.000000	-1000.000000	-64.000000	-1000.000000	-64.000000	780.000000	3
325	5	1	1	0	82.445987	1.162837	82.788882	0.311432	29.770860	14.410363	-1000.000000	-1000.000000	-64.000000	-1000.000000	-64.000000	780.000000	3
326	6	1	1	0	83.090466	1.350373	83.489111	0.241482	28.663109	14.793924	-1000.000000	-1000.000000	-64.000000	-1000.000000	-64.000000	528.000000	3
327	7	1	1	0	81.066205	0.874623	80.904349	0.294009	37.914746	20.823780	-1000.000000	-1000.000000	-64.000000	-1000.000000	-64.000000	780.000000	3
384	0	1	2	0	81.344718	0.886064	81.155927	0.317060	14.539795	8.209335	-1000.000000	-1000.000000	-64.000000	-1000.000000	-64.000000	780.000000	3
385	1	1	2	0	82.391717	0.928439	82.804308	0.326180	16.446556	10.323149	-1000.000000	-1000.000000	-64.000000	-1000.000000	-64.000000	780.000000	3
386	2	1	2	0	80.926899	1.035598	80.551873	0.234594	17.092168	10.111649	-1000.000000	-1000.000000	-64.000000	-1000.000000	-64.000000	528.000000	3
387	3	1	2	0	65.555010	1.643884	65.576624	0.324876	17.702369	10.482393	-1000.000000	-1000.000000	-64.000000	-1000.000000	-64.000000	780.000000	3
388	4	1	2	0	82.807206	1.278648	83.043660	0.278281	23.479173	11.256277	-1000.000000	-1000.000000	-64.000000	-1000.000000	-64.000000	528.000000	3
389	5	1	2	0	82.081639	0.894874	82.389818	0.332689	27.535404	13.219250	-1000.000000	-1000.000000	-64.000000	-1000.000000	-64.000000	528.000000	3
390	6	1	2	0	81.724407	1.196980	81.835054	0.293057	36.550931	18.943539	-1000.000000	-1000.000000	-64.000000	-1000.000000	-64.000000	780.000000	3
391	7	1	2	0	82.038649	0.892938	82.315279	0.340292	34.958756	20.542855	-1000.000000	-1000.000000	-64.000000	-1000.000000	-64.000000	528.000000	3
448	0	1	3	0	86.425492	1.117995	86.753268	0.324331	15.811352	9.945438	-1000.000000	-1000.000000	-64.000000	-1000.000000	-64.000000	780.000000	3
449	1	1	3	0	81.485928	0.881740	81.358675	0.330274	14.856494	9.092797	-1000.000000	-1000.000000	-64.000000	-1000.000000	-64.000000	780.000000	3
450	2	1	3	0	81.867659	1.066515	81.785843	0.322913	18.928883	11.114576	-1000.000000	-1000.000000	-64.000000	-1000.000000	-64.000000	780.000000	3
451	3	1	3	0	81.980001	0.898672	82.309984	0.387613	15.833058	9.835800	-1000.000000	-1000.000000	-64.000000	-1000.000000	-64.000000	528.000000	3
452	4	1	3	0	83.146488	1.442426	83.480579	0.271816	24.757356	11.935085	-1000.000000	-1000.000000	-64.000000	-1000.000000	-64.000000	780.000000	3
453	5	1	3	0	73.956234	0.981725	74.003638	0.320914	28.551161	14.713906	-1000.000000	-1000.000000	-64.000000	-1000.000000	-64.000000	528.000000	3
454	6	1	3	0	81.264183	0.959269	80.873382	0.293861	31.491703	15.962255	-1000.000000	-1000.000000	-64.000000	-1000.000000	-64.000000	528.000000	3
455	7	1	3	0	81.422491	1.099777	81.343135	0.345128	33.447831	18.217217	-1000.000000	-1000.000000	-64.000000	-1000.000000	-64.000000	528.000000	3
512	0	0	0	1	81.621611	1.091018	81.519944	0.328563	14.263031	8.255872	-1000.000000	-1000.000000	-64.000000	-1000.000000	-64.000000	780.000000	3
513	1	0	0	1	95.562229	0.563214	96.116819	0.158333	15.498799	8.988908	-1000.000000	-1000.000000	-64.000000	-1000.000000	-64.000000	780.000000	3
514	2	0	0	1	82.139392	0.959564	82.291359	0.339971	16.553755	10.059973	-1000.000000	-1000.000000	-64.000000	-1000.000000	-64.000000	780.000000	3
515	3	0	0	1	81.700062	0.830087	81.515259	0.380630	19.158563	10.831634	-1000.000000	-1000.000000	-64.000000	-1000.000000	-64.000000	780.000000	3
516	4	0	0	1	83.697842	1.454845	83.796566	0.212153	22.089024	10.320592	-1000.000000	-1000.000000	-64.000000	-1000.000000	-64.000000	780.000000	3
517	5	0	0	1	82.714636	1.087797	83.222450	0.284346	21.414688	10.461509	-1000.000000	-1000.000000	-64.000000	-1000.000000	-64.000000	780.000000	3
518	6	0	0	1	84.612615	1.119902	84.248569	0.197931	28.757217	14.611450	-1000.000000	-1000.000000	-64.000000	-1000.000000	-64.000000	780.000000	3
519	7	0	0	1	82.454069	0.823984	82.965310	0.310674	32.249315	16.471780	-1000.000000	-1000.000000	-64.000000	-1000.000000	-64.000000	780.000000	3
576	0	0	1	1	90.599382	0.815083	91.279469	0.264120	14.240133	8.598033	-1000.000000	-1000.000000	-64.000000	-1000.000000	-64.000000	780.000000	3
577	1	0	1	1	81.922373	0.994053	82.041268	0.384936	15.455611	9.389316	-1000.000000	-1000.000000	-64.000000	-1000.000000	-64.000000	780.000000	3
578	2	0	1	1	81.102929	0.887010	80.827599	0.296225	17.125790	9.734202	-1000.000000	-1000.000000	-64.000000	-1000.000000	-64.000000	780.000000	3
579	3	0	1	1	82.416513	0.937638	82.659257	0.324352	16.738007	10.395335	-1000.000000	-1000.000000	-64.000000	-1000.000000	-64.000000	780.000000	3
580	4	0	1	1	82.172345	0.941018	82.365556	0.342614	21.038644	9.962789	-1000.000000	-1000.000000	-64.000000	-1000.000000	-64.000000	780.000000	3
581	5	0	1	1	82.866931	1.351598	83.149814	0.291726	24.483421	11.715375	-1000.000000	-1000.000000	-64.000000	-1000.000000	-64.000000	780.000000	3
582	6	0	1	1	84.871048	0.725774	84.347372	0.220781	29.817594	15.188206	-1000.000000	-1000.000000	-64.000000	-1000.000000	-64.000000	780.000000	3
583	7	0	1	1	83.343088	1.393190	83.559005	0.226756	34.612868	17.778583	-1000.000000	-1000.000000	-64.000000	-1000.000000	-64.000000	780.000000	3
640	0	0	2	1	83.485137	1.342344	83.778855	0.186239	-1000.000000	-1000.000000	-1000.000000	-1000.000000	-64.000000	-1000.000000	-64.000000	780.000000	3
641	1	0	2	1	80.963018	1.033758	80.633802	0.260156	16.426221	9.592299	-1000.000000	-1000.000000	-64.000000	-1000.000000	-64.000000	780.000000	3
642	2	0	2	1	81.359613	0.882179	80.998848	0.306488	17.466836	11.146098	-1000.000000	-1000.000000	-64.000000	-1000.000000	-64.000000	780.000000	3
643	3	0	2	1	82.141800	0.972592	82.365251	0.342678	15.433278	9.571430	-1000.000000	-1000.000000	-64.000000	-1000.000000	-64.000000	780.000000	3
644	4	0	2	1	83.257874	1.308342	83.667673	0.221300	22.699886	10.642093	-1000.000000	-1000.000000	-64.000000	-1000.000000	-64.000000	780.000000	3
645	5	0	2	1	82.614641	1.040025	82.949123	0.295649	24.812457	11.673257	-1000.000000	-1000.000000	-64.000000	-1000.000000	-64.000000	780.000000	3
646	6	0	2	1	82.761689	1.166515	83.062514	0.300518	32.099362	16.926304	-1000.000000	-1000.000000	-64.000000	-1000.000000	-64.000000	780.000000	3
647	7	0	2	1	83.634002	1.390612	83.721874	0.201718	30.898239	16.253349	-1000.000000	-1000.000000	-64.000000	-1000.000000	-64.000000	780.000000	3
704	0	0	3	1	81.547688	1.052239	81.329804	0.356280	14.023315	7.870974	-1000.000000	-1000.000000	-64.000000	-1000.000000	-64.000000	780.000000	3
705	1	0	3	1	84.765179	0.962956	84.359256	0.211202	16.247189	9.767689	-1000.000000	-1000.000000	-64.000000	-1000.000000	-64.000000	780.000000	3
706	2	0	3	1	82.338274	0.890730	82.559123	0.376733	15.611921	9.459393	-1000.000000	-1000.000000	-64.000000	-1000.000000	-64.000000	780.000000	3
707	3	0	3	1	82.040340	0.929186	81.941665	0.416883	15.852293	8.913307	-1000.000000	-1000.000000	-64.000000	-1000.000000	-64.000000	780.000000	3
708	4	0	3	1	83.649823	1.332353	83.842083	0.195436	23.724357	10.971085	-1000.000000	-1000.000000	-64.000000	-1000.000000	-64.000000	780.000000	3
709	5	0	3	1	84.118620	1.292245	84.153537	0.176948	25.662052	12.549268	-1000.000000	-1000.000000	-64.000000	-1000.000000	-64.000000	780.000000	3
710	6	0	3	1	83.026587	1.105561	83.584067	0.222227	27.937341	15.490873	-1000.000000	-1000.000000	-64.000000	-1000.000000	-64.000000	780.000000	3
711	7	0	3	1	84.749934	0.767494	84.097584	0.167766	29.970837	15.788814	-1000.000000	-1000.000000	-64.000000	-1000.000000	-64.000000	780.000000	3
768	0	1	0	1	82.254779	0.895300	82.621664	0.317582	13.960129	8.308681	-1000.000000	-1000.000000	-64.000000	-1000.000000	-64.000000	780.000000	3
769	1	1	0	1	82.640545	0.808579	83.141053	0.292848	15.479522	9.812509	-1000.000000	-1000.000000	-64.000000	-1000.000000	-64.000000	780.000000	3
770	2	1	0	1	85.371231	0.871053	85.005171	0.303858	17.745159	10.760791	-1000.000000	-1000.000000	-64.000000	-1000.000000	-64.000000	780.000000	3
771	3	1	0	1	81.514814	0.890355	81.238961	0.377604	18.171981	10.727176	-1000.000000	-1000.000000	-64.000000	-1000.000000	-64.000000	780.000000	3
772	4	1	0	1	83.372530	1.245214	83.683556	0.218077	23.667799	11.003572	-1000.000000	-1000.000000	-64.000000	-1000.000000	-64.000000	780.000000	3
773	5	1	0	1	82.083004	0.897288	82.200936	0.383070	23.917842	13.805311	-1000.000000	-1000.000000	-64.000000	-1000.000000	-64.000000	780.000000	3
774	6	1	0	1	84.727570	0.716319	84.064180	0.186021	25.627860	12.789508	-1000.000000	-1000.000000	-64.000000	-1000.000000	-64.000000	780.000000	3
775	7	1	0	1	83.297332	1.167262	83.683708	0.211456	33.230193	16.924235	-1000.000000	-1000.000000	-64.000000	-1000.000000	-64.000000	780.000000	3
832	0	1	1	1	82.123827	0.948109	82.480850	0.315689	14.878798	8.383299	-1000.000000	-1000.000000	-64.000000	-1000.000000	-64.000000	780.000000	3
833	1	1	1	1	82.299370	0.907560	82.678949	0.318751	16.666891	10.439203	-1000.000000	-1000.000000	-64.000000	-1000.000000	-64.000000	780.000000	3
834	2	1	1	1	81.991367	0.940756	81.925782	0.320499	16.721145	9.781591	-1000.000000	-1000.000000	-64.000000	-1000.000000	-64.000000	780.000000	3
835	3	1	1	1	82.900373	1.443440	83.121552	0.274748	14.687784	9.287402	-1000.000000	-1000.000000	-64.000000	-1000.000000	-64.000000	780.000000	3
836	4	1	1	1	65.212304	1.591641	65.105387	0.268765	23.562890	12.376577	-1000.000000	-1000.000000	-64.000000	-1000.000000	-64.000000	780.000000	3
837	5	1	1	1	82.459985	1.045533	82.952512	0.286295	23.922623	11.139189	-1000.000000	-1000.000000	-64.000000	-1000.000000	-64.000000	780.000000	3
838	6	1	1	1	83.057519	1.220947	83.402878	0.222041	29.382230	14.965694	-1000.000000	-1000.000000	-64.000000	-1000.000000	-64.000000	780.000000	3
839	7	1	1	1	83.414674	1.298403	83.566280	0.206829	32.891037	17.469089	-1000.000000	-1000.000000	-64.000000	-1000.000000	-64.000000	780.000000	3
896	0	1	2	1	82.986955	1.451361	83.286211	0.274654	21.595997	0.659010	-1000.000000	-1000.000000	-64.000000	-1000.000000	-64.000000	780.000000	3
897	1	1	2	1	81.157862	0.973532	80.882714	0.294002	14.752354	8.018014	-1000.000000	-1000.000000	-64.000000	-1000.000000	-64.000000	780.000000	3
898	2	1	2	1	83.357377	1.361789	83.501262	0.240371	16.230726	9.904377	-1000.000000	-1000.000000	-64.000000	-1000.000000	-64.000000	780.000000	3
899	3	1	2	1	81.509411	1.049332	81.176495	0.350967	17.797651	10.397166	-1000.000000	-1000.000000	-64.000000	-1000.000000	-64.000000	780.000000	3
900	4	1	2	1	83.216416	1.084399	83.552415	0.233179	22.383654	10.219948	-1000.000000	-1000.000000	-64.000000	-1000.000000	-64.000000	780.000000	3
901	5	1	2	1	82.613676	1.192036	83.011779	0.303529	25.763101	12.669736	-1000.000000	-1000.000000	-64.000000	-1000.000000	-64.000000	780.000000	3
902	6	1	2	1	82.707534	1.187624	83.176971	0.286732	26.287974	13.227348	-1000.000000	-1000.000000	-64.000000	-1000.000000	-64.000000	780.000000	3
903	7	1	2	1	84.468471	0.762992	84.032871	0.149812	33.410275	17.276867	-1000.000000	-1000.000000	-64.000000	-1000.000000	-64.000000	780.000000	3
960	0	1	3	1	80.433183	0.866449	80.086386	0.147136	14.421255	7.804921	-1000.000000	-1000.000000	-64.000000	-1000.000000	-64.000000	780.000000	3
961	1	1	3	1	81.418944	0.965007	81.359323	0.364710	15.744345	8.687106	-1000.000000	-1000.000000	-64.000000	-1000.000000	-64.000000	780.000000	3
962	2	1	3	1	81.619662	0.789902	81.596617	0.310171	17.577713	10.042181	-1000.000000	-1000.000000	-64.000000	-1000.000000	-64.000000	780.000000	3
963	3	1	3	1	80.899046	0.931095	80.422903	0.220535	15.811613	9.059644	-1000.000000	-1000.000000	-64.000000	-1000.000000	-64.000000	780.000000	3
964	4	1	3	1	82.212820	0.943478	82.481917	0.333952	21.192709	9.784422	-1000.000000	-1000.000000	-64.000000	-1000.000000	-64.000000	780.000000	3
965	5	1	3	1	83.757348	1.328450	83.850805	0.181105	24.477958	11.598899	-1000.000000	-1000.000000	-64.000000	-1000.000000	-64.000000	780.000000	3
966	6	1	3	1	83.405715	1.214693	83.795576	0.177491	28.267012	14.162132	-1000.000000	-1000.000000	-64.000000	-1000.000000	-64.000000	780.000000	3
967	7	1	3	1	25.606781	0.811907	40.000000	0.001218	-1000.000000	-1000.000000	-1000.000000	-1000.000000	-64.000000	-1000.000000	-64.000000	780.000000	0
1024	0	0	0	2	80.419436	1.216078	80.345273	0.212771	12.279242	6.997748	-1000.000000	-1000.000000	-64.000000	-1000.000000	-64.000000	780.000000	3
1025	1	0	0	2	94.189104	1.035232	94.310214	0.380361	16.220607	10.790242	-1000.000000	-1000.000000	-64.000000	-1000.000000	-64.000000	10.000000	3
1026	2	0	0	2	-1000.000000	-1000.000000	79.658878	0.215767	-1000.000000	-1000.000000	-1000.000000	-1000.000000	-64.000000	-1000.000000	-64.000000	780.000000	3
1027	3	0	0	2	81.365572	0.990884	81.026919	0.296512	18.394660	11.442994	-1000.000000	-1000.000000	-64.000000	-1000.000000	-64.000000	10.000000	3
1028	4	0	0	2	82.181942	1.000932	82.089031	0.316577	23.911850	10.927696	-1000.000000	-1000.000000	-64.000000	-1000.000000	-64.000000	780.000000	3
1029	5	0	0	2	82.053509	0.950015	82.248204	0.345824	25.743799	12.081932	-1000.000000	-1000.000000	-64.000000	-1000.000000	-64.000000	780.000000	3
1030	6	0	0	2	85.115440	0.997608	84.658446	0.266735	32.219001	17.515849	-1000.000000	-1000.000000	-64.000000	-1000.000000	-64.000000	10.000000	3
1031	7	0	0	2	80.286044	1.073223	80.026281	0.124153	-1000.000000	-1000.000000	-1000.000000	-1000.000000	-64.000000	-1000.000000	-64.000000	780.000000	0
1088	0	0	1	2	81.230198	0.947211	81.104621	0.303685	12.606758	7.671477	-1000.000000	-1000.000000	-64.000000	-1000.000000	-64.000000	780.000000	3
1089	1	0	1	2	81.168282	0.886074	80.589809	0.255096	17.918843	10.765961	-1000.000000	-1000.000000	-64.000000	-1000.000000	-64.000000	780.000000	3
1090	2	0	1	2	82.828309	1.368478	83.125703	0.290962	17.103175	10.868670	-1000.000000	-1000.000000	-64.000000	-1000.000000	-64.000000	780.000000	3
1091	3	0	1	2	82.890620	1.098209	83.419675	0.254421	18.017309	11.299380	-1000.000000	-1000.000000	-64.000000	-1000.000000	-64.000000	10.000000	3
1092	4	0	1	2	83.955581	1.307851	83.963930	0.182435	24.574969	11.466767	-1000.000000	-1000.000000	-64.000000	-1000.000000	-64.000000	10.000000	3
1093	5	0	1	2	82.247868	0.842228	82.521301	0.331627	22.757365	11.130332	-1000.000000	-1000.000000	-64.000000	-1000.000000	-64.000000	780.000000	3
1094	6	0	1	2	84.842887	0.774466	84.236914	0.195208	29.706239	14.894172	-1000.000000	-1000.000000	-64.000000	-1000.000000	-64.000000	10.000000	3
1095	7	0	1	2	82.002571	0.904089	82.342474	0.348632	38.785973	21.495776	-1000.000000	-1000.000000	-64.000000	-1000.000000	-64.000000	10.000000	3
1152	0	0	2	2	81.583812	1.004517	81.486768	0.314064	12.291007	7.258784	-1000.000000	-1000.000000	-64.000000	-1000.000000	-64.000000	780.000000	3
1153	1	0	2	2	81.554828	0.895829	81.052972	0.312489	16.727368	10.284566	-1000.000000	-1000.000000	-64.000000	-1000.000000	-64.000000	780.000000	3
1154	2	0	2	2	81.928667	0.985377	81.940675	0.329041	17.596883	10.880481	-1000.000000	-1000.000000	-64.000000	-1000.000000	-64.000000	10.000000	3
1155	3	0	2	2	82.179329	0.832944	82.517606	0.331987	19.547349	11.780977	-1000.000000	-1000.000000	-64.000000	-1000.000000	-64.000000	780.000000	3
1156	4	0	2	2	81.786788	0.982306	81.871048	0.328603	25.316495	11.944994	-1000.000000	-1000.000000	-64.000000	-1000.000000	-64.000000	10.000000	3
1157	5	0	2	2	82.480741	1.098681	82.938610	0.314252	27.151059	13.083369	-1000.000000	-1000.000000	-64.000000	-1000.000000	-64.000000	10.000000	3
1158	6	0	2	2	84.407626	1.062000	83.986974	0.176363	31.484111	16.259155	-1000.000000	-1000.000000	-64.000000	-1000.000000	-64.000000	10.000000	3
1159	7	0	2	2	84.618862	0.782465	84.080711	0.181648	38.164313	22.141224	-1000.000000	-1000.000000	-64.000000	-1000.000000	-64.000000	10.000000	3
1216	0	0	3	2	80.887457	0.995206	80.406487	0.224433	15.801614	10.266530	-1000.000000	-1000.000000	-64.000000	-1000.000000	-64.000000	780.000000	3
1217	1	0	3	2	81.299468	0.979945	80.868659	0.289374	17.324458	10.579613	-1000.000000	-1000.000000	-64.000000	-1000.000000	-64.000000	780.000000	3
1218	2	0	3	2	82.117570	0.921906	82.304385	0.344448	16.397108	10.833594	-1000.000000	-1000.000000	-64.000000	-1000.000000	-64.000000	780.000000	3
1219	3	0	3	2	84.527877	1.002905	84.030319	0.183443	17.921299	11.676901	-1000.000000	-1000.000000	-64.000000	-1000.000000	-64.000000	10.000000	3
1220	4	0	3	2	84.407558	1.155296	84.014093	0.213621	22.445667	10.836503	-1000.000000	-1000.000000	-64.000000	-1000.000000	-64.000000	10.000000	3
1221	5	0	3	2	84.792316	0.876909	84.253711	0.214264	27.925519	15.780345	-1000.000000	-1000.000000	-64.000000	-1000.000000	-64.000000	10.000000	3
1222	6	0	3	2	83.263502	1.750742	83.132026	0.290720	28.210056	14.622481	-1000.000000	-1000.000000	-64.000000	-1000.000000	-64.000000	780.000000	3
1223	7	0	3	2	82.665647	1.253770	83.044726	0.305795	35.154680	19.966150	-1000.000000	-1000.000000	-64.000000	-1000.000000	-64.000000	10.000000	3
1280	0	1	0	2	81.643872	1.072831	81.654132	0.343112	11.620549	7.323289	-1000.000000	-1000.000000	-64.000000	-1000.000000	-64.000000	10.000000	3
1281	1	1	0	2	80.705923	1.014165	80.293931	0.198573	15.318279	9.000862	-1000.000000	-1000.000000	-64.000000	-1000.000000	-64.000000	10.000000	3
1282	2	1	0	2	82.575949	1.047850	82.891532	0.317729	16.525247	10.634912	-1000.000000	-1000.000000	-64.000000	-1000.000000	-64.000000	10.000000	3
1283	3	1	0	2	88.042771	1.250519	87.933458	0.162467	18.005105	10.344069	-1000.000000	-1000.000000	-64.000000	-1000.000000	-64.000000	10.000000	3
1284	4	1	0	2	81.097951	0.905394	80.830989	0.290744	24.910513	11.570141	-1000.000000	-1000.000000	-64.000000	-1000.000000	-64.000000	780.000000	3
1285	5	1	0	2	82.300261	0.722418	82.600182	0.332706	24.614754	11.678016	-1000.000000	-1000.000000	-64.000000	-1000.000000	-64.000000	10.000000	3
1286	6	1	0	2	82.174205	0.945086	82.437086	0.362732	30.503972	17.670494	-1000.000000	-1000.000000	-64.000000	-1000.000000	-64.000000	10.000000	3
1287	7	1	0	2	82.595177	1.473512	82.810897	0.315520	39.322533	21.145869	-1000.000000	-1000.000000	-64.000000	-1000.000000	-64.000000	780.000000	3
1344	0	1	1	2	83.400148	1.538155	83.671444	0.219998	11.723964	7.525525	-1000.000000	-1000.000000	-64.000000	-1000.000000	-64.000000	780.000000	3
1345	1	1	1	2	81.396686	0.724573	80.892808	0.295918	19.804167	14.140683	-1000.000000	-1000.000000	-64.000000	-1000.000000	-64.000000	780.000000	3
1346	2	1	1	2	79.631961	1.166902	79.813364	0.176774	16.090446	9.180808	-1000.000000	-1000.000000	-64.000000	-1000.000000	-64.000000	10.000000	3
1347	3	1	1	2	82.267440	1.178726	82.239444	0.340951	18.665207	11.807314	-1000.000000	-1000.000000	-64.000000	-1000.000000	-64.000000	780.000000	3
1348	4	1	1	2	81.867523	0.982770	81.782415	0.346382	23.664820	11.726766	-1000.000000	-1000.000000	-64.000000	-1000.000000	-64.000000	780.000000	3
1349	5	1	1	2	83.190991	1.290106	83.563880	0.243052	27.529541	13.262827	-1000.000000	-1000.000000	-64.000000	-1000.000000	-64.000000	780.000000	3
1350	6	1	1	2	94.757675	0.982244	95.328065	0.266880	28.886020	15.444272	-1000.000000	-1000.000000	-64.000000	-1000.000000	-64.000000	10.000000	3
1351	7	1	1	2	95.317740	0.659951	95.808518	0.187347	37.705948	24.401999	-1000.000000	-1000.000000	-64.000000	-1000.000000	-64.000000	780.000000	3
1408	0	1	2	2	81.977749	0.923910	82.244357	0.362637	12.687580	7.719882	-1000.000000	-1000.000000	-64.000000	-1000.000000	-64.000000	780.000000	3
1409	1	1	2	2	82.552946	1.210324	82.887571	0.318345	18.505718	11.874953	-1000.000000	-1000.000000	-64.000000	-1000.000000	-64.000000	780.000000	3
1410	2	1	2	2	81.170354	1.121815	80.897036	0.295929	18.692091	13.285007	-1000.000000	-1000.000000	-64.000000	-1000.000000	-64.000000	10.000000	3
1411	3	1	2	2	80.147422	1.104605	80.006285	0.161273	18.296657	11.997153	-1000.000000	-1000.000000	-64.000000	-1000.000000	-64.000000	780.000000	3
1412	4	1	2	2	84.279317	1.302463	84.225868	0.208506	22.249783	10.674106	-1000.000000	-1000.000000	-64.000000	-1000.000000	-64.000000	10.000000	3
1413	5	1	2	2	84.966295	0.847493	84.345125	0.223665	26.427192	12.665891	-1000.000000	-1000.000000	-64.000000	-1000.000000	-64.000000	10.000000	3
1414	6	1	2	2	82.441878	0.706478	83.040232	0.305168	27.885215	18.798016	-1000.000000	-1000.000000	-64.000000	-1000.000000	-64.000000	780.000000	3
1415	7	1	2	2	84.153047	1.139108	83.817439	0.184250	37.907026	21.270331	-1000.000000	-1000.000000	-64.000000	-1000.000000	-64.000000	10.000000	3
1472	0	1	3	2	82.241682	0.933882	82.600220	0.337919	13.186619	7.905008	-1000.000000	-1000.000000	-64.000000	-1000.000000	-64.000000	780.000000	3
1473	1	1	3	2	85.991012	0.948483	86.291134	0.313480	17.628929	11.564178	-1000.000000	-1000.000000	-64.000000	-1000.000000	-64.000000	780.000000	3
1474	2	1	3	2	82.062817	1.016483	82.362699	0.338066	18.389467	11.662637	-1000.000000	-1000.000000	-64.000000	-1000.000000	-64.000000	780.000000	3
1475	3	1	3	2	82.279253	1.137733	82.636976	0.325824	18.895068	11.724776	-1000.000000	-1000.000000	-64.000000	-1000.000000	-64.000000	10.000000	3
1476	4	1	3	2	80.751689	1.390903	80.727958	0.275075	26.129036	12.561437	-1000.000000	-1000.000000	-64.000000	-1000.000000	-64.000000	780.000000	3
1477	5	1	3	2	82.837767	1.391607	83.244046	0.286650	25.080351	12.490704	-1000.000000	-1000.000000	-64.000000	-1000.000000	-64.000000	10.000000	3
1478	6	1	3	2	83.080539	1.309377	83.495663	0.259296	32.501222	16.222021	-1000.000000	-1000.000000	-64.000000	-1000.000000	-64.000000	10.000000	3
1479	7	1	3	2	82.526636	0.754110	83.041565	0.304385	36.362547	20.991461	-1000.000000	-1000.000000	-64.000000	-1000.000000	-64.000000	10.000000	3
1536	0	0	0	3	81.405993	1.076318	81.200605	0.291089	18.041373	10.798227	-1000.000000	-1000.000000	-64.000000	-1000.000000	-64.000000	528.000000	3
1537	1	0	0	3	81.747009	1.058372	81.858974	0.319826	16.473830	10.305098	-1000.000000	-1000.000000	-64.000000	-1000.000000	-64.000000	528.000000	3
1538	2	0	0	3	82.424071	1.075470	82.714075	0.332077	18.645502	11.380713	-1000.000000	-1000.000000	-64.000000	-1000.000000	-64.000000	528.000000	3
1539	3	0	0	3	82.424564	1.072593	82.697803	0.326701	14.965779	9.466979	-1000.000000	-1000.000000	-64.000000	-1000.000000	-64.000000	780.000000	3
1540	4	0	0	3	84.566570	1.464417	84.418942	0.253354	22.312793	10.708122	-1000.000000	-1000.000000	-64.000000	-1000.000000	-64.000000	528.000000	3
1541	5	0	0	3	49.697232	0.857590	49.106756	0.312035	25.630857	12.152080	-1000.000000	-1000.000000	-64.000000	-1000.000000	-64.000000	780.000000	3
1542	6	0	0	3	85.225137	0.969810	84.686594	0.269014	27.089281	13.261851	-1000.000000	-1000.000000	-64.000000	-1000.000000	-64.000000	780.000000	3
1543	7	0	0	3	84.869384	1.182230	84.344706	0.210199	32.373123	17.313159	-1000.000000	-1000.000000	-64.000000	-1000.000000	-64.000000	780.000000	3
1600	0	0	1	3	80.742607	0.748880	80.404315	0.224347	18.505407	10.533737	-1000.000000	-1000.000000	-64.000000	-1000.000000	-64.000000	528.000000	3
1601	1	0	1	3	81.002301	0.979859	80.777169	0.273702	19.000989	13.255679	-1000.000000	-1000.000000	-64.000000	-1000.000000	-64.000000	528.000000	3
1602	2	0	1	3	94.811468	0.950149	95.163483	0.292794	17.808749	10.780775	-1000.000000	-1000.000000	-64.000000	-1000.000000	-64.000000	780.000000	3
1603	3	0	1	3	81.365301	1.089547	81.005894	0.286787	13.700972	8.618571	-1000.000000	-1000.000000	-64.000000	-1000.000000	-64.000000	528.000000	3
1604	4	0	1	3	82.781893	1.045096	83.320681	0.271482	19.255078	9.305047	-1000.000000	-1000.000000	-64.000000	-1000.000000	-64.000000	780.000000	3
1605	5	0	1	3	82.202403	0.979256	82.603420	0.323252	23.731286	11.129806	-1000.000000	-1000.000000	-64.000000	-1000.000000	-64.000000	780.000000	3
1606	6	0	1	3	83.105245	1.380806	83.364446	0.250354	30.600779	15.248470	-1000.000000	-1000.000000	-64.000000	-1000.000000	-64.000000	528.000000	3
1607	7	0	1	3	83.428414	1.344015	83.651980	0.193979	33.776143	17.327483	-1000.000000	-1000.000000	-64.000000	-1000.000000	-64.000000	780.000000	3
1664	0	0	2	3	81.421649	0.891310	81.404420	0.310318	17.715119	10.857328	-1000.000000	-1000.000000	-64.000000	-1000.000000	-64.000000	528.000000	3
1665	1	0	2	3	82.702250	1.113167	83.030900	0.301083	16.615308	10.631513	-1000.000000	-1000.000000	-64.000000	-1000.000000	-64.000000	528.000000	3
1666	2	0	2	3	82.026393	0.921634	82.027479	0.408256	16.734759	10.212582	-1000.000000	-1000.000000	-64.000000	-1000.000000	-64.000000	780.000000	3
1667	3	0	2	3	81.131844	0.863700	80.868050	0.280108	13.665313	8.762201	-1000.000000	-1000.000000	-64.000000	-1000.000000	-64.000000	528.000000	3
1668	4	0	2	3	82.540158	1.133320	82.776960	0.315563	20.302908	10.525529	-1000.000000	-1000.000000	-64.000000	-1000.000000	-64.000000	528.000000	3
1669	5	0	2	3	81.479331	1.075757	81.371701	0.301257	25.438715	12.173673	-1000.000000	-1000.000000	-64.000000	-1000.000000	-64.000000	528.000000	3
1670	6	0	2	3	82.759960	1.123862	83.294057	0.270946	26.604212	12.665537	-1000.000000	-1000.000000	-64.000000	-1000.000000	-64.000000	780.000000	3
1671	7	0	2	3	83.911880	1.436082	83.904930	0.217906	36.367638	19.670249	-1000.000000	-1000.000000	-64.000000	-1000.000000	-64.000000	528.000000	3
1728	0	0	3	3	80.756633	0.882530	80.211850	0.166683	15.343562	8.583806	-1000.000000	-1000.000000	-64.000000	-1000.000000	-64.000000	780.000000	3
1729	1	0	3	3	82.755551	0.966144	83.248046	0.277490	16.727119	10.468721	-1000.000000	-1000.000000	-64.000000	-1000.000000	-64.000000	780.000000	3
1730	2	0	3	3	81.388359	0.862277	81.070569	0.347407	15.745626	9.256664	-1000.000000	-1000.000000	-64.000000	-1000.000000	-64.000000	780.000000	3
1731	3	0	3	3	81.180534	0.839348	80.687127	0.280601	13.434813	8.984033	-1000.000000	-1000.000000	-64.000000	-1000.000000	-64.000000	780.000000	3
1732	4	0	3	3	81.577585	1.068733	81.623127	0.300938	21.937305	10.818431	-1000.000000	-1000.000000	-64.000000	-1000.000000	-64.000000	528.000000	3
1733	5	0	3	3	90.574272	0.932997	91.105668	0.295951	25.911294	14.065243	-1000.000000	-1000.000000	-64.000000	-1000.000000	-64.000000	780.000000	3
1734	6	0	3	3	83.302744	1.188333	83.738366	0.185838	27.394622	13.161726	-1000.000000	-1000.000000	-64.000000	-1000.000000	-64.000000	780.000000	3
1735	7	0	3	3	82.999603	1.420514	83.438339	0.264800	35.530157	18.970070	-1000.000000	-1000.000000	-64.000000	-1000.000000	-64.000000	528.000000	3
1792	0	1	0	3	81.052361	1.040560	80.781131	0.283452	18.157247	10.822498	-1000.000000	-1000.000000	-64.000000	-1000.000000	-64.000000	528.000000	3
1793	1	1	0	3	82.383288	1.057513	82.736547	0.321047	18.319801	11.300475	-1000.000000	-1000.000000	-64.000000	-1000.000000	-64.000000	528.000000	3
1794	2	1	0	3	81.469592	0.971145	81.373949	0.321519	17.643991	10.530424	-1000.000000	-1000.000000	-64.000000	-1000.000000	-64.000000	528.000000	3
1795	3	1	0	3	65.485892	0.823523	64.946632	0.305544	12.902158	7.691534	-1000.000000	-1000.000000	-64.000000	-1000.000000	-64.000000	780.000000	3
1796	4	1	0	3	84.776864	1.185220	84.445794	0.234254	19.621608	9.442648	-1000.000000	-1000.000000	-64.000000	-1000.000000	-64.000000	780.000000	3
1797	5	1	0	3	84.841303	0.902970	84.247998	0.191088	25.419665	13.356058	-1000.000000	-1000.000000	-64.000000	-1000.000000	-64.000000	780.000000	3
1798	6	1	0	3	84.435752	1.331911	84.058848	0.229123	30.748275	15.961233	-1000.000000	-1000.000000	-64.000000	-1000.000000	-64.000000	528.000000	3
1799	7	1	0	3	84.393922	1.219532	84.144510	0.170824	31.786813	16.685012	-1000.000000	-1000.000000	-64.000000	-1000.000000	-64.000000	780.000000	3
1856	0	1	1	3	81.637701	0.980150	81.662968	0.354268	16.220206	9.067074	-1000.000000	-1000.000000	-64.000000	-1000.000000	-64.000000	528.000000	3
1857	1	1	1	3	82.778327	1.165772	83.152975	0.295329	17.625707	10.781381	-1000.000000	-1000.000000	-64.000000	-1000.000000	-64.000000	528.000000	3
1858	2	1	1	3	82.031084	0.910693	82.046524	0.399953	16.828228	10.028977	-1000.000000	-1000.000000	-64.000000	-1000.000000	-64.000000	780.000000	3
1859	3	1	1	3	81.152423	0.848524	80.823638	0.280428	13.667242	7.991249	-1000.000000	-1000.000000	-64.000000	-1000.000000	-64.000000	528.000000	3
1860	4	1	1	3	84.741070	1.195803	84.393841	0.220090	18.699150	9.052992	-1000.000000	-1000.000000	-64.000000	-1000.000000	-64.000000	780.000000	3
1861	5	1	1	3	84.387241	1.126891	84.021901	0.146923	23.136124	12.008292	-1000.000000	-1000.000000	-64.000000	-1000.000000	-64.000000	780.000000	3
1862	6	1	1	3	83.116968	1.240803	83.459478	0.246415	27.937087	13.825687	-1000.000000	-1000.000000	-64.000000	-1000.000000	-64.000000	780.000000	3
1863	7	1	1	3	85.422708	0.832318	85.108811	0.317009	35.273662	18.655323	-1000.000000	-1000.000000	-64.000000	-1000.000000	-64.000000	780.000000	3
1920	0	1	2	3	80.589452	0.685142	80.036337	0.176935	17.084039	9.719151	-1000.000000	-1000.000000	-64.000000	-1000.000000	-64.000000	528.000000	3
1921	1	1	2	3	81.517942	1.017452	81.219993	0.331226	17.825733	10.648789	-1000.000000	-1000.000000	-64.000000	-1000.000000	-64.000000	528.000000	3
1922	2	1	2	3	80.964467	0.797069	80.530352	0.243796	19.579260	11.047868	-1000.000000	-1000.000000	-64.000000	-1000.000000	-64.000000	528.000000	3
1923	3	1	2	3	80.974434	0.760594	80.464115	0.227507	12.763366	7.820024	-1000.000000	-1000.000000	-64.000000	-1000.000000	-64.000000	780.000000	3
1924	4	1	2	3	-1000.000000	-1000.000000	95.479659	0.240099	-1000.000000	-1000.000000	-1000.000000	-1000.000000	-64.000000	-1000.000000	-64.000000	780.000000	3
1925	5	1	2	3	83.651982	1.473036	83.861508	0.230427	26.533219	12.835761	-1000.000000	-1000.000000	-64.000000	-1000.000000	-64.000000	528.000000	3
1926	6	1	2	3	83.499343	1.198093	83.722673	0.188389	29.179774	13.942255	-1000.000000	-1000.000000	-64.000000	-1000.000000	-64.000000	780.000000	3
1927	7	1	2	3	83.169695	1.335697	83.368407	0.259500	31.033066	16.309996	-1000.000000	-1000.000000	-64.000000	-1000.000000	-64.000000	780.000000	3
1984	0	1	3	3	81.107837	0.951023	80.960644	0.298443	17.551734	10.063761	-1000.000000	-1000.000000	-64.000000	-1000.000000	-64.000000	528.000000	3
1985	1	1	3	3	82.661498	1.102764	83.101098	0.300509	16.698230	10.545715	-1000.000000	-1000.000000	-64.000000	-1000.000000	-64.000000	780.000000	3
1986	2	1	3	3	82.387084	1.199615	82.694527	0.325515	20.699717	12.461450	-1000.000000	-1000.000000	-64.000000	-1000.000000	-64.000000	528.000000	3
1987	3	1	3	3	80.976102	1.010095	80.406448	0.216455	13.420162	7.908436	-1000.000000	-1000.000000	-64.000000	-1000.000000	-64.000000	780.000000	3
1988	4	1	3	3	82.432128	1.169210	82.525224	0.343758	20.171006	9.635984	-1000.000000	-1000.000000	-64.000000	-1000.000000	-64.000000	528.000000	3
1989	5	1	3	3	81.960425	1.031824	82.016396	0.325136	26.511864	12.544180	-1000.000000	-1000.000000	-64.000000	-1000.000000	-64.000000	528.000000	3
1990	6	1	3	3	84.269347	1.176013	84.002552	0.144951	28.202655	14.210802	-1000.000000	-1000.000000	-64.000000	-1000.000000	-64.000000	780.000000	3
1991	7	1	3	3	82.756513	1.115579	83.044345	0.305478	33.651406	17.970650	-1000.000000	-1000.000000	-64.000000	-1000.000000	-64.000000	528.000000	3
2048	0	0	0	4	79.150067	1.003701	79.229268	0.281487	12.412756	8.176836	-1000.000000	-1000.000000	-64.000000	-1000.000000	-64.000000	780.000000	3
2049	1	0	0	4	81.073060	0.835048	80.679623	0.267661	19.794943	11.373323	-1000.000000	-1000.000000	-64.000000	-1000.000000	-64.000000	780.000000	3
2050	2	0	0	4	80.996671	0.750238	80.631364	0.258537	13.309872	10.284806	-1000.000000	-1000.000000	-64.000000	-1000.000000	-64.000000	780.000000	3
2051	3	0	0	4	82.355880	0.990014	82.709009	0.321530	14.880235	9.293538	-1000.000000	-1000.000000	-64.000000	-1000.000000	-64.000000	780.000000	3
2052	4	0	0	4	81.226897	1.165183	80.857994	0.255416	23.195753	15.042413	-1000.000000	-1000.000000	-64.000000	-1000.000000	-64.000000	780.000000	3
2053	5	0	0	4	82.024488	1.042307	82.252775	0.294066	23.709644	12.837716	-1000.000000	-1000.000000	-64.000000	-1000.000000	-64.000000	780.000000	3
2054	6	0	0	4	82.442505	0.878785	82.909358	0.280257	25.834305	13.228645	-1000.000000	-1000.000000	-64.000000	-1000.000000	-64.000000	780.000000	3
2055	7	0	0	4	81.403916	0.990796	81.167201	0.279715	27.765615	15.685942	-1000.000000	-1000.000000	-64.000000	-1000.000000	-64.000000	780.000000	3
2112	0	0	1	4	80.940061	0.544534	80.545778	0.231326	14.371814	8.580118	-1000.000000	-1000.000000	-64.000000	-1000.000000	-64.000000	780.000000	3
2113	1	0	1	4	81.254700	0.977355	80.778160	0.245740	18.269489	12.596522	-1000.000000	-1000.000000	-64.000000	-1000.000000	-64.000000	780.000000	3
2114	2	0	1	4	81.754429	1.020559	81.616500	0.304552	14.515759	8.688544	-1000.000000	-1000.000000	-64.000000	-1000.000000	-64.000000	780.000000	3
2115	3	0	1	4	81.972082	1.011573	82.179873	0.324416	17.395828	10.707419	-1000.000000	-1000.000000	-64.000000	-1000.000000	-64.000000	780.000000	3
2116	4	0	1	4	82.491777	1.027205	82.796614	0.298967	21.279724	10.002643	-1000.000000	-1000.000000	-64.000000	-1000.000000	-64.000000	780.000000	3
2117	5	0	1	4	81.778645	0.990647	81.613986	0.327854	22.949200	12.798873	-1000.000000	-1000.000000	-64.000000	-1000.000000	-64.000000	780.000000	3
2118	6	0	1	4	77.573462	0.846718	77.451123	0.335421	29.286832	16.299141	-1000.000000	-1000.000000	-64.000000	-1000.000000	-64.000000	780.000000	3
2119	7	0	1	4	83.235562	1.462743	83.490940	0.243527	28.964899	15.570281	-1000.000000	-1000.000000	-64.000000	-1000.000000	-64.000000	780.000000	3
2176	0	0	2	4	80.482110	0.656219	79.905577	0.184331	14.815256	10.884809	-1000.000000	-1000.000000	-64.000000	-1000.000000	-64.000000	780.000000	3
2177	1	0	2	4	82.747066	1.056197	83.221307	0.284147	15.599995	10.057468	-1000.000000	-1000.000000	-64.000000	-1000.000000	-64.000000	780.000000	3
2178	2	0	2	4	80.544030	0.766394	80.148204	0.159523	12.852272	8.916520	-1000.000000	-1000.000000	-64.000000	-1000.000000	-64.000000	780.000000	3
2179	3	0	2	4	85.124552	0.944881	84.531533	0.262772	17.811724	11.604149	-1000.000000	-1000.000000	-64.000000	-1000.000000	-64.000000	780.000000	3
2180	4	0	2	4	81.254469	1.084531	80.993401	0.306832	21.679379	11.789069	-1000.000000	-1000.000000	-64.000000	-1000.000000	-64.000000	780.000000	3
2181	5	0	2	4	81.537921	1.033854	81.385947	0.331646	25.131247	14.067675	-1000.000000	-1000.000000	-64.000000	-1000.000000	-64.000000	780.000000	3
2182	6	0	2	4	81.359297	0.926631	81.166478	0.326904	27.142152	16.417181	-1000.000000	-1000.000000	-64.000000	-1000.000000	-64.000000	780.000000	3
2183	7	0	2	4	82.255876	0.825660	82.768504	0.327154	29.526526	20.176331	-1000.000000	-1000.000000	-64.000000	-1000.000000	-64.000000	780.000000	3
2240	0	0	3	4	82.524146	1.012220	82.844530	0.317140	14.120627	9.186624	-1000.000000	-1000.000000	-64.000000	-1000.000000	-64.000000	780.000000	3
2241	1	0	3	4	81.066914	1.019118	80.692383	0.272685	17.730865	13.161344	-1000.000000	-1000.000000	-64.000000	-1000.000000	-64.000000	780.000000	3
2242	2	0	3	4	81.265167	0.904452	80.913947	0.298021	13.129847	10.175944	-1000.000000	-1000.000000	-64.000000	-1000.000000	-64.000000	780.000000	3
2243	3	0	3	4	81.153877	0.854976	80.857080	0.291283	16.791711	9.657352	-1000.000000	-1000.000000	-64.000000	-1000.000000	-64.000000	780.000000	3
2244	4	0	3	4	82.902415	1.064811	83.338507	0.272068	20.864957	10.338182	-1000.000000	-1000.000000	-64.000000	-1000.000000	-64.000000	780.000000	3
2245	5	0	3	4	81.631651	1.012477	81.509698	0.342973	23.930281	12.657413	-1000.000000	-1000.000000	-64.000000	-1000.000000	-64.000000	780.000000	3
2246	6	0	3	4	81.580578	1.087470	81.714807	0.303962	28.735090	17.578642	-1000.000000	-1000.000000	-64.000000	-1000.000000	-64.000000	780.000000	3
2247	7	0	3	4	82.905378	1.104328	83.311350	0.274319	30.549314	16.948740	-1000.000000	-1000.000000	-64.000000	-1000.000000	-64.000000	780.000000	3
2304	0	1	0	4	80.450842	0.780287	80.144700	0.168051	13.989575	9.430906	-1000.000000	-1000.000000	-64.000000	-1000.000000	-64.000000	780.000000	3
2305	1	1	0	4	81.257690	1.015723	80.923888	0.298875	18.446717	12.348918	-1000.000000	-1000.000000	-64.000000	-1000.000000	-64.000000	780.000000	3
2306	2	1	0	4	80.645049	0.842377	80.238741	0.180090	12.272626	8.448977	-1000.000000	-1000.000000	-64.000000	-1000.000000	-64.000000	780.000000	3
2307	3	1	0	4	81.510345	0.998382	81.348962	0.357546	16.851997	10.031339	-1000.000000	-1000.000000	-64.000000	-1000.000000	-64.000000	780.000000	3
2308	4	1	0	4	81.592119	1.095524	81.480179	0.322888	20.378700	10.796648	-1000.000000	-1000.000000	-64.000000	-1000.000000	-64.000000	780.000000	3
2309	5	1	0	4	81.936590	0.979003	81.801650	0.398120	23.978293	11.906164	-1000.000000	-1000.000000	-64.000000	-1000.000000	-64.000000	780.000000	3
2310	6	1	0	4	82.028029	0.968044	82.022985	0.365291	25.959425	13.530762	-1000.000000	-1000.000000	-64.000000	-1000.000000	-64.000000	780.000000	3
2311	7	1	0	4	80.919625	0.539190	80.622109	0.265925	31.004917	19.540888	-1000.000000	-1000.000000	-64.000000	-1000.000000	-64.000000	780.000000	3
2368	0	1	1	4	80.976082	0.810606	80.574040	0.257182	14.034612	8.303345	-1000.000000	-1000.000000	-64.000000	-1000.000000	-64.000000	780.000000	3
2369	1	1	1	4	81.509612	1.056764	81.213670	0.325783	16.389528	9.845358	-1000.000000	-1000.000000	-64.000000	-1000.000000	-64.000000	780.000000	3
2370	2	1	1	4	81.420680	0.934039	81.210775	0.353872	14.440688	9.080069	-1000.000000	-1000.000000	-64.000000	-1000.000000	-64.000000	780.000000	3
2371	3	1	1	4	81.661848	1.028633	81.408762	0.324056	15.880431	9.508773	-1000.000000	-1000.000000	-64.000000	-1000.000000	-64.000000	780.000000	3
2372	4	1	1	4	81.899573	1.033178	81.742612	0.326795	21.530248	11.407770	-1000.000000	-1000.000000	-64.000000	-1000.000000	-64.000000	780.000000	3
2373	5	1	1	4	80.710887	1.175866	80.444461	0.240656	25.693215	12.966072	-1000.000000	-1000.000000	-64.000000	-1000.000000	-64.000000	780.000000	3
2374	6	1	1	4	85.058627	0.874179	84.658179	0.266228	26.952398	13.262452	-1000.000000	-1000.000000	-64.000000	-1000.000000	-64.000000	780.000000	3
2375	7	1	1	4	82.416329	1.044982	82.751097	0.328632	26.664202	18.833821	-1000.000000	-1000.000000	-64.000000	-1000.000000	-64.000000	780.000000	3
2432	0	1	2	4	80.387325	0.727749	79.922413	0.168869	13.755528	9.475640	-1000.000000	-1000.000000	-64.000000	-1000.000000	-64.000000	780.000000	3
2433	1	1	2	4	81.197421	1.011682	80.931621	0.291637	18.833252	12.101958	-1000.000000	-1000.000000	-64.000000	-1000.000000	-64.000000	780.000000	3
2434	2	1	2	4	80.584120	0.809368	80.167363	0.164711	13.360091	9.117886	-1000.000000	-1000.000000	-64.000000	-1000.000000	-64.000000	780.000000	3
2435	3	1	2	4	80.867401	0.868774	80.544559	0.247776	16.339042	10.760268	-1000.000000	-1000.000000	-64.000000	-1000.000000	-64.000000	780.000000	3
2436	4	1	2	4	82.584839	1.084886	82.918004	0.316630	21.899659	10.707852	-1000.000000	-1000.000000	-64.000000	-1000.000000	-64.000000	780.000000	3
2437	5	1	2	4	82.308047	1.131294	82.702298	0.327101	23.600293	13.564934	-1000.000000	-1000.000000	-64.000000	-1000.000000	-64.000000	780.000000	3
2438	6	1	2	4	82.009118	1.039793	82.509074	0.315223	26.400331	14.129257	-1000.000000	-1000.000000	-64.000000	-1000.000000	-64.000000	780.000000	3
2439	7	1	2	4	81.088989	0.814930	80.719579	0.272894	28.514969	18.299724	-1000.000000	-1000.000000	-64.000000	-1000.000000	-64.000000	780.000000	3
2496	0	1	3	4	81.057247	0.949187	80.577811	0.254282	14.280807	11.011859	-1000.000000	-1000.000000	-64.000000	-1000.000000	-64.000000	780.000000	3
2497	1	1	3	4	81.384220	0.990640	81.054191	0.299532	15.784323	9.504150	-1000.000000	-1000.000000	-64.000000	-1000.000000	-64.000000	780.000000	3
2498	2	1	3	4	80.804574	0.906268	80.477066	0.233884	12.789377	8.675371	-1000.000000	-1000.000000	-64.000000	-1000.000000	-64.000000	780.000000	3
2499	3	1	3	4	82.441841	1.109557	82.967520	0.315178	16.913554	9.771441	-1000.000000	-1000.000000	-64.000000	-1000.000000	-64.000000	780.000000	3
2500	4	1	3	4	78.773749	1.090866	78.980584	0.296099	18.460173	9.483834	-1000.000000	-1000.000000	-64.000000	-1000.000000	-64.000000	780.000000	3
2501	5	1	3	4	82.385547	1.058257	82.561827	0.334798	24.525316	11.880746	-1000.000000	-1000.000000	-64.000000	-1000.000000	-64.000000	780.000000	3
2502	6	1	3	4	81.072170	1.063652	80.656694	0.261880	25.402923	13.780028	-1000.000000	-1000.000000	-64.000000	-1000.000000	-64.000000	780.000000	3
2503	7	1	3	4	81.589734	1.045372	81.650170	0.365780	28.248624	15.768838	-1000.000000	-1000.000000	-64.000000	-1000.000000	-64.000000	780.000000	3
2560	0	0	0	5	79.708742	1.144417	79.935515	0.172884	15.943644	8.895690	-1000.000000	-1000.000000	-64.000000	-1000.000000	-64.000000	780.000000	3
2561	1	0	0	5	80.751690	0.670168	80.634716	0.259714	19.544458	12.146295	-1000.000000	-1000.000000	-64.000000	-1000.000000	-64.000000	780.000000	3
2562	2	0	0	5	80.440223	1.088590	80.273325	0.205869	20.043434	12.256493	-1000.000000	-1000.000000	-64.000000	-1000.000000	-64.000000	780.000000	3
2563	3	0	0	5	81.662464	0.866474	81.507870	0.395792	16.096698	9.541598	-1000.000000	-1000.000000	-64.000000	-1000.000000	-64.000000	780.000000	3
2564	4	0	0	5	81.653877	1.094086	81.564356	0.300033	31.126680	14.885681	-1000.000000	-1000.000000	-64.000000	-1000.000000	-64.000000	780.000000	3
2565	5	0	0	5	83.331008	1.438437	83.575078	0.229213	26.990359	13.335113	-1000.000000	-1000.000000	-64.000000	-1000.000000	-64.000000	780.000000	3
2566	6	0	0	5	84.639647	0.846509	84.032223	0.162456	27.617588	14.462409	-1000.000000	-1000.000000	-64.000000	-1000.000000	-64.000000	780.000000	3
2567	7	0	0	5	83.092561	0.888546	83.672053	0.205480	35.504570	19.651493	-1000.000000	-1000.000000	-64.000000	-1000.000000	-64.000000	780.000000	3
2624	0	0	1	5	82.172926	0.908801	82.786177	0.331868	15.928241	10.085999	-1000.000000	-1000.000000	-64.000000	-1000.000000	-64.000000	780.000000	3
2625	1	0	1	5	83.630358	1.349754	83.857509	0.201994	19.629922	11.673249	-1000.000000	-1000.000000	-64.000000	-1000.000000	-64.000000	780.000000	3
2626	2	0	1	5	87.085972	1.253057	87.475018	0.243448	15.174278	9.444687	-1000.000000	-1000.000000	-64.000000	-1000.000000	-64.000000	780.000000	3
2627	3	0	1	5	79.976004	1.107503	80.074883	0.177175	20.195649	12.579745	-1000.000000	-1000.000000	-64.000000	-1000.000000	-64.000000	780.000000	3
2628	4	0	1	5	82.530685	1.133597	82.895341	0.317199	25.817357	11.802603	-1000.000000	-1000.000000	-64.000000	-1000.000000	-64.000000	780.000000	3
2629	5	0	1	5	83.524574	1.544077	83.555691	0.230873	27.634201	13.300095	-1000.000000	-1000.000000	-64.000000	-1000.000000	-64.000000	780.000000	3
2630	6	0	1	5	80.841768	0.511514	80.356623	0.219095	31.784834	16.578992	-1000.000000	-1000.000000	-64.000000	-1000.000000	-64.000000	780.000000	3
2631	7	0	1	5	84.318722	1.128350	83.903939	0.159083	31.917438	16.973976	-1000.000000	-1000.000000	-64.000000	-1000.000000	-64.000000	780.000000	3
2688	0	0	2	5	80.978119	0.897726	80.825428	0.259657	19.032518	11.060891	-1000.000000	-1000.000000	-64.000000	-1000.000000	-64.000000	780.000000	3
2689	1	0	2	5	80.929330	1.198780	80.717941	0.238142	17.269055	10.670306	-1000.000000	-1000.000000	-64.000000	-1000.000000	-64.000000	780.000000	3
2690	2	0	2	5	80.581274	0.980892	80.277591	0.178471	17.143111	10.054114	-1000.000000	-1000.000000	-64.000000	-1000.000000	-64.000000	780.000000	3
2691	3	0	2	5	81.259093	0.929715	81.243760	0.297729	21.206108	12.825490	-1000.000000	-1000.000000	-64.000000	-1000.000000	-64.000000	780.000000	3
2692	4	0	2	5	81.435556	1.117550	81.299294	0.263229	32.421314	16.251917	-1000.000000	-1000.000000	-64.000000	-1000.000000	-64.000000	780.000000	3
2693	5	0	2	5	80.860456	1.271730	80.643553	0.241302	36.108941	19.197669	-1000.000000	-1000.000000	-64.000000	-1000.000000	-64.000000	780.000000	3
2694	6	0	2	5	83.306346	1.338898	83.581211	0.207476	28.572163	14.591843	-1000.000000	-1000.000000	-64.000000	-1000.000000	-64.000000	780.000000	3
2695	7	0	2	5	81.213880	0.924198	81.016635	0.264938	41.223870	24.338141	-1000.000000	-1000.000000	-64.000000	-1000.000000	-64.000000	780.000000	3
2752	0	0	3	5	63.487820	0.581953	64.054086	0.141827	14.282421	8.404767	-1000.000000	-1000.000000	-64.000000	-1000.000000	-64.000000	780.000000	3
2753	1	0	3	5	79.904133	1.066242	79.922222	0.144413	15.441382	9.554569	-1000.000000	-1000.000000	-64.000000	-1000.000000	-64.000000	780.000000	3
2754	2	0	3	5	81.615701	0.952919	81.334755	0.393334	14.359452	8.358528	-1000.000000	-1000.000000	-64.000000	-1000.000000	-64.000000	780.000000	3
2755	3	0	3	5	91.474463	1.212043	91.734290	0.192346	19.112681	11.450673	-1000.000000	-1000.000000	-64.000000	-1000.000000	-64.000000	780.000000	3
2756	4	0	3	5	88.552969	1.015918	88.271688	0.251058	33.558303	17.334896	-1000.000000	-1000.000000	-64.000000	-1000.000000	-64.000000	780.000000	3
2757	5	0	3	5	82.418829	0.800010	82.873744	0.318747	26.573068	12.830372	-1000.000000	-1000.000000	-64.000000	-1000.000000	-64.000000	780.000000	3
2758	6	0	3	5	81.254933	0.928621	80.809888	0.299026	29.298679	14.791179	-1000.000000	-1000.000000	-64.000000	-1000.000000	-64.000000	780.000000	3
2759	7	0	3	5	80.832013	0.507234	80.361651	0.220766	46.714399	0.873494	-1000.000000	-1000.000000	-64.000000	-1000.000000	-64.000000	780.000000	3
2816	0	1	0	5	80.081476	1.101844	80.077587	0.174690	15.783110	9.415395	-1000.000000	-1000.000000	-64.000000	-1000.000000	-64.000000	780.000000	3
2817	1	1	0	5	80.591709	1.107756	80.525020	0.243274	17.542511	10.512839	-1000.000000	-1000.000000	-64.000000	-1000.000000	-64.000000	780.000000	3
2818	2	1	0	5	80.583405	0.742235	80.194558	0.185400	18.159322	10.805529	-1000.000000	-1000.000000	-64.000000	-1000.000000	-64.000000	780.000000	3
2819	3	1	0	5	81.395114	0.875478	81.123551	0.328451	18.649926	11.308705	-1000.000000	-1000.000000	-64.000000	-1000.000000	-64.000000	780.000000	3
2820	4	1	0	5	82.286959	0.871322	82.632138	0.335982	26.603027	12.276109	-1000.000000	-1000.000000	-64.000000	-1000.000000	-64.000000	780.000000	3
2821	5	1	0	5	84.538298	0.811545	84.035537	0.154302	26.318938	12.964529	-1000.000000	-1000.000000	-64.000000	-1000.000000	-64.000000	780.000000	3
2822	6	1	0	5	81.304632	0.921189	81.375853	0.309576	36.607900	23.554568	-1000.000000	-1000.000000	-64.000000	-1000.000000	-64.000000	780.000000	3
2823	7	1	0	5	81.062033	1.058946	80.484226	0.234380	36.010834	19.381237	-1000.000000	-1000.000000	-64.000000	-1000.000000	-64.000000	780.000000	3
2880	0	1	1	5	78.795844	1.469568	79.092642	0.289787	16.037057	9.843739	-1000.000000	-1000.000000	-64.000000	-1000.000000	-64.000000	780.000000	3
2881	1	1	1	5	79.245411	1.062100	79.637016	0.223132	19.467181	11.535114	-1000.000000	-1000.000000	-64.000000	-1000.000000	-64.000000	780.000000	3
2882	2	1	1	5	82.009053	0.962805	81.977659	0.384993	17.551889	10.363764	-1000.000000	-1000.000000	-64.000000	-1000.000000	-64.000000	780.000000	3
2883	3	1	1	5	80.879792	0.526474	80.361575	0.215509	20.105355	11.876388	-1000.000000	-1000.000000	-64.000000	-1000.000000	-64.000000	780.000000	3
2884	4	1	1	5	75.679396	1.237125	75.824447	0.185826	24.769290	12.365002	-1000.000000	-1000.000000	-64.000000	-1000.000000	-64.000000	780.000000	3
2885	5	1	1	5	82.356866	0.897588	82.865060	0.329795	30.577494	15.027396	-1000.000000	-1000.000000	-64.000000	-1000.000000	-64.000000	780.000000	3
2886	6	1	1	5	83.285991	1.206800	83.575307	0.223399	28.205626	14.368805	-1000.000000	-1000.000000	-64.000000	-1000.000000	-64.000000	780.000000	3
2887	7	1	1	5	83.323268	1.349538	83.565670	0.225337	33.160048	18.243761	-1000.000000	-1000.000000	-64.000000	-1000.000000	-64.000000	780.000000	3
2944	0	1	2	5	80.824932	0.504013	80.263232	0.207809	18.731468	10.707991	-1000.000000	-1000.000000	-64.000000	-1000.000000	-64.000000	780.000000	3
2945	1	1	2	5	80.015499	1.155035	80.049440	0.184685	19.333658	11.786092	-1000.000000	-1000.000000	-64.000000	-1000.000000	-64.000000	780.000000	3
2946	2	1	2	5	80.466460	0.583082	79.952693	0.165506	19.438195	10.999856	-1000.000000	-1000.000000	-64.000000	-1000.000000	-64.000000	780.000000	3
2947	3	1	2	5	82.143062	0.878345	82.173246	0.376688	18.738155	11.929025	-1000.000000	-1000.000000	-64.000000	-1000.000000	-64.000000	780.000000	3
2948	4	1	2	5	83.239392	1.212874	83.622233	0.219303	25.846493	12.166526	-1000.000000	-1000.000000	-64.000000	-1000.000000	-64.000000	780.000000	3
2949	5	1	2	5	82.636856	1.217162	82.986450	0.306754	29.175865	14.352754	-1000.000000	-1000.000000	-64.000000	-1000.000000	-64.000000	780.000000	3
2950	6	1	2	5	83.409047	1.547792	83.449803	0.247540	27.604243	16.213551	-1000.000000	-1000.000000	-64.000000	-1000.000000	-64.000000	780.000000	3
2951	7	1	2	5	83.249645	1.443701	83.367988	0.260356	36.878262	20.502563	-1000.000000	-1000.000000	-64.000000	-1000.000000	-64.000000	780.000000	3
3008	0	1	3	5	80.012899	1.142199	79.916433	0.184507	18.783833	10.956456	-1000.000000	-1000.000000	-64.000000	-1000.000000	-64.000000	780.000000	3
3009	1	1	3	5	81.281787	0.888428	80.888275	0.314435	16.749348	11.028794	-1000.000000	-1000.000000	-64.000000	-1000.000000	-64.000000	780.000000	3
3010	2	1	3	5	73.785872	1.033703	73.668035	0.320618	18.426355	10.641771	-1000.000000	-1000.000000	-64.000000	-1000.000000	-64.000000	780.000000	3
3011	3	1	3	5	82.141158	0.899998	82.656172	0.334325	19.390175	11.735286	-1000.000000	-1000.000000	-64.000000	-1000.000000	-64.000000	780.000000	3
3012	4	1	3	5	76.339703	1.366111	76.086272	0.238569	29.643880	14.644498	-1000.000000	-1000.000000	-64.000000	-1000.000000	-64.000000	780.000000	3
3013	5	1	3	5	80.247777	1.206280	80.313660	0.227716	35.537349	18.049229	-1000.000000	-1000.000000	-64.000000	-1000.000000	-64.000000	780.000000	3
3014	6	1	3	5	82.441409	0.789140	83.013912	0.305549	25.623836	13.766042	-1000.000000	-1000.000000	-64.000000	-1000.000000	-64.000000	780.000000	3
3015	7	1	3	5	80.273462	1.184313	80.240950	0.201300	40.678029	23.364328	-1000.000000	-1000.000000	-64.000000	-1000.000000	-64.000000	780.000000	3
