#****************************************************************************************************************************************************************************************************************
#Calib info:
 	 RunNr: 147	 start time:0x7ffe663bdaa0	 RunNrPed: 137	 start time:0x7ffe663bdab0	 RunNrMip: 147	 start time:0x7ffe663bdac0	 Vop: 44	 Vov: 5.7	 BC calib set: 1
#****************************************************************************************************************************************************************************************************************
#cellID	layer	row	column	module	ped mean H	ped sig H	ped mean L	ped sig L	mip Scale H	mip Width H	mip Scale L	mip Width L	LG-HG	HG-LG	BC
#****************************************************************************************************************************************************************************************************************
0	0	0	0	0	81.303456	1.599718	81.642925	0.318556	32.299826	18.007320	-1000.000000	-1000.000000	-64.000000	-1000.000000	-64.000000	270.000000	3
1	1	0	0	0	95.310138	0.627593	95.909921	0.243285	32.506521	19.523499	-1000.000000	-1000.000000	-64.000000	-1000.000000	-64.000000	270.000000	3
2	2	0	0	0	80.777918	0.480052	80.144089	0.264935	38.257425	22.307527	-1000.000000	-1000.000000	-64.000000	-1000.000000	-64.000000	270.000000	3
3	3	0	0	0	81.562118	1.186401	81.790027	0.309210	44.770186	24.926799	-1000.000000	-1000.000000	-64.000000	-1000.000000	-64.000000	270.000000	3
4	4	0	0	0	80.735112	2.050442	81.139091	0.316408	62.138004	32.518385	-1000.000000	-1000.000000	-64.000000	-1000.000000	-64.000000	270.000000	3
5	5	0	0	0	79.808800	1.677552	80.273908	0.267785	63.529490	33.785619	-1000.000000	-1000.000000	-64.000000	-1000.000000	-64.000000	270.000000	3
6	6	0	0	0	82.626071	1.548977	83.297104	0.289036	77.684112	44.015585	-1000.000000	-1000.000000	-64.000000	-1000.000000	-64.000000	270.000000	3
7	7	0	0	0	81.355712	1.660172	81.478083	0.316413	87.113480	54.106287	-1000.000000	-1000.000000	-64.000000	-1000.000000	-64.000000	270.000000	3
64	0	0	1	0	80.993568	0.935518	81.116431	0.296680	33.591537	18.517411	-1000.000000	-1000.000000	-64.000000	-1000.000000	-64.000000	270.000000	3
65	1	0	1	0	80.425654	1.650324	80.820585	0.288865	33.696233	18.847333	-1000.000000	-1000.000000	-64.000000	-1000.000000	-64.000000	270.000000	3
66	2	0	1	0	81.031784	1.079331	81.085072	0.294281	41.240461	23.380528	-1000.000000	-1000.000000	-64.000000	-1000.000000	-64.000000	270.000000	3
67	3	0	1	0	80.693835	1.135662	80.457941	0.251257	38.868357	22.006030	-1000.000000	-1000.000000	-64.000000	-1000.000000	-64.000000	270.000000	3
68	4	0	1	0	82.035819	1.316203	82.468236	0.293910	52.662979	26.649057	-1000.000000	-1000.000000	-64.000000	-1000.000000	-64.000000	270.000000	3
69	5	0	1	0	80.633202	1.032398	80.326590	0.272938	68.699080	34.162802	-1000.000000	-1000.000000	-64.000000	-1000.000000	-64.000000	270.000000	3
70	6	0	1	0	80.787106	0.485109	80.282453	0.215247	71.229754	38.135203	-1000.000000	-1000.000000	-64.000000	-1000.000000	-64.000000	270.000000	3
71	7	0	1	0	63.797599	1.431647	63.595430	0.238085	71.411326	37.036409	-1000.000000	-1000.000000	-64.000000	-1000.000000	-64.000000	270.000000	3
128	0	0	2	0	79.763289	1.772760	79.586274	0.264587	34.122735	18.852663	-1000.000000	-1000.000000	-64.000000	-1000.000000	-64.000000	270.000000	3
129	1	0	2	0	78.460070	1.476868	78.817533	0.292876	33.420870	18.826168	-1000.000000	-1000.000000	-64.000000	-1000.000000	-64.000000	270.000000	3
130	2	0	2	0	80.630766	1.285516	80.605616	0.264798	36.957686	20.988306	-1000.000000	-1000.000000	-64.000000	-1000.000000	-64.000000	270.000000	3
131	3	0	2	0	80.753905	0.465834	79.899859	0.262282	44.555950	24.767361	-1000.000000	-1000.000000	-64.000000	-1000.000000	-64.000000	270.000000	3
132	4	0	2	0	80.165928	1.496901	80.260136	0.269313	54.606568	26.926072	-1000.000000	-1000.000000	-64.000000	-1000.000000	-64.000000	270.000000	3
133	5	0	2	0	82.208155	1.365015	82.796055	0.299122	65.054790	33.174625	-1000.000000	-1000.000000	-64.000000	-1000.000000	-64.000000	270.000000	3
134	6	0	2	0	81.595048	1.171833	81.972226	0.309564	76.878368	42.827988	-1000.000000	-1000.000000	-64.000000	-1000.000000	-64.000000	270.000000	3
135	7	0	2	0	80.714024	0.620618	80.419181	0.251796	76.585980	43.618517	-1000.000000	-1000.000000	-64.000000	-1000.000000	-64.000000	270.000000	3
192	0	0	3	0	80.914279	1.603976	81.352764	0.308982	31.921474	17.484720	-1000.000000	-1000.000000	-64.000000	-1000.000000	-64.000000	270.000000	3
193	1	0	3	0	80.134159	1.575839	80.454050	0.266865	32.738824	18.570703	-1000.000000	-1000.000000	-64.000000	-1000.000000	-64.000000	270.000000	3
194	2	0	3	0	80.487224	1.042173	79.952428	0.268791	42.641563	25.438228	-1000.000000	-1000.000000	-64.000000	-1000.000000	-64.000000	270.000000	3
195	3	0	3	0	80.847667	0.514015	80.710945	0.285355	39.533280	21.827145	-1000.000000	-1000.000000	-64.000000	-1000.000000	-64.000000	270.000000	3
196	4	0	3	0	81.944673	1.470669	82.207184	0.317955	56.963410	29.477866	-1000.000000	-1000.000000	-64.000000	-1000.000000	-64.000000	270.000000	3
197	5	0	3	0	80.695621	0.591664	80.201998	0.258454	61.925581	29.163597	-1000.000000	-1000.000000	-64.000000	-1000.000000	-64.000000	270.000000	3
198	6	0	3	0	80.808355	0.496089	80.586732	0.286222	75.834918	39.560552	-1000.000000	-1000.000000	-64.000000	-1000.000000	-64.000000	270.000000	3
199	7	0	3	0	79.560718	1.452363	79.833175	0.257286	82.375565	50.426753	-1000.000000	-1000.000000	-64.000000	-1000.000000	-64.000000	270.000000	3
256	0	1	0	0	80.754551	1.286694	80.767482	0.274230	28.411239	15.045795	-1000.000000	-1000.000000	-64.000000	-1000.000000	-64.000000	270.000000	3
257	1	1	0	0	90.618681	1.318021	91.266165	0.284256	33.645996	21.561795	-1000.000000	-1000.000000	-64.000000	-1000.000000	-64.000000	270.000000	3
258	2	1	0	0	79.164302	1.337741	79.463396	0.267860	39.576038	22.468192	-1000.000000	-1000.000000	-64.000000	-1000.000000	-64.000000	270.000000	3
259	3	1	0	0	80.767124	0.876418	80.627017	0.256139	43.829898	24.258295	-1000.000000	-1000.000000	-64.000000	-1000.000000	-64.000000	270.000000	3
260	4	1	0	0	80.638830	1.553945	80.600046	0.291207	60.629461	30.616235	-1000.000000	-1000.000000	-64.000000	-1000.000000	-64.000000	270.000000	3
261	5	1	0	0	86.571441	1.392588	86.989814	0.291120	66.199186	38.507172	-1000.000000	-1000.000000	-64.000000	-1000.000000	-64.000000	270.000000	3
262	6	1	0	0	82.074142	1.350793	82.441990	0.306725	79.229057	48.558586	-1000.000000	-1000.000000	-64.000000	-1000.000000	-64.000000	270.000000	3
263	7	1	0	0	80.759147	0.469074	79.883035	0.264748	92.044155	49.378903	-1000.000000	-1000.000000	-64.000000	-1000.000000	-64.000000	270.000000	3
320	0	1	1	0	80.701519	0.681253	80.447526	0.276588	31.929876	17.602996	-1000.000000	-1000.000000	-64.000000	-1000.000000	-64.000000	270.000000	3
321	1	1	1	0	80.380208	1.654936	80.804143	0.283729	34.333302	19.880783	-1000.000000	-1000.000000	-64.000000	-1000.000000	-64.000000	270.000000	3
322	2	1	1	0	82.088830	1.243212	82.449810	0.304205	40.287429	22.751322	-1000.000000	-1000.000000	-64.000000	-1000.000000	-64.000000	270.000000	3
323	3	1	1	0	80.720337	0.621166	80.430969	0.265631	40.394931	23.555548	-1000.000000	-1000.000000	-64.000000	-1000.000000	-64.000000	270.000000	3
324	4	1	1	0	81.615655	1.941025	81.942737	0.332879	59.877996	30.982729	-1000.000000	-1000.000000	-64.000000	-1000.000000	-64.000000	270.000000	3
325	5	1	1	0	80.067542	1.786735	80.478465	0.293589	65.725386	35.063842	-1000.000000	-1000.000000	-64.000000	-1000.000000	-64.000000	270.000000	3
326	6	1	1	0	80.807327	0.654414	80.738794	0.279214	70.537214	35.548558	-1000.000000	-1000.000000	-64.000000	-1000.000000	-64.000000	270.000000	3
327	7	1	1	0	81.143445	1.046161	81.424293	0.306825	86.060624	50.851836	-1000.000000	-1000.000000	-64.000000	-1000.000000	-64.000000	270.000000	3
384	0	1	2	0	92.264315	1.887079	92.376454	0.287786	35.832545	20.807798	-1000.000000	-1000.000000	-64.000000	-1000.000000	-64.000000	270.000000	3
385	1	1	2	0	80.591314	1.589188	80.845458	0.284210	35.997985	20.138383	-1000.000000	-1000.000000	-64.000000	-1000.000000	-64.000000	270.000000	3
386	2	1	2	0	81.419334	1.320698	81.540609	0.302597	40.706483	23.061125	-1000.000000	-1000.000000	-64.000000	-1000.000000	-64.000000	270.000000	3
387	3	1	2	0	-1000.000000	-1000.000000	64.726058	0.279017	-1000.000000	-1000.000000	-1000.000000	-1000.000000	-64.000000	-1000.000000	-64.000000	270.000000	3
388	4	1	2	0	81.231184	1.423704	81.271926	0.302920	56.310093	28.343843	-1000.000000	-1000.000000	-64.000000	-1000.000000	-64.000000	270.000000	3
389	5	1	2	0	77.699600	0.946476	78.133523	0.307403	60.441814	30.011181	-1000.000000	-1000.000000	-64.000000	-1000.000000	-64.000000	270.000000	3
390	6	1	2	0	80.816326	0.499967	80.729829	0.286332	80.379627	41.544074	-1000.000000	-1000.000000	-64.000000	-1000.000000	-64.000000	270.000000	3
391	7	1	2	0	80.579247	0.604451	79.925877	0.238401	81.102871	45.688653	-1000.000000	-1000.000000	-64.000000	-1000.000000	-64.000000	270.000000	3
448	0	1	3	0	100.743708	1.673267	100.856560	0.312093	36.028174	19.738880	-1000.000000	-1000.000000	-64.000000	-1000.000000	-64.000000	270.000000	3
449	1	1	3	0	81.220989	1.090812	81.358524	0.306526	35.935651	22.628529	-1000.000000	-1000.000000	-64.000000	-1000.000000	-64.000000	270.000000	3
450	2	1	3	0	80.269596	1.562339	80.429138	0.255628	40.309879	22.918783	-1000.000000	-1000.000000	-64.000000	-1000.000000	-64.000000	270.000000	3
451	3	1	3	0	81.030356	0.855253	81.104910	0.283381	38.465831	21.625699	-1000.000000	-1000.000000	-64.000000	-1000.000000	-64.000000	270.000000	3
452	4	1	3	0	81.554236	1.746906	81.976689	0.333482	57.698045	29.810589	-1000.000000	-1000.000000	-64.000000	-1000.000000	-64.000000	270.000000	3
453	5	1	3	0	73.042422	1.249173	72.928547	0.294621	65.874736	32.087899	-1000.000000	-1000.000000	-64.000000	-1000.000000	-64.000000	270.000000	3
454	6	1	3	0	81.063219	1.355825	81.116278	0.287447	71.340023	42.118768	-1000.000000	-1000.000000	-64.000000	-1000.000000	-64.000000	270.000000	3
455	7	1	3	0	83.309102	1.246283	84.071072	0.282427	82.503097	52.740819	-1000.000000	-1000.000000	-64.000000	-1000.000000	-64.000000	270.000000	3
512	0	0	0	1	81.898660	1.272333	82.119099	0.309508	31.764250	17.371168	-1000.000000	-1000.000000	-64.000000	-1000.000000	-64.000000	270.000000	3
513	1	0	0	1	90.772359	1.417510	91.195323	0.268645	35.110960	20.239329	-1000.000000	-1000.000000	-64.000000	-1000.000000	-64.000000	270.000000	3
514	2	0	0	1	80.219255	1.311083	80.267766	0.204296	36.452177	20.650394	-1000.000000	-1000.000000	-64.000000	-1000.000000	-64.000000	270.000000	3
515	3	0	0	1	80.832327	0.507375	80.329871	0.235051	40.624730	22.075146	-1000.000000	-1000.000000	-64.000000	-1000.000000	-64.000000	780.000000	3
516	4	0	0	1	71.687762	1.807284	71.767445	0.251787	48.619755	21.753788	-1000.000000	-1000.000000	-64.000000	-1000.000000	-64.000000	270.000000	3
517	5	0	0	1	81.101568	1.323645	81.129058	0.283384	53.145948	27.065062	-1000.000000	-1000.000000	-64.000000	-1000.000000	-64.000000	780.000000	3
518	6	0	0	1	80.554134	1.302688	80.497692	0.229900	65.715149	36.237406	-1000.000000	-1000.000000	-64.000000	-1000.000000	-64.000000	780.000000	3
519	7	0	0	1	81.289097	1.189092	81.377828	0.273335	73.736763	37.518429	-1000.000000	-1000.000000	-64.000000	-1000.000000	-64.000000	780.000000	3
576	0	0	1	1	82.902685	1.483301	83.461794	0.250516	33.441093	18.469606	-1000.000000	-1000.000000	-64.000000	-1000.000000	-64.000000	270.000000	3
577	1	0	1	1	79.414372	1.492937	79.726970	0.221962	39.520840	21.860995	-1000.000000	-1000.000000	-64.000000	-1000.000000	-64.000000	270.000000	3
578	2	0	1	1	80.945833	1.124859	80.945752	0.283549	37.923646	20.852204	-1000.000000	-1000.000000	-64.000000	-1000.000000	-64.000000	780.000000	3
579	3	0	1	1	82.781258	1.196907	83.159844	0.271386	38.245975	21.546343	-1000.000000	-1000.000000	-64.000000	-1000.000000	-64.000000	270.000000	3
580	4	0	1	1	80.530620	1.359636	80.451913	0.260940	51.401447	24.838834	-1000.000000	-1000.000000	-64.000000	-1000.000000	-64.000000	780.000000	3
581	5	0	1	1	81.186178	0.944466	81.245641	0.288971	57.432206	28.131768	-1000.000000	-1000.000000	-64.000000	-1000.000000	-64.000000	780.000000	3
582	6	0	1	1	80.787052	0.485080	80.271848	0.214259	65.040087	34.878049	-1000.000000	-1000.000000	-64.000000	-1000.000000	-64.000000	270.000000	3
583	7	0	1	1	80.636779	0.598982	80.100256	0.223339	79.794005	43.817068	-1000.000000	-1000.000000	-64.000000	-1000.000000	-64.000000	780.000000	3
640	0	0	2	1	82.588799	1.516727	83.179606	0.264756	33.265309	18.498882	-1000.000000	-1000.000000	-64.000000	-1000.000000	-64.000000	270.000000	3
641	1	0	2	1	80.875207	1.340793	80.924961	0.270492	36.616714	20.292839	-1000.000000	-1000.000000	-64.000000	-1000.000000	-64.000000	270.000000	3
642	2	0	2	1	80.594014	1.223809	80.489147	0.258225	37.715567	20.511875	-1000.000000	-1000.000000	-64.000000	-1000.000000	-64.000000	780.000000	3
643	3	0	2	1	80.598961	0.659756	80.063251	0.204217	35.290104	20.437339	-1000.000000	-1000.000000	-64.000000	-1000.000000	-64.000000	270.000000	3
644	4	0	2	1	81.198269	1.399410	81.410483	0.281423	54.996211	26.527665	-1000.000000	-1000.000000	-64.000000	-1000.000000	-64.000000	270.000000	3
645	5	0	2	1	79.392499	1.413112	79.569717	0.229272	55.246120	27.964063	-1000.000000	-1000.000000	-64.000000	-1000.000000	-64.000000	270.000000	3
646	6	0	2	1	80.679658	0.591773	80.098463	0.222841	65.415446	34.184581	-1000.000000	-1000.000000	-64.000000	-1000.000000	-64.000000	780.000000	3
647	7	0	2	1	80.873628	0.853435	80.813108	0.255798	75.313437	38.737229	-1000.000000	-1000.000000	-64.000000	-1000.000000	-64.000000	270.000000	3
704	0	0	3	1	79.411231	1.282055	79.694048	0.238317	32.192287	17.181873	-1000.000000	-1000.000000	-64.000000	-1000.000000	-64.000000	780.000000	3
705	1	0	3	1	97.273193	2.017082	97.776409	0.306624	39.439874	21.821020	-1000.000000	-1000.000000	-64.000000	-1000.000000	-64.000000	780.000000	3
706	2	0	3	1	80.719684	1.151058	80.441193	0.240089	34.945693	19.061895	-1000.000000	-1000.000000	-64.000000	-1000.000000	-64.000000	780.000000	3
707	3	0	3	1	81.196258	0.952954	80.958685	0.292824	35.430337	19.215498	-1000.000000	-1000.000000	-64.000000	-1000.000000	-64.000000	780.000000	3
708	4	0	3	1	81.548717	1.253299	81.852400	0.303122	53.698219	24.354152	-1000.000000	-1000.000000	-64.000000	-1000.000000	-64.000000	270.000000	3
709	5	0	3	1	80.828295	1.283800	80.798688	0.265024	58.981872	28.408508	-1000.000000	-1000.000000	-64.000000	-1000.000000	-64.000000	780.000000	3
710	6	0	3	1	80.611174	0.707166	80.311255	0.240882	65.377754	33.639469	-1000.000000	-1000.000000	-64.000000	-1000.000000	-64.000000	780.000000	3
711	7	0	3	1	80.994226	0.803460	80.848472	0.260102	79.599432	43.855984	-1000.000000	-1000.000000	-64.000000	-1000.000000	-64.000000	270.000000	3
768	0	1	0	1	81.228616	1.321261	81.377103	0.277842	33.331065	18.117940	-1000.000000	-1000.000000	-64.000000	-1000.000000	-64.000000	270.000000	3
769	1	1	0	1	81.082182	1.294173	81.101896	0.265806	34.782440	19.728618	-1000.000000	-1000.000000	-64.000000	-1000.000000	-64.000000	270.000000	3
770	2	1	0	1	86.007897	1.271432	86.262351	0.289197	39.283773	22.287876	-1000.000000	-1000.000000	-64.000000	-1000.000000	-64.000000	270.000000	3
771	3	1	0	1	80.747836	0.461972	79.968756	0.207282	43.897820	24.420553	-1000.000000	-1000.000000	-64.000000	-1000.000000	-64.000000	780.000000	3
772	4	1	0	1	78.982521	1.411080	79.223744	0.247393	51.109361	24.280956	-1000.000000	-1000.000000	-64.000000	-1000.000000	-64.000000	780.000000	3
773	5	1	0	1	80.084317	1.316547	79.673295	0.230752	55.865009	27.393688	-1000.000000	-1000.000000	-64.000000	-1000.000000	-64.000000	780.000000	3
774	6	1	0	1	77.428859	0.968654	77.561138	0.297639	61.080486	32.741768	-1000.000000	-1000.000000	-64.000000	-1000.000000	-64.000000	270.000000	3
775	7	1	0	1	79.427085	1.417978	79.693857	0.250802	80.889065	47.037618	-1000.000000	-1000.000000	-64.000000	-1000.000000	-64.000000	780.000000	3
832	0	1	1	1	81.056226	0.990650	81.164498	0.268855	36.004048	19.240716	-1000.000000	-1000.000000	-64.000000	-1000.000000	-64.000000	270.000000	3
833	1	1	1	1	80.589463	1.388071	80.561248	0.244720	37.070292	20.505759	-1000.000000	-1000.000000	-64.000000	-1000.000000	-64.000000	270.000000	3
834	2	1	1	1	80.944019	1.099853	80.712891	0.270967	36.287793	19.816273	-1000.000000	-1000.000000	-64.000000	-1000.000000	-64.000000	780.000000	3
835	3	1	1	1	80.927189	0.540346	80.828749	0.255806	38.243645	20.802643	-1000.000000	-1000.000000	-64.000000	-1000.000000	-64.000000	270.000000	3
836	4	1	1	1	-1000.000000	-1000.000000	63.803761	0.227225	-1000.000000	-1000.000000	-1000.000000	-1000.000000	-64.000000	-1000.000000	-64.000000	780.000000	3
837	5	1	1	1	84.846747	1.201800	84.668714	0.269529	56.892005	27.737293	-1000.000000	-1000.000000	-64.000000	-1000.000000	-64.000000	780.000000	3
838	6	1	1	1	80.670705	0.747805	80.342269	0.239257	64.756688	36.283753	-1000.000000	-1000.000000	-64.000000	-1000.000000	-64.000000	780.000000	3
839	7	1	1	1	80.544672	0.678203	80.053943	0.215037	76.949729	39.313940	-1000.000000	-1000.000000	-64.000000	-1000.000000	-64.000000	780.000000	3
896	0	1	2	1	81.170448	0.911113	81.214817	0.283436	34.084635	18.870244	-1000.000000	-1000.000000	-64.000000	-1000.000000	-64.000000	270.000000	3
897	1	1	2	1	81.522843	1.218133	81.843588	0.309477	38.160129	20.991447	-1000.000000	-1000.000000	-64.000000	-1000.000000	-64.000000	270.000000	3
898	2	1	2	1	81.637150	1.099805	81.705985	0.306654	39.987877	21.794416	-1000.000000	-1000.000000	-64.000000	-1000.000000	-64.000000	270.000000	3
899	3	1	2	1	80.184530	1.194189	80.051196	0.222212	39.619981	22.132863	-1000.000000	-1000.000000	-64.000000	-1000.000000	-64.000000	780.000000	3
900	4	1	2	1	80.738950	1.197307	80.537901	0.259420	49.139542	23.453458	-1000.000000	-1000.000000	-64.000000	-1000.000000	-64.000000	780.000000	3
901	5	1	2	1	81.293667	1.007960	81.380116	0.296453	56.725744	28.153276	-1000.000000	-1000.000000	-64.000000	-1000.000000	-64.000000	270.000000	3
902	6	1	2	1	80.527263	0.520017	79.677988	0.237910	69.399507	36.629108	-1000.000000	-1000.000000	-64.000000	-1000.000000	-64.000000	780.000000	3
903	7	1	2	1	80.458178	0.556222	79.724108	0.227993	76.735717	41.406466	-1000.000000	-1000.000000	-64.000000	-1000.000000	-64.000000	780.000000	3
960	0	1	3	1	80.484643	1.229481	80.337424	0.210686	34.378473	17.686986	-1000.000000	-1000.000000	-64.000000	-1000.000000	-64.000000	270.000000	3
961	1	1	3	1	80.663238	0.685384	80.390983	0.236944	36.152314	19.522304	-1000.000000	-1000.000000	-64.000000	-1000.000000	-64.000000	780.000000	3
962	2	1	3	1	80.832032	0.507242	80.380836	0.216473	38.668347	21.104481	-1000.000000	-1000.000000	-64.000000	-1000.000000	-64.000000	270.000000	3
963	3	1	3	1	79.682149	1.273341	79.846145	0.220121	38.214784	20.559974	-1000.000000	-1000.000000	-64.000000	-1000.000000	-64.000000	780.000000	3
964	4	1	3	1	80.941636	1.458627	80.943616	0.271283	50.166511	24.338324	-1000.000000	-1000.000000	-64.000000	-1000.000000	-64.000000	270.000000	3
965	5	1	3	1	80.404408	1.333009	80.474345	0.237373	58.302483	31.336761	-1000.000000	-1000.000000	-64.000000	-1000.000000	-64.000000	270.000000	3
966	6	1	3	1	81.006924	0.970417	80.956396	0.268678	68.734069	39.898933	-1000.000000	-1000.000000	-64.000000	-1000.000000	-64.000000	780.000000	3
967	7	1	3	1	-1000.000000	-1000.000000	-1000.000000	-1000.000000	-1000.000000	-1000.000000	-1000.000000	-1000.000000	-64.000000	-1000.000000	-64.000000	270.000000	0
1024	0	0	0	2	78.584808	1.290430	78.988937	0.282446	27.875441	17.083881	-1000.000000	-1000.000000	-64.000000	-1000.000000	-64.000000	780.000000	3
1025	1	0	0	2	84.145350	1.464824	84.143021	0.246638	37.963413	21.774683	-1000.000000	-1000.000000	-64.000000	-1000.000000	-64.000000	10.000000	3
1026	2	0	0	2	72.759647	0.469378	71.914700	0.262407	43.294766	28.149165	-1000.000000	-1000.000000	-64.000000	-1000.000000	-64.000000	780.000000	3
1027	3	0	0	2	80.333603	1.518454	80.435891	0.246526	46.190676	25.778038	-1000.000000	-1000.000000	-64.000000	-1000.000000	-64.000000	10.000000	3
1028	4	0	0	2	80.756501	1.851106	80.880365	0.301529	61.595651	33.547725	-1000.000000	-1000.000000	-64.000000	-1000.000000	-64.000000	780.000000	3
1029	5	0	0	2	79.331851	1.319393	79.789838	0.269187	65.755591	38.042621	-1000.000000	-1000.000000	-64.000000	-1000.000000	-64.000000	780.000000	3
1030	6	0	0	2	80.942995	1.236174	80.921337	0.274520	71.942345	45.739442	-1000.000000	-1000.000000	-64.000000	-1000.000000	-64.000000	10.000000	3
1031	7	0	0	2	80.411856	1.096496	80.080265	0.145669	-1000.000000	-1000.000000	-1000.000000	-1000.000000	-64.000000	-1000.000000	-64.000000	780.000000	0
1088	0	0	1	2	80.571809	0.599105	79.880289	0.261506	28.224089	16.627773	-1000.000000	-1000.000000	-64.000000	-1000.000000	-64.000000	780.000000	3
1089	1	0	1	2	77.848892	1.233073	77.936598	0.310541	40.399947	23.183057	-1000.000000	-1000.000000	-64.000000	-1000.000000	-64.000000	780.000000	3
1090	2	0	1	2	81.445591	1.201986	81.764658	0.312111	42.551709	24.541003	-1000.000000	-1000.000000	-64.000000	-1000.000000	-64.000000	780.000000	3
1091	3	0	1	2	79.567351	1.494966	79.807806	0.247526	45.613045	25.793866	-1000.000000	-1000.000000	-64.000000	-1000.000000	-64.000000	10.000000	3
1092	4	0	1	2	80.576724	1.489493	80.725136	0.274917	57.999531	30.161169	-1000.000000	-1000.000000	-64.000000	-1000.000000	-64.000000	10.000000	3
1093	5	0	1	2	80.421651	1.344952	80.301336	0.265209	57.883051	31.645917	-1000.000000	-1000.000000	-64.000000	-1000.000000	-64.000000	780.000000	3
1094	6	0	1	2	80.715642	0.437827	79.636636	0.250861	69.776787	34.941436	-1000.000000	-1000.000000	-64.000000	-1000.000000	-64.000000	10.000000	3
1095	7	0	1	2	79.824294	1.677730	79.479800	0.279197	91.796201	56.914195	-1000.000000	-1000.000000	-64.000000	-1000.000000	-64.000000	10.000000	3
1152	0	0	2	2	78.248253	1.526756	78.551025	0.305499	29.341056	18.466183	-1000.000000	-1000.000000	-64.000000	-1000.000000	-64.000000	780.000000	3
1153	1	0	2	2	77.688774	1.220619	77.544239	0.305048	42.215330	24.048362	-1000.000000	-1000.000000	-64.000000	-1000.000000	-64.000000	780.000000	3
1154	2	0	2	2	80.640679	1.304504	80.600999	0.263451	38.351990	22.002308	-1000.000000	-1000.000000	-64.000000	-1000.000000	-64.000000	10.000000	3
1155	3	0	2	2	80.816289	0.499950	81.010987	0.294019	44.563308	25.389089	-1000.000000	-1000.000000	-64.000000	-1000.000000	-64.000000	780.000000	3
1156	4	0	2	2	80.557621	1.532151	80.755427	0.282823	57.056671	29.279159	-1000.000000	-1000.000000	-64.000000	-1000.000000	-64.000000	10.000000	3
1157	5	0	2	2	81.115553	1.033408	81.215542	0.290708	64.765687	36.984700	-1000.000000	-1000.000000	-64.000000	-1000.000000	-64.000000	10.000000	3
1158	6	0	2	2	81.061279	1.016590	80.966505	0.284235	75.162763	41.603973	-1000.000000	-1000.000000	-64.000000	-1000.000000	-64.000000	10.000000	3
1159	7	0	2	2	80.632943	0.635276	80.166482	0.248832	86.658405	53.610374	-1000.000000	-1000.000000	-64.000000	-1000.000000	-64.000000	10.000000	3
1216	0	0	3	2	80.130123	1.433963	80.108839	0.267178	34.288862	19.636566	-1000.000000	-1000.000000	-64.000000	-1000.000000	-64.000000	780.000000	3
1217	1	0	3	2	80.221443	1.389305	80.049632	0.272809	39.545010	23.168058	-1000.000000	-1000.000000	-64.000000	-1000.000000	-64.000000	780.000000	3
1218	2	0	3	2	80.942652	1.073114	80.870599	0.275166	42.114256	24.400712	-1000.000000	-1000.000000	-64.000000	-1000.000000	-64.000000	780.000000	3
1219	3	0	3	2	81.124580	0.878848	81.154770	0.293362	45.278135	27.410650	-1000.000000	-1000.000000	-64.000000	-1000.000000	-64.000000	10.000000	3
1220	4	0	3	2	78.113726	1.474638	78.294473	0.318329	55.510799	27.794020	-1000.000000	-1000.000000	-64.000000	-1000.000000	-64.000000	10.000000	3
1221	5	0	3	2	80.800304	0.609260	80.592607	0.257610	64.371628	33.491944	-1000.000000	-1000.000000	-64.000000	-1000.000000	-64.000000	10.000000	3
1222	6	0	3	2	80.772721	0.477104	79.962576	0.255758	68.540914	37.054375	-1000.000000	-1000.000000	-64.000000	-1000.000000	-64.000000	780.000000	3
1223	7	0	3	2	80.608471	1.446774	80.681875	0.274843	84.709731	54.848413	-1000.000000	-1000.000000	-64.000000	-1000.000000	-64.000000	10.000000	3
1280	0	1	0	2	79.384241	1.381379	79.833442	0.253764	26.911090	16.468366	-1000.000000	-1000.000000	-64.000000	-1000.000000	-64.000000	10.000000	3
1281	1	1	0	2	79.454808	1.458112	79.626527	0.258990	36.962608	21.009237	-1000.000000	-1000.000000	-64.000000	-1000.000000	-64.000000	10.000000	3
1282	2	1	0	2	80.645165	1.405772	80.634342	0.263587	39.009425	22.583217	-1000.000000	-1000.000000	-64.000000	-1000.000000	-64.000000	10.000000	3
1283	3	1	0	2	81.774836	1.124583	82.081522	0.310990	39.923923	23.215629	-1000.000000	-1000.000000	-64.000000	-1000.000000	-64.000000	10.000000	3
1284	4	1	0	2	79.850481	1.758258	79.776295	0.264269	56.866712	28.729466	-1000.000000	-1000.000000	-64.000000	-1000.000000	-64.000000	780.000000	3
1285	5	1	0	2	75.665030	1.623638	76.157937	0.281695	61.562323	32.640469	-1000.000000	-1000.000000	-64.000000	-1000.000000	-64.000000	10.000000	3
1286	6	1	0	2	79.515400	1.565972	79.594552	0.256950	68.043054	37.983506	-1000.000000	-1000.000000	-64.000000	-1000.000000	-64.000000	10.000000	3
1287	7	1	0	2	78.151108	1.856384	78.325984	0.312126	85.865667	51.184985	-1000.000000	-1000.000000	-64.000000	-1000.000000	-64.000000	780.000000	3
1344	0	1	1	2	79.012813	1.798516	79.275588	0.269909	26.160416	16.892468	-1000.000000	-1000.000000	-64.000000	-1000.000000	-64.000000	780.000000	3
1345	1	1	1	2	80.942331	1.131091	80.650822	0.254600	39.185869	22.474071	-1000.000000	-1000.000000	-64.000000	-1000.000000	-64.000000	780.000000	3
1346	2	1	1	2	77.715935	1.312851	77.807503	0.297685	41.067171	23.095257	-1000.000000	-1000.000000	-64.000000	-1000.000000	-64.000000	10.000000	3
1347	3	1	1	2	80.612217	0.697796	80.004807	0.255967	44.032571	26.863775	-1000.000000	-1000.000000	-64.000000	-1000.000000	-64.000000	780.000000	3
1348	4	1	1	2	79.090937	1.409678	79.439705	0.269402	55.512940	28.209255	-1000.000000	-1000.000000	-64.000000	-1000.000000	-64.000000	780.000000	3
1349	5	1	1	2	80.618845	1.707160	80.875710	0.293722	68.484005	37.899319	-1000.000000	-1000.000000	-64.000000	-1000.000000	-64.000000	780.000000	3
1350	6	1	1	2	85.368721	1.091373	85.728188	0.299895	71.307762	42.258554	-1000.000000	-1000.000000	-64.000000	-1000.000000	-64.000000	10.000000	3
1351	7	1	1	2	87.317867	1.935819	87.484492	0.277057	83.662790	55.843920	-1000.000000	-1000.000000	-64.000000	-1000.000000	-64.000000	780.000000	3
1408	0	1	2	2	80.792277	0.921062	80.671232	0.265464	33.608263	19.941130	-1000.000000	-1000.000000	-64.000000	-1000.000000	-64.000000	780.000000	3
1409	1	1	2	2	79.285485	1.511478	79.470415	0.267146	39.071935	22.288363	-1000.000000	-1000.000000	-64.000000	-1000.000000	-64.000000	780.000000	3
1410	2	1	2	2	80.433145	1.442742	80.605577	0.268351	42.425347	24.344050	-1000.000000	-1000.000000	-64.000000	-1000.000000	-64.000000	10.000000	3
1411	3	1	2	2	79.829430	1.378443	79.879068	0.247061	40.623889	22.672852	-1000.000000	-1000.000000	-64.000000	-1000.000000	-64.000000	780.000000	3
1412	4	1	2	2	79.680517	1.639462	80.164956	0.271890	60.818560	30.925441	-1000.000000	-1000.000000	-64.000000	-1000.000000	-64.000000	10.000000	3
1413	5	1	2	2	80.598845	0.548502	79.565406	0.275986	60.537112	30.102753	-1000.000000	-1000.000000	-64.000000	-1000.000000	-64.000000	10.000000	3
1414	6	1	2	2	79.366317	1.916999	79.370084	0.265643	67.557447	36.086081	-1000.000000	-1000.000000	-64.000000	-1000.000000	-64.000000	780.000000	3
1415	7	1	2	2	80.674551	0.647002	80.209895	0.238848	83.213305	46.376166	-1000.000000	-1000.000000	-64.000000	-1000.000000	-64.000000	10.000000	3
1472	0	1	3	2	84.149559	1.667440	84.160569	0.287088	34.923231	20.553684	-1000.000000	-1000.000000	-64.000000	-1000.000000	-64.000000	780.000000	3
1473	1	1	3	2	80.315475	1.251396	80.231258	0.270652	40.993859	24.822265	-1000.000000	-1000.000000	-64.000000	-1000.000000	-64.000000	780.000000	3
1474	2	1	3	2	80.451113	1.356019	80.449968	0.270438	40.708280	23.640592	-1000.000000	-1000.000000	-64.000000	-1000.000000	-64.000000	780.000000	3
1475	3	1	3	2	80.776674	0.479353	80.084271	0.229222	44.013019	25.026422	-1000.000000	-1000.000000	-64.000000	-1000.000000	-64.000000	10.000000	3
1476	4	1	3	2	69.412628	1.534104	69.627132	0.324015	57.169005	26.533471	-1000.000000	-1000.000000	-64.000000	-1000.000000	-64.000000	780.000000	3
1477	5	1	3	2	79.640731	1.573879	80.069431	0.263979	66.866799	37.005242	-1000.000000	-1000.000000	-64.000000	-1000.000000	-64.000000	10.000000	3
1478	6	1	3	2	79.287268	1.556431	79.702097	0.263024	75.038100	43.021094	-1000.000000	-1000.000000	-64.000000	-1000.000000	-64.000000	10.000000	3
1479	7	1	3	2	80.093253	1.374257	80.239040	0.253019	84.983756	54.901939	-1000.000000	-1000.000000	-64.000000	-1000.000000	-64.000000	10.000000	3
1536	0	0	0	3	80.370514	1.464144	80.324034	0.260852	38.797761	21.277869	-1000.000000	-1000.000000	-64.000000	-1000.000000	-64.000000	528.000000	3
1537	1	0	0	3	80.567396	1.035773	80.271657	0.246837	39.619793	25.311470	-1000.000000	-1000.000000	-64.000000	-1000.000000	-64.000000	528.000000	3
1538	2	0	0	3	81.675431	1.280255	81.772364	0.311880	40.673458	22.574726	-1000.000000	-1000.000000	-64.000000	-1000.000000	-64.000000	528.000000	3
1539	3	0	0	3	80.660835	0.602150	80.170411	0.201503	34.200767	20.435259	-1000.000000	-1000.000000	-64.000000	-1000.000000	-64.000000	780.000000	3
1540	4	0	0	3	73.474905	1.507695	73.574333	0.324120	48.439672	22.889054	-1000.000000	-1000.000000	-64.000000	-1000.000000	-64.000000	528.000000	3
1541	5	0	0	3	50.101130	1.333329	50.017892	0.312638	64.875263	34.386134	-1000.000000	-1000.000000	-64.000000	-1000.000000	-64.000000	780.000000	3
1542	6	0	0	3	80.118180	1.283318	80.139511	0.226533	62.859077	34.781021	-1000.000000	-1000.000000	-64.000000	-1000.000000	-64.000000	780.000000	3
1543	7	0	0	3	80.578101	1.131436	80.327963	0.231996	75.120677	45.080208	-1000.000000	-1000.000000	-64.000000	-1000.000000	-64.000000	780.000000	3
1600	0	0	1	3	80.870840	1.146372	80.769237	0.280743	38.484288	20.854811	-1000.000000	-1000.000000	-64.000000	-1000.000000	-64.000000	528.000000	3
1601	1	0	1	3	94.461126	1.233205	94.711247	0.309782	45.779676	31.156668	-1000.000000	-1000.000000	-64.000000	-1000.000000	-64.000000	528.000000	3
1602	2	0	1	3	86.714076	1.306581	87.170068	0.288937	41.543411	23.740373	-1000.000000	-1000.000000	-64.000000	-1000.000000	-64.000000	780.000000	3
1603	3	0	1	3	80.466755	1.411373	80.365501	0.253969	31.407302	19.109671	-1000.000000	-1000.000000	-64.000000	-1000.000000	-64.000000	528.000000	3
1604	4	0	1	3	80.984880	1.389945	81.052035	0.281993	44.901927	22.197044	-1000.000000	-1000.000000	-64.000000	-1000.000000	-64.000000	780.000000	3
1605	5	0	1	3	80.949732	0.827545	80.905047	0.281801	53.976341	25.457773	-1000.000000	-1000.000000	-64.000000	-1000.000000	-64.000000	780.000000	3
1606	6	0	1	3	81.113733	0.985343	81.272117	0.308656	69.045310	33.840199	-1000.000000	-1000.000000	-64.000000	-1000.000000	-64.000000	528.000000	3
1607	7	0	1	3	77.842705	0.846494	78.406898	0.310610	72.402549	38.193083	-1000.000000	-1000.000000	-64.000000	-1000.000000	-64.000000	780.000000	3
1664	0	0	2	3	80.647562	1.089606	80.535879	0.262065	38.808805	21.648937	-1000.000000	-1000.000000	-64.000000	-1000.000000	-64.000000	528.000000	3
1665	1	0	2	3	80.864707	1.352893	80.825239	0.281735	42.998146	24.334387	-1000.000000	-1000.000000	-64.000000	-1000.000000	-64.000000	528.000000	3
1666	2	0	2	3	81.412783	1.119238	81.241903	0.295096	40.154674	21.702414	-1000.000000	-1000.000000	-64.000000	-1000.000000	-64.000000	780.000000	3
1667	3	0	2	3	82.124551	1.436977	82.534767	0.314720	28.888108	18.324077	-1000.000000	-1000.000000	-64.000000	-1000.000000	-64.000000	528.000000	3
1668	4	0	2	3	83.697373	1.956786	83.758669	0.292991	47.132166	23.980449	-1000.000000	-1000.000000	-64.000000	-1000.000000	-64.000000	528.000000	3
1669	5	0	2	3	80.757995	1.667959	81.003891	0.295590	61.268342	32.501650	-1000.000000	-1000.000000	-64.000000	-1000.000000	-64.000000	528.000000	3
1670	6	0	2	3	81.834881	1.063592	82.142103	0.320376	64.192578	29.931564	-1000.000000	-1000.000000	-64.000000	-1000.000000	-64.000000	780.000000	3
1671	7	0	2	3	80.678323	0.643641	80.146149	0.253644	76.340786	39.573218	-1000.000000	-1000.000000	-64.000000	-1000.000000	-64.000000	528.000000	3
1728	0	0	3	3	81.319591	1.137138	81.083241	0.291908	35.297985	19.510800	-1000.000000	-1000.000000	-64.000000	-1000.000000	-64.000000	780.000000	3
1729	1	0	3	3	84.718413	1.406070	84.586503	0.266710	40.122006	22.913374	-1000.000000	-1000.000000	-64.000000	-1000.000000	-64.000000	780.000000	3
1730	2	0	3	3	80.877086	1.212610	80.790905	0.270478	38.149603	20.643753	-1000.000000	-1000.000000	-64.000000	-1000.000000	-64.000000	780.000000	3
1731	3	0	3	3	80.685999	0.640413	80.270551	0.214520	26.709912	16.213694	-1000.000000	-1000.000000	-64.000000	-1000.000000	-64.000000	780.000000	3
1732	4	0	3	3	80.682815	1.455008	80.729600	0.284926	47.417175	23.036919	-1000.000000	-1000.000000	-64.000000	-1000.000000	-64.000000	528.000000	3
1733	5	0	3	3	91.128435	1.294964	91.666806	0.259174	63.169396	36.320185	-1000.000000	-1000.000000	-64.000000	-1000.000000	-64.000000	780.000000	3
1734	6	0	3	3	80.902840	0.833620	80.773090	0.286178	61.741354	30.469927	-1000.000000	-1000.000000	-64.000000	-1000.000000	-64.000000	780.000000	3
1735	7	0	3	3	81.136397	0.941441	81.408156	0.311441	82.739589	43.499840	-1000.000000	-1000.000000	-64.000000	-1000.000000	-64.000000	528.000000	3
1792	0	1	0	3	79.494104	1.538168	79.681764	0.260389	39.584800	21.393123	-1000.000000	-1000.000000	-64.000000	-1000.000000	-64.000000	528.000000	3
1793	1	1	0	3	80.419548	1.347105	80.391326	0.259569	40.954545	23.522948	-1000.000000	-1000.000000	-64.000000	-1000.000000	-64.000000	528.000000	3
1794	2	1	0	3	79.606225	1.745760	79.546752	0.261176	41.320229	23.140677	-1000.000000	-1000.000000	-64.000000	-1000.000000	-64.000000	528.000000	3
1795	3	1	0	3	66.563950	1.357992	66.864190	0.315189	29.759388	17.369815	-1000.000000	-1000.000000	-64.000000	-1000.000000	-64.000000	780.000000	3
1796	4	1	0	3	74.777328	1.418434	75.226109	0.293827	42.773302	20.222387	-1000.000000	-1000.000000	-64.000000	-1000.000000	-64.000000	780.000000	3
1797	5	1	0	3	79.413476	1.598373	79.413459	0.255000	57.688475	28.245717	-1000.000000	-1000.000000	-64.000000	-1000.000000	-64.000000	780.000000	3
1798	6	1	0	3	81.141999	0.949196	81.153435	0.301373	68.239024	33.492523	-1000.000000	-1000.000000	-64.000000	-1000.000000	-64.000000	528.000000	3
1799	7	1	0	3	81.262829	1.299851	81.117079	0.281404	79.035179	48.188846	-1000.000000	-1000.000000	-64.000000	-1000.000000	-64.000000	780.000000	3
1856	0	1	1	3	80.527146	1.233485	80.493305	0.258197	39.135037	21.258617	-1000.000000	-1000.000000	-64.000000	-1000.000000	-64.000000	528.000000	3
1857	1	1	1	3	81.235855	1.407571	81.300995	0.307523	41.283434	23.315810	-1000.000000	-1000.000000	-64.000000	-1000.000000	-64.000000	528.000000	3
1858	2	1	1	3	80.755690	1.193876	80.552665	0.237513	42.893761	23.388316	-1000.000000	-1000.000000	-64.000000	-1000.000000	-64.000000	780.000000	3
1859	3	1	1	3	79.722967	1.871104	79.448556	0.263348	30.542397	18.968769	-1000.000000	-1000.000000	-64.000000	-1000.000000	-64.000000	528.000000	3
1860	4	1	1	3	81.395035	1.242539	81.404951	0.296427	42.934690	20.873431	-1000.000000	-1000.000000	-64.000000	-1000.000000	-64.000000	780.000000	3
1861	5	1	1	3	81.090166	0.887609	80.924465	0.286232	51.744148	24.262448	-1000.000000	-1000.000000	-64.000000	-1000.000000	-64.000000	780.000000	3
1862	6	1	1	3	81.876321	1.130015	82.021362	0.310010	65.382107	34.161623	-1000.000000	-1000.000000	-64.000000	-1000.000000	-64.000000	780.000000	3
1863	7	1	1	3	81.028973	0.897136	80.993438	0.287263	78.888515	40.332054	-1000.000000	-1000.000000	-64.000000	-1000.000000	-64.000000	780.000000	3
1920	0	1	2	3	80.065025	1.523736	79.673944	0.262061	38.592159	21.116862	-1000.000000	-1000.000000	-64.000000	-1000.000000	-64.000000	528.000000	3
1921	1	1	2	3	80.098975	1.527091	80.255902	0.252112	42.143712	23.543058	-1000.000000	-1000.000000	-64.000000	-1000.000000	-64.000000	528.000000	3
1922	2	1	2	3	81.196136	1.090826	81.197421	0.300133	43.221967	24.238764	-1000.000000	-1000.000000	-64.000000	-1000.000000	-64.000000	528.000000	3
1923	3	1	2	3	81.247819	0.978932	81.170793	0.297736	29.015677	16.771098	-1000.000000	-1000.000000	-64.000000	-1000.000000	-64.000000	780.000000	3
1924	4	1	2	3	86.291396	1.209311	86.600275	0.306479	41.956882	21.341551	-1000.000000	-1000.000000	-64.000000	-1000.000000	-64.000000	780.000000	3
1925	5	1	2	3	80.956396	0.973723	81.046847	0.307769	60.481982	29.949829	-1000.000000	-1000.000000	-64.000000	-1000.000000	-64.000000	528.000000	3
1926	6	1	2	3	80.505875	0.562552	79.853279	0.198117	66.844106	31.849596	-1000.000000	-1000.000000	-64.000000	-1000.000000	-64.000000	780.000000	3
1927	7	1	2	3	80.688176	0.583083	80.166711	0.203799	71.625339	36.112762	-1000.000000	-1000.000000	-64.000000	-1000.000000	-64.000000	780.000000	3
1984	0	1	3	3	79.776980	1.504627	79.935185	0.242665	38.951644	21.117259	-1000.000000	-1000.000000	-64.000000	-1000.000000	-64.000000	528.000000	3
1985	1	1	3	3	81.274682	0.987800	81.180979	0.298679	40.007440	24.678155	-1000.000000	-1000.000000	-64.000000	-1000.000000	-64.000000	780.000000	3
1986	2	1	3	3	80.843195	0.569028	80.674742	0.273895	43.663247	24.372608	-1000.000000	-1000.000000	-64.000000	-1000.000000	-64.000000	528.000000	3
1987	3	1	3	3	81.390840	1.190292	81.225232	0.291849	29.408646	17.049179	-1000.000000	-1000.000000	-64.000000	-1000.000000	-64.000000	780.000000	3
1988	4	1	3	3	80.587237	1.652854	80.596841	0.294828	47.137775	23.430603	-1000.000000	-1000.000000	-64.000000	-1000.000000	-64.000000	528.000000	3
1989	5	1	3	3	79.113980	1.680986	79.390913	0.268970	62.849194	32.375562	-1000.000000	-1000.000000	-64.000000	-1000.000000	-64.000000	528.000000	3
1990	6	1	3	3	80.978648	0.933579	80.759127	0.254645	65.287948	32.167398	-1000.000000	-1000.000000	-64.000000	-1000.000000	-64.000000	780.000000	3
1991	7	1	3	3	81.505977	1.359103	81.506313	0.311848	83.018138	51.734542	-1000.000000	-1000.000000	-64.000000	-1000.000000	-64.000000	528.000000	3
2048	0	0	0	4	78.753111	1.319983	78.698394	0.295456	30.593958	18.880329	-1000.000000	-1000.000000	-64.000000	-1000.000000	-64.000000	780.000000	3
2049	1	0	0	4	80.534677	0.621534	79.880784	0.249936	43.824539	26.217485	-1000.000000	-1000.000000	-64.000000	-1000.000000	-64.000000	780.000000	3
2050	2	0	0	4	80.754519	0.466217	79.846412	0.262457	27.727448	19.103958	-1000.000000	-1000.000000	-64.000000	-1000.000000	-64.000000	780.000000	3
2051	3	0	0	4	80.500789	1.364152	80.454584	0.263479	35.349575	19.978842	-1000.000000	-1000.000000	-64.000000	-1000.000000	-64.000000	780.000000	3
2052	4	0	0	4	80.863474	1.658513	80.888262	0.276693	49.900366	25.242088	-1000.000000	-1000.000000	-64.000000	-1000.000000	-64.000000	780.000000	3
2053	5	0	0	4	80.232947	1.518547	80.346656	0.271531	51.618686	26.291827	-1000.000000	-1000.000000	-64.000000	-1000.000000	-64.000000	780.000000	3
2054	6	0	0	4	81.053402	1.027954	81.093007	0.280518	57.353697	30.700964	-1000.000000	-1000.000000	-64.000000	-1000.000000	-64.000000	780.000000	3
2055	7	0	0	4	80.918300	1.245243	80.862129	0.263776	64.706392	40.812439	-1000.000000	-1000.000000	-64.000000	-1000.000000	-64.000000	780.000000	3
2112	0	0	1	4	80.811784	0.497773	80.213557	0.260930	29.459889	19.010269	-1000.000000	-1000.000000	-64.000000	-1000.000000	-64.000000	780.000000	3
2113	1	0	1	4	77.889490	1.386604	77.875331	0.314981	41.767031	23.523493	-1000.000000	-1000.000000	-64.000000	-1000.000000	-64.000000	780.000000	3
2114	2	0	1	4	80.975320	0.903687	80.813833	0.277113	32.783429	19.545648	-1000.000000	-1000.000000	-64.000000	-1000.000000	-64.000000	780.000000	3
2115	3	0	1	4	80.731705	0.838887	80.724259	0.271510	40.151770	22.527388	-1000.000000	-1000.000000	-64.000000	-1000.000000	-64.000000	780.000000	3
2116	4	0	1	4	80.247243	1.391101	80.370078	0.255296	49.298132	24.572227	-1000.000000	-1000.000000	-64.000000	-1000.000000	-64.000000	780.000000	3
2117	5	0	1	4	79.601601	1.945333	79.358219	0.276839	55.172464	27.559992	-1000.000000	-1000.000000	-64.000000	-1000.000000	-64.000000	780.000000	3
2118	6	0	1	4	72.867232	0.521836	72.600466	0.281731	63.576664	32.395217	-1000.000000	-1000.000000	-64.000000	-1000.000000	-64.000000	780.000000	3
2119	7	0	1	4	80.922241	0.490126	81.023919	0.286175	71.225675	41.769142	-1000.000000	-1000.000000	-64.000000	-1000.000000	-64.000000	780.000000	3
2176	0	0	2	4	78.882375	1.805602	78.939496	0.289904	30.768287	19.474158	-1000.000000	-1000.000000	-64.000000	-1000.000000	-64.000000	780.000000	3
2177	1	0	2	4	80.336413	1.460881	80.339522	0.262864	38.927821	21.891975	-1000.000000	-1000.000000	-64.000000	-1000.000000	-64.000000	780.000000	3
2178	2	0	2	4	81.161056	1.101556	81.042040	0.286765	28.482202	19.158927	-1000.000000	-1000.000000	-64.000000	-1000.000000	-64.000000	780.000000	3
2179	3	0	2	4	83.653519	1.927185	83.571854	0.283934	40.894556	23.081061	-1000.000000	-1000.000000	-64.000000	-1000.000000	-64.000000	780.000000	3
2180	4	0	2	4	81.798588	1.280986	82.095485	0.311446	46.311179	23.827153	-1000.000000	-1000.000000	-64.000000	-1000.000000	-64.000000	780.000000	3
2181	5	0	2	4	81.637826	1.160892	81.920420	0.312085	56.660969	28.459354	-1000.000000	-1000.000000	-64.000000	-1000.000000	-64.000000	780.000000	3
2182	6	0	2	4	80.297224	1.143985	80.041544	0.259612	64.365948	37.569620	-1000.000000	-1000.000000	-64.000000	-1000.000000	-64.000000	780.000000	3
2183	7	0	2	4	81.182241	0.963558	81.245756	0.289280	69.963199	41.953058	-1000.000000	-1000.000000	-64.000000	-1000.000000	-64.000000	780.000000	3
2240	0	0	3	4	80.367219	1.403245	80.267384	0.259215	31.313703	18.681543	-1000.000000	-1000.000000	-64.000000	-1000.000000	-64.000000	780.000000	3
2241	1	0	3	4	80.156150	1.498370	80.085339	0.249194	37.405223	21.739247	-1000.000000	-1000.000000	-64.000000	-1000.000000	-64.000000	780.000000	3
2242	2	0	3	4	78.858121	1.767390	79.026208	0.277744	27.730503	19.510459	-1000.000000	-1000.000000	-64.000000	-1000.000000	-64.000000	780.000000	3
2243	3	0	3	4	79.460636	1.740575	79.316751	0.269516	39.570530	22.712908	-1000.000000	-1000.000000	-64.000000	-1000.000000	-64.000000	780.000000	3
2244	4	0	3	4	80.950639	1.536663	81.054133	0.289063	44.828526	22.598744	-1000.000000	-1000.000000	-64.000000	-1000.000000	-64.000000	780.000000	3
2245	5	0	3	4	80.773959	0.614718	80.668409	0.270324	56.983590	28.332738	-1000.000000	-1000.000000	-64.000000	-1000.000000	-64.000000	780.000000	3
2246	6	0	3	4	80.827787	0.505323	80.182047	0.285889	68.508655	38.159539	-1000.000000	-1000.000000	-64.000000	-1000.000000	-64.000000	780.000000	3
2247	7	0	3	4	80.662868	1.449244	80.669820	0.266531	68.461932	42.160837	-1000.000000	-1000.000000	-64.000000	-1000.000000	-64.000000	780.000000	3
2304	0	1	0	4	80.067155	1.371013	80.105024	0.252893	31.283248	18.750159	-1000.000000	-1000.000000	-64.000000	-1000.000000	-64.000000	780.000000	3
2305	1	1	0	4	80.182920	1.422158	80.256054	0.274349	41.456964	23.115351	-1000.000000	-1000.000000	-64.000000	-1000.000000	-64.000000	780.000000	3
2306	2	1	0	4	81.266383	1.156569	81.204517	0.288082	28.104853	18.177461	-1000.000000	-1000.000000	-64.000000	-1000.000000	-64.000000	780.000000	3
2307	3	1	0	4	81.651630	1.128045	81.929347	0.307473	38.948464	23.211498	-1000.000000	-1000.000000	-64.000000	-1000.000000	-64.000000	780.000000	3
2308	4	1	0	4	80.107378	1.595579	79.839927	0.260704	46.452956	22.701604	-1000.000000	-1000.000000	-64.000000	-1000.000000	-64.000000	780.000000	3
2309	5	1	0	4	80.747023	1.339809	80.678633	0.262966	57.409678	30.563990	-1000.000000	-1000.000000	-64.000000	-1000.000000	-64.000000	780.000000	3
2310	6	1	0	4	81.661304	1.184210	81.800785	0.307257	61.836434	35.113695	-1000.000000	-1000.000000	-64.000000	-1000.000000	-64.000000	780.000000	3
2311	7	1	0	4	81.471480	1.091181	81.771754	0.317105	65.307503	37.953801	-1000.000000	-1000.000000	-64.000000	-1000.000000	-64.000000	780.000000	3
2368	0	1	1	4	80.594846	0.766495	80.009995	0.263303	29.920385	19.321987	-1000.000000	-1000.000000	-64.000000	-1000.000000	-64.000000	780.000000	3
2369	1	1	1	4	79.508118	1.573303	79.632897	0.264028	40.909367	23.420012	-1000.000000	-1000.000000	-64.000000	-1000.000000	-64.000000	780.000000	3
2370	2	1	1	4	80.619406	1.260879	80.579255	0.270218	32.971960	19.213163	-1000.000000	-1000.000000	-64.000000	-1000.000000	-64.000000	780.000000	3
2371	3	1	1	4	80.945464	0.841095	80.722161	0.275015	38.183439	22.973411	-1000.000000	-1000.000000	-64.000000	-1000.000000	-64.000000	780.000000	3
2372	4	1	1	4	80.981882	1.498649	80.902453	0.287372	44.656294	22.819655	-1000.000000	-1000.000000	-64.000000	-1000.000000	-64.000000	780.000000	3
2373	5	1	1	4	79.910441	1.725780	80.026399	0.262569	56.597775	30.433741	-1000.000000	-1000.000000	-64.000000	-1000.000000	-64.000000	780.000000	3
2374	6	1	1	4	79.966833	1.478137	79.838401	0.238446	57.873835	29.887490	-1000.000000	-1000.000000	-64.000000	-1000.000000	-64.000000	780.000000	3
2375	7	1	1	4	85.265422	1.140476	85.192157	0.302162	66.552362	41.280279	-1000.000000	-1000.000000	-64.000000	-1000.000000	-64.000000	780.000000	3
2432	0	1	2	4	81.069985	1.034613	80.904093	0.291530	29.818457	18.025486	-1000.000000	-1000.000000	-64.000000	-1000.000000	-64.000000	780.000000	3
2433	1	1	2	4	80.748223	1.344144	80.793881	0.276130	41.080889	22.893776	-1000.000000	-1000.000000	-64.000000	-1000.000000	-64.000000	780.000000	3
2434	2	1	2	4	82.001298	1.148653	82.126004	0.306147	29.432974	19.184889	-1000.000000	-1000.000000	-64.000000	-1000.000000	-64.000000	780.000000	3
2435	3	1	2	4	80.004679	1.414503	80.038073	0.252643	36.780282	21.279820	-1000.000000	-1000.000000	-64.000000	-1000.000000	-64.000000	780.000000	3
2436	4	1	2	4	78.076583	1.390467	78.222295	0.313298	48.634629	24.324213	-1000.000000	-1000.000000	-64.000000	-1000.000000	-64.000000	780.000000	3
2437	5	1	2	4	80.807121	0.495478	80.409224	0.270411	53.008266	25.724681	-1000.000000	-1000.000000	-64.000000	-1000.000000	-64.000000	780.000000	3
2438	6	1	2	4	79.075523	2.050072	79.240377	0.290925	62.141016	33.774930	-1000.000000	-1000.000000	-64.000000	-1000.000000	-64.000000	780.000000	3
2439	7	1	2	4	80.845988	0.513310	80.571816	0.266717	61.816761	35.225100	-1000.000000	-1000.000000	-64.000000	-1000.000000	-64.000000	780.000000	3
2496	0	1	3	4	80.356798	1.295063	80.189791	0.255112	29.224236	17.875651	-1000.000000	-1000.000000	-64.000000	-1000.000000	-64.000000	780.000000	3
2497	1	1	3	4	80.656011	1.031629	80.309538	0.249818	35.930045	20.179710	-1000.000000	-1000.000000	-64.000000	-1000.000000	-64.000000	780.000000	3
2498	2	1	3	4	80.448243	1.235711	80.405219	0.257537	29.032550	19.835299	-1000.000000	-1000.000000	-64.000000	-1000.000000	-64.000000	780.000000	3
2499	3	1	3	4	80.821642	0.502483	80.540457	0.262187	41.941868	23.866348	-1000.000000	-1000.000000	-64.000000	-1000.000000	-64.000000	780.000000	3
2500	4	1	3	4	78.071047	1.500994	78.098807	0.319610	45.770540	22.618043	-1000.000000	-1000.000000	-64.000000	-1000.000000	-64.000000	780.000000	3
2501	5	1	3	4	81.443767	1.497354	81.476443	0.303993	54.659442	28.521615	-1000.000000	-1000.000000	-64.000000	-1000.000000	-64.000000	780.000000	3
2502	6	1	3	4	80.789813	1.397425	80.760806	0.270639	58.716733	33.933916	-1000.000000	-1000.000000	-64.000000	-1000.000000	-64.000000	780.000000	3
2503	7	1	3	4	79.377107	1.477647	79.684549	0.248787	62.879698	38.090072	-1000.000000	-1000.000000	-64.000000	-1000.000000	-64.000000	780.000000	3
2560	0	0	0	5	79.901485	1.640011	80.231868	0.269572	36.532004	20.818568	-1000.000000	-1000.000000	-64.000000	-1000.000000	-64.000000	780.000000	3
2561	1	0	0	5	80.343322	1.433714	80.436539	0.277469	40.937256	23.731027	-1000.000000	-1000.000000	-64.000000	-1000.000000	-64.000000	780.000000	3
2562	2	0	0	5	79.947921	1.617697	80.191050	0.269371	42.587924	24.199402	-1000.000000	-1000.000000	-64.000000	-1000.000000	-64.000000	780.000000	3
2563	3	0	0	5	80.497237	0.568486	79.772938	0.208841	40.252315	24.099331	-1000.000000	-1000.000000	-64.000000	-1000.000000	-64.000000	780.000000	3
2564	4	0	0	5	80.473342	1.940067	80.713539	0.312045	71.142868	35.744768	-1000.000000	-1000.000000	-64.000000	-1000.000000	-64.000000	780.000000	3
2565	5	0	0	5	80.956266	1.276247	80.967688	0.292250	66.257078	36.716849	-1000.000000	-1000.000000	-64.000000	-1000.000000	-64.000000	780.000000	3
2566	6	0	0	5	80.599977	1.226648	80.345397	0.241668	65.869675	38.988822	-1000.000000	-1000.000000	-64.000000	-1000.000000	-64.000000	780.000000	3
2567	7	0	0	5	79.537238	1.321089	79.779118	0.225677	81.535324	51.121581	-1000.000000	-1000.000000	-64.000000	-1000.000000	-64.000000	780.000000	3
2624	0	0	1	5	80.351063	1.521706	80.757182	0.280925	36.890567	21.095724	-1000.000000	-1000.000000	-64.000000	-1000.000000	-64.000000	780.000000	3
2625	1	0	1	5	89.625599	1.547571	89.954488	0.305674	47.315818	30.195596	-1000.000000	-1000.000000	-64.000000	-1000.000000	-64.000000	780.000000	3
2626	2	0	1	5	86.410162	1.301297	86.792088	0.279670	36.862919	21.620197	-1000.000000	-1000.000000	-64.000000	-1000.000000	-64.000000	780.000000	3
2627	3	0	1	5	81.182848	1.595373	81.509365	0.290804	47.383892	27.485429	-1000.000000	-1000.000000	-64.000000	-1000.000000	-64.000000	780.000000	3
2628	4	0	1	5	81.853614	1.321523	82.108417	0.277548	64.060489	34.093236	-1000.000000	-1000.000000	-64.000000	-1000.000000	-64.000000	780.000000	3
2629	5	0	1	5	73.139621	0.842884	72.920383	0.252167	65.655010	31.970933	-1000.000000	-1000.000000	-64.000000	-1000.000000	-64.000000	780.000000	3
2630	6	0	1	5	79.368682	2.097319	79.300805	0.268216	77.216169	43.379149	-1000.000000	-1000.000000	-64.000000	-1000.000000	-64.000000	780.000000	3
2631	7	0	1	5	81.028080	0.803760	80.843360	0.248999	81.467688	47.734526	-1000.000000	-1000.000000	-64.000000	-1000.000000	-64.000000	780.000000	3
2688	0	0	2	5	80.052357	1.745651	80.180749	0.271077	41.540978	23.830417	-1000.000000	-1000.000000	-64.000000	-1000.000000	-64.000000	780.000000	3
2689	1	0	2	5	80.087600	1.634389	80.461031	0.260868	40.770260	24.442470	-1000.000000	-1000.000000	-64.000000	-1000.000000	-64.000000	780.000000	3
2690	2	0	2	5	80.073924	1.290645	80.174989	0.231704	38.345955	21.363122	-1000.000000	-1000.000000	-64.000000	-1000.000000	-64.000000	780.000000	3
2691	3	0	2	5	79.277451	1.933693	79.491130	0.265673	46.952819	27.659188	-1000.000000	-1000.000000	-64.000000	-1000.000000	-64.000000	780.000000	3
2692	4	0	2	5	80.410827	1.938538	80.740701	0.309367	76.627561	41.793303	-1000.000000	-1000.000000	-64.000000	-1000.000000	-64.000000	780.000000	3
2693	5	0	2	5	78.959205	1.828772	79.309160	0.306121	83.257907	47.731645	-1000.000000	-1000.000000	-64.000000	-1000.000000	-64.000000	780.000000	3
2694	6	0	2	5	80.519957	0.626811	79.925571	0.210235	69.832147	37.454090	-1000.000000	-1000.000000	-64.000000	-1000.000000	-64.000000	780.000000	3
2695	7	0	2	5	81.015792	0.965660	81.224469	0.308915	98.078308	56.998338	-1000.000000	-1000.000000	-64.000000	-1000.000000	-64.000000	780.000000	3
2752	0	0	3	5	59.230922	1.354102	59.689963	0.259770	34.991565	23.608662	-1000.000000	-1000.000000	-64.000000	-1000.000000	-64.000000	780.000000	3
2753	1	0	3	5	82.016496	1.004665	82.288708	0.304180	33.812060	20.124654	-1000.000000	-1000.000000	-64.000000	-1000.000000	-64.000000	780.000000	3
2754	2	0	3	5	80.472906	1.287575	80.440774	0.254015	34.974971	19.448275	-1000.000000	-1000.000000	-64.000000	-1000.000000	-64.000000	780.000000	3
2755	3	0	3	5	85.500792	1.072179	85.437111	0.306261	43.556479	25.361836	-1000.000000	-1000.000000	-64.000000	-1000.000000	-64.000000	780.000000	3
2756	4	0	3	5	82.151144	1.902429	82.641354	0.339002	72.979043	37.723997	-1000.000000	-1000.000000	-64.000000	-1000.000000	-64.000000	780.000000	3
2757	5	0	3	5	82.506487	1.105258	83.057719	0.299438	61.451133	33.980797	-1000.000000	-1000.000000	-64.000000	-1000.000000	-64.000000	780.000000	3
2758	6	0	3	5	81.189433	1.040623	81.141228	0.286759	70.798299	42.107734	-1000.000000	-1000.000000	-64.000000	-1000.000000	-64.000000	780.000000	3
2759	7	0	3	5	78.127100	2.015234	78.372335	0.319029	100.951472	57.239250	-1000.000000	-1000.000000	-64.000000	-1000.000000	-64.000000	780.000000	3
2816	0	1	0	5	80.660636	1.594097	80.954183	0.295836	38.689327	21.363527	-1000.000000	-1000.000000	-64.000000	-1000.000000	-64.000000	780.000000	3
2817	1	1	0	5	78.136892	1.499988	78.534697	0.314260	40.822793	23.618649	-1000.000000	-1000.000000	-64.000000	-1000.000000	-64.000000	780.000000	3
2818	2	1	0	5	80.460848	1.282259	80.378471	0.271658	41.575985	23.552915	-1000.000000	-1000.000000	-64.000000	-1000.000000	-64.000000	780.000000	3
2819	3	1	0	5	80.799909	0.491840	80.219661	0.240465	43.667407	24.892116	-1000.000000	-1000.000000	-64.000000	-1000.000000	-64.000000	780.000000	3
2820	4	1	0	5	81.193266	1.269678	81.097547	0.282558	59.973966	30.644992	-1000.000000	-1000.000000	-64.000000	-1000.000000	-64.000000	780.000000	3
2821	5	1	0	5	81.257307	0.955718	81.328692	0.307911	67.158680	38.406225	-1000.000000	-1000.000000	-64.000000	-1000.000000	-64.000000	780.000000	3
2822	6	1	0	5	80.796234	0.489944	80.465914	0.288151	86.227039	47.042457	-1000.000000	-1000.000000	-64.000000	-1000.000000	-64.000000	780.000000	3
2823	7	1	0	5	80.915029	1.320765	80.716400	0.266978	84.919673	53.534610	-1000.000000	-1000.000000	-64.000000	-1000.000000	-64.000000	780.000000	3
2880	0	1	1	5	81.057011	1.232724	81.234006	0.313383	39.540423	22.302041	-1000.000000	-1000.000000	-64.000000	-1000.000000	-64.000000	780.000000	3
2881	1	1	1	5	80.463006	1.651222	80.776027	0.288656	45.208510	25.659222	-1000.000000	-1000.000000	-64.000000	-1000.000000	-64.000000	780.000000	3
2882	2	1	1	5	79.880568	1.256304	80.070385	0.226460	36.559687	20.590776	-1000.000000	-1000.000000	-64.000000	-1000.000000	-64.000000	780.000000	3
2883	3	1	1	5	80.778379	0.480311	80.211306	0.268470	47.941491	27.984438	-1000.000000	-1000.000000	-64.000000	-1000.000000	-64.000000	780.000000	3
2884	4	1	1	5	67.355868	1.496913	67.586618	0.270062	57.147023	26.290592	-1000.000000	-1000.000000	-64.000000	-1000.000000	-64.000000	780.000000	3
2885	5	1	1	5	81.069390	0.919334	80.977454	0.285984	68.121202	35.642794	-1000.000000	-1000.000000	-64.000000	-1000.000000	-64.000000	780.000000	3
2886	6	1	1	5	80.906370	0.903425	80.624804	0.262094	71.419623	39.438405	-1000.000000	-1000.000000	-64.000000	-1000.000000	-64.000000	780.000000	3
2887	7	1	1	5	80.628609	0.640949	80.107160	0.213332	78.725384	45.560245	-1000.000000	-1000.000000	-64.000000	-1000.000000	-64.000000	780.000000	3
2944	0	1	2	5	77.977070	1.680375	78.209134	0.316460	38.693440	22.240415	-1000.000000	-1000.000000	-64.000000	-1000.000000	-64.000000	780.000000	3
2945	1	1	2	5	78.817744	1.587470	79.136078	0.296549	42.339970	24.097581	-1000.000000	-1000.000000	-64.000000	-1000.000000	-64.000000	780.000000	3
2946	2	1	2	5	86.736039	1.902733	87.144470	0.301307	46.044634	26.239199	-1000.000000	-1000.000000	-64.000000	-1000.000000	-64.000000	780.000000	3
2947	3	1	2	5	81.205088	1.123753	81.108877	0.294153	40.222381	23.575921	-1000.000000	-1000.000000	-64.000000	-1000.000000	-64.000000	780.000000	3
2948	4	1	2	5	79.954814	1.337004	80.060581	0.215398	59.808716	30.939758	-1000.000000	-1000.000000	-64.000000	-1000.000000	-64.000000	780.000000	3
2949	5	1	2	5	79.930703	1.826104	79.885210	0.279152	73.405329	39.357398	-1000.000000	-1000.000000	-64.000000	-1000.000000	-64.000000	780.000000	3
2950	6	1	2	5	79.926989	1.510658	79.466791	0.259356	65.673813	36.198477	-1000.000000	-1000.000000	-64.000000	-1000.000000	-64.000000	780.000000	3
2951	7	1	2	5	80.914589	0.537750	80.567581	0.252512	87.627856	51.529090	-1000.000000	-1000.000000	-64.000000	-1000.000000	-64.000000	780.000000	3
3008	0	1	3	5	81.193022	1.511619	81.275245	0.312774	41.461121	23.546530	-1000.000000	-1000.000000	-64.000000	-1000.000000	-64.000000	780.000000	3
3009	1	1	3	5	80.685011	0.641287	80.271047	0.222611	35.505053	20.644623	-1000.000000	-1000.000000	-64.000000	-1000.000000	-64.000000	780.000000	3
3010	2	1	3	5	80.777501	0.479818	80.038798	0.261413	43.573064	24.959196	-1000.000000	-1000.000000	-64.000000	-1000.000000	-64.000000	780.000000	3
3011	3	1	3	5	80.716028	1.238652	80.716972	0.274553	46.998886	27.791295	-1000.000000	-1000.000000	-64.000000	-1000.000000	-64.000000	780.000000	3
3012	4	1	3	5	79.715439	2.002919	80.057948	0.311151	76.210197	39.716297	-1000.000000	-1000.000000	-64.000000	-1000.000000	-64.000000	780.000000	3
3013	5	1	3	5	79.213098	1.848796	79.744708	0.292114	81.134779	45.900302	-1000.000000	-1000.000000	-64.000000	-1000.000000	-64.000000	780.000000	3
3014	6	1	3	5	80.356116	1.079774	80.200892	0.240264	66.297257	39.832529	-1000.000000	-1000.000000	-64.000000	-1000.000000	-64.000000	780.000000	3
3015	7	1	3	5	81.471367	1.635965	81.918894	0.325054	99.813243	65.978953	-1000.000000	-1000.000000	-64.000000	-1000.000000	-64.000000	780.000000	3
