#****************************************************************************************************************************************************************************************************************
#Calib info:
 	 RunNr: 266	 start time:0x7ffcaa2d2b20	 RunNrPed: 264	 start time:0x7ffcaa2d2b30	 RunNrMip: 266	 start time:0x7ffcaa2d2b40	 Vop: 45	 Vov: 6.7	 BC calib set: 1
#****************************************************************************************************************************************************************************************************************
#cellID	layer	row	column	module	ped mean H	ped sig H	ped mean L	ped sig L	mip Scale H	mip Width H	mip Scale L	mip Width L	LG-HG	HG-LG	BC
#****************************************************************************************************************************************************************************************************************
0	0	0	0	0	80.910273	1.404166	81.069052	0.286496	36.621643	24.354998	-1000.000000	-1000.000000	-64.000000	-1000.000000	-64.000000	780.000000	3
1	1	0	0	0	93.227127	0.955075	93.067792	0.314132	35.483949	26.332036	-1000.000000	-1000.000000	-64.000000	-1000.000000	-64.000000	780.000000	3
2	2	0	0	0	82.099000	1.452920	82.366169	0.308509	43.323330	28.306917	-1000.000000	-1000.000000	-64.000000	-1000.000000	-64.000000	780.000000	3
3	3	0	0	0	80.777516	1.213597	80.601928	0.264115	50.092734	27.624688	-1000.000000	-1000.000000	-64.000000	-1000.000000	-64.000000	780.000000	3
4	4	0	0	0	82.802400	1.880072	83.209445	0.304887	71.038998	45.141319	-1000.000000	-1000.000000	-64.000000	-1000.000000	-64.000000	780.000000	3
5	5	0	0	0	82.058229	1.367311	82.581724	0.305764	71.533885	46.147865	-1000.000000	-1000.000000	-64.000000	-1000.000000	-64.000000	780.000000	3
6	6	0	0	0	85.809948	1.098855	86.298542	0.304961	88.984789	73.306675	-1000.000000	-1000.000000	-64.000000	-1000.000000	-64.000000	780.000000	3
7	7	0	0	0	82.946166	1.520845	83.230539	0.291462	102.587157	72.675079	-1000.000000	-1000.000000	-64.000000	-1000.000000	-64.000000	780.000000	3
64	0	0	1	0	82.380421	1.463964	82.702871	0.298653	42.251805	26.200127	-1000.000000	-1000.000000	-64.000000	-1000.000000	-64.000000	780.000000	3
65	1	0	1	0	80.241687	1.442658	80.504239	0.253724	39.643785	25.756047	-1000.000000	-1000.000000	-64.000000	-1000.000000	-64.000000	780.000000	3
66	2	0	1	0	80.832682	0.824118	80.763243	0.272394	45.621095	26.667886	-1000.000000	-1000.000000	-64.000000	-1000.000000	-64.000000	780.000000	3
67	3	0	1	0	82.370084	1.072023	82.566581	0.321832	45.179359	30.360952	-1000.000000	-1000.000000	-64.000000	-1000.000000	-64.000000	780.000000	3
68	4	0	1	0	85.651365	1.173183	85.815130	0.306390	59.388654	44.496456	-1000.000000	-1000.000000	-64.000000	-1000.000000	-64.000000	780.000000	3
69	5	0	1	0	84.185006	1.674464	84.122178	0.295363	78.685704	46.808427	-1000.000000	-1000.000000	-64.000000	-1000.000000	-64.000000	780.000000	3
70	6	0	1	0	84.229839	1.229699	83.873778	0.210752	83.491146	50.730578	-1000.000000	-1000.000000	-64.000000	-1000.000000	-64.000000	780.000000	3
71	7	0	1	0	66.766781	1.495634	66.963410	0.315716	85.880189	76.585743	-1000.000000	-1000.000000	-64.000000	-1000.000000	-64.000000	780.000000	3
128	0	0	2	0	81.640218	1.066445	81.829777	0.299272	39.544247	24.940911	-1000.000000	-1000.000000	-64.000000	-1000.000000	-64.000000	780.000000	3
129	1	0	2	0	79.739490	1.426082	79.849175	0.234887	38.934808	23.362039	-1000.000000	-1000.000000	-64.000000	-1000.000000	-64.000000	780.000000	3
130	2	0	2	0	81.591480	1.122766	81.596788	0.291538	42.295463	27.096353	-1000.000000	-1000.000000	-64.000000	-1000.000000	-64.000000	780.000000	3
131	3	0	2	0	83.456135	1.738534	83.428206	0.275808	51.337872	34.773981	-1000.000000	-1000.000000	-64.000000	-1000.000000	-64.000000	780.000000	3
132	4	0	2	0	84.683671	1.250018	84.402163	0.262934	65.402573	41.189515	-1000.000000	-1000.000000	-64.000000	-1000.000000	-64.000000	780.000000	3
133	5	0	2	0	84.442142	1.249195	84.230777	0.242819	77.050846	53.774698	-1000.000000	-1000.000000	-64.000000	-1000.000000	-64.000000	780.000000	3
134	6	0	2	0	84.550707	1.225052	84.409296	0.272217	87.044015	61.390765	-1000.000000	-1000.000000	-64.000000	-1000.000000	-64.000000	780.000000	3
135	7	0	2	0	84.457338	1.116961	84.121263	0.212504	87.092640	56.322661	-1000.000000	-1000.000000	-64.000000	-1000.000000	-64.000000	780.000000	3
192	0	0	3	0	81.337398	1.338380	81.676701	0.308646	37.736312	26.625622	-1000.000000	-1000.000000	-64.000000	-1000.000000	-64.000000	780.000000	3
193	1	0	3	0	82.800918	1.453717	83.331585	0.282822	38.446903	26.869659	-1000.000000	-1000.000000	-64.000000	-1000.000000	-64.000000	780.000000	3
194	2	0	3	0	84.233959	1.520436	83.852837	0.264996	49.233009	32.570494	-1000.000000	-1000.000000	-64.000000	-1000.000000	-64.000000	780.000000	3
195	3	0	3	0	82.385476	1.335231	82.847525	0.306218	45.892010	25.983115	-1000.000000	-1000.000000	-64.000000	-1000.000000	-64.000000	780.000000	3
196	4	0	3	0	85.239928	1.083347	85.085683	0.290732	61.759832	63.265240	-1000.000000	-1000.000000	-64.000000	-1000.000000	-64.000000	780.000000	3
197	5	0	3	0	80.893232	0.584095	80.685695	0.268803	75.648528	51.980709	-1000.000000	-1000.000000	-64.000000	-1000.000000	-64.000000	780.000000	3
198	6	0	3	0	85.303897	1.073610	85.293879	0.309514	77.007510	4.639337	-1000.000000	-1000.000000	-64.000000	-1000.000000	-64.000000	780.000000	3
199	7	0	3	0	84.019521	1.520443	83.902959	0.259107	97.581692	71.263327	-1000.000000	-1000.000000	-64.000000	-1000.000000	-64.000000	780.000000	3
256	0	1	0	0	82.749359	1.127729	83.229547	0.288501	32.017344	18.305933	-1000.000000	-1000.000000	-64.000000	-1000.000000	-64.000000	780.000000	3
257	1	1	0	0	85.555427	1.058618	85.807005	0.305334	39.364803	23.634639	-1000.000000	-1000.000000	-64.000000	-1000.000000	-64.000000	780.000000	3
258	2	1	0	0	82.086907	1.052842	82.372615	0.313502	45.562819	26.533948	-1000.000000	-1000.000000	-64.000000	-1000.000000	-64.000000	780.000000	3
259	3	1	0	0	81.617815	1.090893	81.807271	0.304488	47.879527	26.594257	-1000.000000	-1000.000000	-64.000000	-1000.000000	-64.000000	780.000000	3
260	4	1	0	0	82.369421	1.794205	82.653779	0.316230	70.887711	37.910451	-1000.000000	-1000.000000	-64.000000	-1000.000000	-64.000000	780.000000	3
261	5	1	0	0	85.639316	1.269489	85.683187	0.304194	74.543277	40.869255	-1000.000000	-1000.000000	-64.000000	-1000.000000	-64.000000	780.000000	3
262	6	1	0	0	85.627171	1.118619	85.711566	0.304710	89.287720	46.835939	-1000.000000	-1000.000000	-64.000000	-1000.000000	-64.000000	780.000000	3
263	7	1	0	0	85.512319	1.075068	85.754747	0.312705	107.611107	66.715139	-1000.000000	-1000.000000	-64.000000	-1000.000000	-64.000000	780.000000	3
320	0	1	1	0	84.261718	1.540904	84.060269	0.266570	37.074159	20.311813	-1000.000000	-1000.000000	-64.000000	-1000.000000	-64.000000	780.000000	3
321	1	1	1	0	82.801810	1.491214	83.340702	0.294240	39.537619	23.081489	-1000.000000	-1000.000000	-64.000000	-1000.000000	-64.000000	780.000000	3
322	2	1	1	0	83.381996	1.537727	83.639759	0.257623	45.574403	25.576781	-1000.000000	-1000.000000	-64.000000	-1000.000000	-64.000000	780.000000	3
323	3	1	1	0	82.655640	1.626993	82.997282	0.300774	46.920380	27.018351	-1000.000000	-1000.000000	-64.000000	-1000.000000	-64.000000	780.000000	3
324	4	1	1	0	83.516455	1.871487	83.753736	0.273294	67.245363	36.050702	-1000.000000	-1000.000000	-64.000000	-1000.000000	-64.000000	780.000000	3
325	5	1	1	0	82.558923	1.563782	82.946702	0.300012	74.968989	41.783217	-1000.000000	-1000.000000	-64.000000	-1000.000000	-64.000000	780.000000	3
326	6	1	1	0	85.595473	1.024081	85.827909	0.313239	82.361650	43.399851	-1000.000000	-1000.000000	-64.000000	-1000.000000	-64.000000	780.000000	3
327	7	1	1	0	84.973116	0.976774	84.840678	0.279404	98.817033	60.933678	-1000.000000	-1000.000000	-64.000000	-1000.000000	-64.000000	780.000000	3
384	0	1	2	0	90.558603	1.659240	90.941705	0.295495	41.703544	22.958942	-1000.000000	-1000.000000	-64.000000	-1000.000000	-64.000000	780.000000	3
385	1	1	2	0	82.537384	1.264615	82.994841	0.303150	41.161474	23.427387	-1000.000000	-1000.000000	-64.000000	-1000.000000	-64.000000	780.000000	3
386	2	1	2	0	81.995005	1.161616	82.239567	0.309100	44.876204	26.063947	-1000.000000	-1000.000000	-64.000000	-1000.000000	-64.000000	780.000000	3
387	3	1	2	0	66.309793	0.836608	66.723517	0.300798	45.632615	25.711827	-1000.000000	-1000.000000	-64.000000	-1000.000000	-64.000000	780.000000	3
388	4	1	2	0	85.301076	1.116312	85.090642	0.287968	64.737495	35.584254	-1000.000000	-1000.000000	-64.000000	-1000.000000	-64.000000	780.000000	3
389	5	1	2	0	76.863591	0.903843	76.390757	0.243932	69.017154	33.409620	-1000.000000	-1000.000000	-64.000000	-1000.000000	-64.000000	780.000000	3
390	6	1	2	0	86.940362	1.922968	86.986029	0.298244	94.489043	57.970582	-1000.000000	-1000.000000	-64.000000	-1000.000000	-64.000000	780.000000	3
391	7	1	2	0	85.495399	0.912077	85.533086	0.277589	92.307526	51.183893	-1000.000000	-1000.000000	-64.000000	-1000.000000	-64.000000	780.000000	3
448	0	1	3	0	99.035604	1.484946	99.211466	0.293175	41.388105	23.216518	-1000.000000	-1000.000000	-64.000000	-1000.000000	-64.000000	780.000000	3
449	1	1	3	0	82.381843	1.496765	82.837302	0.302512	41.088759	23.952034	-1000.000000	-1000.000000	-64.000000	-1000.000000	-64.000000	780.000000	3
450	2	1	3	0	83.229764	1.599935	83.532037	0.279170	45.166254	26.015496	-1000.000000	-1000.000000	-64.000000	-1000.000000	-64.000000	780.000000	3
451	3	1	3	0	82.323520	1.240083	82.906688	0.315378	44.486270	24.535962	-1000.000000	-1000.000000	-64.000000	-1000.000000	-64.000000	780.000000	3
452	4	1	3	0	85.115949	1.575888	85.226629	0.314020	63.376754	30.287111	-1000.000000	-1000.000000	-64.000000	-1000.000000	-64.000000	780.000000	3
453	5	1	3	0	69.038819	0.971441	68.673565	0.268462	74.225942	36.579977	-1000.000000	-1000.000000	-64.000000	-1000.000000	-64.000000	780.000000	3
454	6	1	3	0	84.339906	1.506812	84.248171	0.262480	83.735053	51.770859	-1000.000000	-1000.000000	-64.000000	-1000.000000	-64.000000	780.000000	3
455	7	1	3	0	85.930901	1.223195	86.231101	0.306691	96.624928	65.535138	-1000.000000	-1000.000000	-64.000000	-1000.000000	-64.000000	780.000000	3
512	0	0	0	1	79.990769	1.224119	80.087848	0.198588	36.379078	23.018529	-1000.000000	-1000.000000	-64.000000	-1000.000000	-64.000000	270.000000	3
513	1	0	0	1	95.414477	0.598708	96.028380	0.201557	40.043895	37.705425	-1000.000000	-1000.000000	-64.000000	-1000.000000	-64.000000	270.000000	3
514	2	0	0	1	81.540289	1.168380	81.538655	0.299616	44.264351	27.876712	-1000.000000	-1000.000000	-64.000000	-1000.000000	-64.000000	270.000000	3
515	3	0	0	1	81.515012	0.954315	81.442339	0.308432	46.705708	34.747532	-1000.000000	-1000.000000	-64.000000	-1000.000000	-64.000000	780.000000	3
516	4	0	0	1	80.323861	1.302322	80.362106	0.242456	55.274206	43.605693	-1000.000000	-1000.000000	-64.000000	-1000.000000	-64.000000	270.000000	3
517	5	0	0	1	83.838468	1.539572	84.000114	0.235608	60.667045	37.133064	-1000.000000	-1000.000000	-64.000000	-1000.000000	-64.000000	780.000000	3
518	6	0	0	1	85.060400	1.092292	84.746498	0.265825	73.174510	50.431074	-1000.000000	-1000.000000	-64.000000	-1000.000000	-64.000000	780.000000	3
519	7	0	0	1	85.019050	1.344311	84.973232	0.285909	88.889065	71.564091	-1000.000000	-1000.000000	-64.000000	-1000.000000	-64.000000	780.000000	3
576	0	0	1	1	88.417259	1.193978	88.369319	0.227799	38.490805	25.433179	-1000.000000	-1000.000000	-64.000000	-1000.000000	-64.000000	270.000000	3
577	1	0	1	1	80.738823	1.211316	80.672306	0.253333	47.767234	34.218085	-1000.000000	-1000.000000	-64.000000	-1000.000000	-64.000000	270.000000	3
578	2	0	1	1	81.176680	1.043072	81.166627	0.304704	44.069195	27.789578	-1000.000000	-1000.000000	-64.000000	-1000.000000	-64.000000	780.000000	3
579	3	0	1	1	81.726406	1.085591	81.722399	0.303965	45.466969	32.124242	-1000.000000	-1000.000000	-64.000000	-1000.000000	-64.000000	270.000000	3
580	4	0	1	1	84.131945	1.474378	84.068432	0.242658	58.208881	38.004374	-1000.000000	-1000.000000	-64.000000	-1000.000000	-64.000000	780.000000	3
581	5	0	1	1	86.822426	1.777648	86.929956	0.292789	65.050910	35.118195	-1000.000000	-1000.000000	-64.000000	-1000.000000	-64.000000	780.000000	3
582	6	0	1	1	83.559171	1.665384	83.565338	0.241463	73.976368	61.080039	-1000.000000	-1000.000000	-64.000000	-1000.000000	-64.000000	270.000000	3
583	7	0	1	1	85.417314	0.939393	85.255390	0.311677	90.687271	58.311277	-1000.000000	-1000.000000	-64.000000	-1000.000000	-64.000000	780.000000	3
640	0	0	2	1	88.680321	0.849729	88.405747	0.238018	40.055986	25.900901	-1000.000000	-1000.000000	-64.000000	-1000.000000	-64.000000	270.000000	3
641	1	0	2	1	81.393035	1.135385	81.321991	0.299839	41.253294	43.563061	-1000.000000	-1000.000000	-64.000000	-1000.000000	-64.000000	270.000000	3
642	2	0	2	1	82.370782	1.120702	82.848173	0.309738	43.567230	25.209462	-1000.000000	-1000.000000	-64.000000	-1000.000000	-64.000000	780.000000	3
643	3	0	2	1	82.764279	1.549444	82.979545	0.279190	41.864792	28.708721	-1000.000000	-1000.000000	-64.000000	-1000.000000	-64.000000	270.000000	3
644	4	0	2	1	83.368328	1.590990	83.643954	0.241568	61.861164	61.820448	-1000.000000	-1000.000000	-64.000000	-1000.000000	-64.000000	270.000000	3
645	5	0	2	1	82.968706	1.419247	83.236032	0.257337	65.579196	42.212149	-1000.000000	-1000.000000	-64.000000	-1000.000000	-64.000000	270.000000	3
646	6	0	2	1	84.292321	1.196579	83.898954	0.206210	73.325476	57.720728	-1000.000000	-1000.000000	-64.000000	-1000.000000	-64.000000	780.000000	3
647	7	0	2	1	82.993103	1.598183	83.309041	0.249754	84.726689	74.721432	-1000.000000	-1000.000000	-64.000000	-1000.000000	-64.000000	270.000000	3
704	0	0	3	1	81.330800	1.163629	81.277934	0.300289	38.485540	27.158602	-1000.000000	-1000.000000	-64.000000	-1000.000000	-64.000000	780.000000	3
705	1	0	3	1	100.922750	1.247382	100.760268	0.263953	47.155981	39.077581	-1000.000000	-1000.000000	-64.000000	-1000.000000	-64.000000	780.000000	3
706	2	0	3	1	82.216599	1.019009	82.449897	0.330322	41.351255	30.995010	-1000.000000	-1000.000000	-64.000000	-1000.000000	-64.000000	780.000000	3
707	3	0	3	1	82.436861	1.166637	82.632228	0.331364	39.596267	27.890264	-1000.000000	-1000.000000	-64.000000	-1000.000000	-64.000000	780.000000	3
708	4	0	3	1	81.915080	1.165597	82.229039	0.308423	61.606602	38.092274	-1000.000000	-1000.000000	-64.000000	-1000.000000	-64.000000	270.000000	3
709	5	0	3	1	83.984986	1.409471	84.211438	0.232777	66.533507	53.955591	-1000.000000	-1000.000000	-64.000000	-1000.000000	-64.000000	780.000000	3
710	6	0	3	1	84.490187	1.260846	84.317862	0.232396	73.717769	62.252645	-1000.000000	-1000.000000	-64.000000	-1000.000000	-64.000000	780.000000	3
711	7	0	3	1	83.803661	1.624555	83.631977	0.220772	92.857236	75.959346	-1000.000000	-1000.000000	-64.000000	-1000.000000	-64.000000	270.000000	3
768	0	1	0	1	80.276674	1.241862	80.315876	0.225177	37.832461	20.678487	-1000.000000	-1000.000000	-64.000000	-1000.000000	-64.000000	270.000000	3
769	1	1	0	1	81.610485	1.210852	81.618797	0.302002	40.358684	22.228745	-1000.000000	-1000.000000	-64.000000	-1000.000000	-64.000000	270.000000	3
770	2	1	0	1	85.702763	1.025323	85.752229	0.305425	43.565975	23.956315	-1000.000000	-1000.000000	-64.000000	-1000.000000	-64.000000	270.000000	3
771	3	1	0	1	81.906733	1.005215	82.295411	0.314219	50.096173	28.629694	-1000.000000	-1000.000000	-64.000000	-1000.000000	-64.000000	780.000000	3
772	4	1	0	1	86.341492	1.252019	86.576123	0.270769	59.370266	31.594709	-1000.000000	-1000.000000	-64.000000	-1000.000000	-64.000000	780.000000	3
773	5	1	0	1	85.084400	0.908119	84.723000	0.226524	64.952731	34.671766	-1000.000000	-1000.000000	-64.000000	-1000.000000	-64.000000	780.000000	3
774	6	1	0	1	84.187220	1.463057	83.790241	0.216450	72.173534	39.697311	-1000.000000	-1000.000000	-64.000000	-1000.000000	-64.000000	270.000000	3
775	7	1	0	1	83.088445	1.437971	83.464826	0.231985	90.689271	47.331642	-1000.000000	-1000.000000	-64.000000	-1000.000000	-64.000000	780.000000	3
832	0	1	1	1	82.285491	1.253960	82.754031	0.289120	40.442853	22.173393	-1000.000000	-1000.000000	-64.000000	-1000.000000	-64.000000	270.000000	3
833	1	1	1	1	81.910897	1.077858	82.015313	0.306775	39.943669	22.485625	-1000.000000	-1000.000000	-64.000000	-1000.000000	-64.000000	270.000000	3
834	2	1	1	1	82.355367	1.092765	82.672012	0.316172	40.941969	22.916927	-1000.000000	-1000.000000	-64.000000	-1000.000000	-64.000000	780.000000	3
835	3	1	1	1	81.603196	1.036056	81.843242	0.306106	44.729243	24.170546	-1000.000000	-1000.000000	-64.000000	-1000.000000	-64.000000	270.000000	3
836	4	1	1	1	65.816890	1.438863	65.953179	0.302409	61.033127	27.373179	-1000.000000	-1000.000000	-64.000000	-1000.000000	-64.000000	780.000000	3
837	5	1	1	1	86.683682	1.472045	87.060259	0.272217	62.608873	30.221042	-1000.000000	-1000.000000	-64.000000	-1000.000000	-64.000000	780.000000	3
838	6	1	1	1	85.279990	0.985300	84.909186	0.293117	70.993331	36.522999	-1000.000000	-1000.000000	-64.000000	-1000.000000	-64.000000	780.000000	3
839	7	1	1	1	84.519037	1.107198	84.154449	0.219305	89.107634	47.866919	-1000.000000	-1000.000000	-64.000000	-1000.000000	-64.000000	780.000000	3
896	0	1	2	1	81.608393	1.013597	81.844081	0.306868	38.110088	20.045167	-1000.000000	-1000.000000	-64.000000	-1000.000000	-64.000000	270.000000	3
897	1	1	2	1	80.499446	1.218618	80.488714	0.227477	42.734834	23.661419	-1000.000000	-1000.000000	-64.000000	-1000.000000	-64.000000	270.000000	3
898	2	1	2	1	81.440695	0.956013	81.310624	0.263724	43.892350	24.212109	-1000.000000	-1000.000000	-64.000000	-1000.000000	-64.000000	270.000000	3
899	3	1	2	1	82.328050	0.990165	82.712644	0.323439	44.285981	24.394402	-1000.000000	-1000.000000	-64.000000	-1000.000000	-64.000000	780.000000	3
900	4	1	2	1	83.785849	1.358567	83.865157	0.181591	54.665678	27.188741	-1000.000000	-1000.000000	-64.000000	-1000.000000	-64.000000	780.000000	3
901	5	1	2	1	84.484459	1.250244	84.151398	0.184608	65.550591	34.648551	-1000.000000	-1000.000000	-64.000000	-1000.000000	-64.000000	270.000000	3
902	6	1	2	1	86.787101	1.645130	87.072580	0.280590	78.946202	39.388943	-1000.000000	-1000.000000	-64.000000	-1000.000000	-64.000000	780.000000	3
903	7	1	2	1	83.524508	1.521983	83.629002	0.241818	91.082446	52.876632	-1000.000000	-1000.000000	-64.000000	-1000.000000	-64.000000	780.000000	3
960	0	1	3	1	83.428049	1.515986	83.600660	0.245750	39.279011	20.989786	-1000.000000	-1000.000000	-64.000000	-1000.000000	-64.000000	270.000000	3
961	1	1	3	1	82.862754	1.403787	83.395974	0.264764	40.576472	22.447414	-1000.000000	-1000.000000	-64.000000	-1000.000000	-64.000000	780.000000	3
962	2	1	3	1	80.569146	0.554060	79.804279	0.197521	43.381697	23.930997	-1000.000000	-1000.000000	-64.000000	-1000.000000	-64.000000	270.000000	3
963	3	1	3	1	81.496766	1.015782	81.484603	0.310500	44.947240	25.757939	-1000.000000	-1000.000000	-64.000000	-1000.000000	-64.000000	780.000000	3
964	4	1	3	1	83.326852	1.610900	83.493129	0.266124	56.669741	27.927418	-1000.000000	-1000.000000	-64.000000	-1000.000000	-64.000000	270.000000	3
965	5	1	3	1	84.691560	1.176676	84.507290	0.250860	66.906134	37.214238	-1000.000000	-1000.000000	-64.000000	-1000.000000	-64.000000	270.000000	3
966	6	1	3	1	85.251689	1.070971	85.131038	0.275697	78.632096	45.967681	-1000.000000	-1000.000000	-64.000000	-1000.000000	-64.000000	780.000000	3
967	7	1	3	1	-1000.000000	-1000.000000	-1000.000000	-1000.000000	-1000.000000	-1000.000000	-1000.000000	-1000.000000	-64.000000	-1000.000000	-64.000000	270.000000	0
1024	0	0	0	2	82.333408	1.235425	82.818077	0.300568	30.197414	17.209409	-1000.000000	-1000.000000	-64.000000	-1000.000000	-64.000000	270.000000	3
1025	1	0	0	2	88.277193	1.155155	87.971886	0.216759	44.799384	26.922443	-1000.000000	-1000.000000	-64.000000	-1000.000000	-64.000000	528.000000	3
1026	2	0	0	2	76.074484	1.551083	75.866759	0.270861	47.582827	33.111392	-1000.000000	-1000.000000	-64.000000	-1000.000000	-64.000000	270.000000	3
1027	3	0	0	2	81.051723	1.317716	81.063406	0.259167	52.452598	30.646761	-1000.000000	-1000.000000	-64.000000	-1000.000000	-64.000000	528.000000	3
1028	4	0	0	2	84.804484	1.575205	84.605285	0.284482	70.768185	40.824428	-1000.000000	-1000.000000	-64.000000	-1000.000000	-64.000000	270.000000	3
1029	5	0	0	2	83.739749	1.621015	83.997711	0.269035	77.040082	48.821217	-1000.000000	-1000.000000	-64.000000	-1000.000000	-64.000000	270.000000	3
1030	6	0	0	2	82.631440	1.260547	83.054309	0.306536	80.645776	53.156820	-1000.000000	-1000.000000	-64.000000	-1000.000000	-64.000000	528.000000	3
1031	7	0	0	2	79.142979	1.093529	79.317281	0.267232	-1000.000000	-1000.000000	-1000.000000	-1000.000000	-64.000000	-1000.000000	-64.000000	270.000000	0
1088	0	0	1	2	80.836418	0.586866	80.846781	0.281160	32.316274	20.199016	-1000.000000	-1000.000000	-64.000000	-1000.000000	-64.000000	270.000000	3
1089	1	0	1	2	81.107315	1.035291	80.824466	0.268127	45.528347	26.064226	-1000.000000	-1000.000000	-64.000000	-1000.000000	-64.000000	270.000000	3
1090	2	0	1	2	86.569287	1.550265	86.853208	0.294116	47.125929	27.332127	-1000.000000	-1000.000000	-64.000000	-1000.000000	-64.000000	270.000000	3
1091	3	0	1	2	82.703271	1.213675	83.167981	0.297600	52.002500	29.634519	-1000.000000	-1000.000000	-64.000000	-1000.000000	-64.000000	528.000000	3
1092	4	0	1	2	84.113444	1.533900	84.150635	0.259471	65.741564	36.702232	-1000.000000	-1000.000000	-64.000000	-1000.000000	-64.000000	528.000000	3
1093	5	0	1	2	83.150992	1.629052	83.500186	0.277979	68.009681	38.690190	-1000.000000	-1000.000000	-64.000000	-1000.000000	-64.000000	270.000000	3
1094	6	0	1	2	83.312479	1.647705	83.442816	0.270752	83.020734	42.358175	-1000.000000	-1000.000000	-64.000000	-1000.000000	-64.000000	528.000000	3
1095	7	0	1	2	84.479667	1.096994	84.000229	0.238223	105.053027	70.206371	-1000.000000	-1000.000000	-64.000000	-1000.000000	-64.000000	528.000000	3
1152	0	0	2	2	82.141571	1.244475	82.549988	0.302348	30.972017	18.458725	-1000.000000	-1000.000000	-64.000000	-1000.000000	-64.000000	270.000000	3
1153	1	0	2	2	81.788503	1.105237	81.798422	0.306041	48.548840	27.573285	-1000.000000	-1000.000000	-64.000000	-1000.000000	-64.000000	270.000000	3
1154	2	0	2	2	80.767459	1.189976	80.608680	0.258724	42.327552	24.685850	-1000.000000	-1000.000000	-64.000000	-1000.000000	-64.000000	528.000000	3
1155	3	0	2	2	83.049747	1.742215	83.437437	0.282833	51.959737	29.882791	-1000.000000	-1000.000000	-64.000000	-1000.000000	-64.000000	270.000000	3
1156	4	0	2	2	85.343803	1.169329	85.393742	0.302011	66.115064	36.305211	-1000.000000	-1000.000000	-64.000000	-1000.000000	-64.000000	528.000000	3
1157	5	0	2	2	85.559939	1.037297	85.653968	0.303862	72.502863	35.625229	-1000.000000	-1000.000000	-64.000000	-1000.000000	-64.000000	528.000000	3
1158	6	0	2	2	84.884340	0.938156	84.506566	0.264221	85.259226	43.346410	-1000.000000	-1000.000000	-64.000000	-1000.000000	-64.000000	528.000000	3
1159	7	0	2	2	84.870555	0.892869	84.499471	0.265373	103.116820	68.900063	-1000.000000	-1000.000000	-64.000000	-1000.000000	-64.000000	528.000000	3
1216	0	0	3	2	80.192514	1.261651	80.048215	0.232682	37.541902	21.600636	-1000.000000	-1000.000000	-64.000000	-1000.000000	-64.000000	270.000000	3
1217	1	0	3	2	83.623148	1.610642	83.587538	0.281824	46.037228	27.395372	-1000.000000	-1000.000000	-64.000000	-1000.000000	-64.000000	270.000000	3
1218	2	0	3	2	82.735660	1.525625	83.103211	0.278336	46.012375	26.994691	-1000.000000	-1000.000000	-64.000000	-1000.000000	-64.000000	270.000000	3
1219	3	0	3	2	80.931340	0.516657	80.739861	0.258950	52.030974	29.377679	-1000.000000	-1000.000000	-64.000000	-1000.000000	-64.000000	528.000000	3
1220	4	0	3	2	79.884906	1.494589	80.028456	0.273544	64.478848	34.121697	-1000.000000	-1000.000000	-64.000000	-1000.000000	-64.000000	528.000000	3
1221	5	0	3	2	84.871133	0.915985	84.469870	0.242751	72.689437	35.833703	-1000.000000	-1000.000000	-64.000000	-1000.000000	-64.000000	528.000000	3
1222	6	0	3	2	84.981613	0.901223	84.650449	0.277729	77.821329	40.328700	-1000.000000	-1000.000000	-64.000000	-1000.000000	-64.000000	270.000000	3
1223	7	0	3	2	81.334537	1.218450	81.396145	0.297005	95.978245	65.848078	-1000.000000	-1000.000000	-64.000000	-1000.000000	-64.000000	528.000000	3
1280	0	1	0	2	81.778011	1.179915	82.082067	0.309980	28.968154	17.237834	-1000.000000	-1000.000000	-64.000000	-1000.000000	-64.000000	528.000000	3
1281	1	1	0	2	80.236240	1.314240	80.164710	0.229406	40.979902	23.676412	-1000.000000	-1000.000000	-64.000000	-1000.000000	-64.000000	528.000000	3
1282	2	1	0	2	81.048910	1.286916	80.888359	0.281916	46.041385	26.058596	-1000.000000	-1000.000000	-64.000000	-1000.000000	-64.000000	528.000000	3
1283	3	1	0	2	83.674590	1.468849	83.794704	0.224718	46.058365	26.600150	-1000.000000	-1000.000000	-64.000000	-1000.000000	-64.000000	528.000000	3
1284	4	1	0	2	84.941356	0.990594	84.679858	0.285852	65.503025	35.044897	-1000.000000	-1000.000000	-64.000000	-1000.000000	-64.000000	270.000000	3
1285	5	1	0	2	80.768863	1.349775	80.938977	0.285538	74.292140	41.057225	-1000.000000	-1000.000000	-64.000000	-1000.000000	-64.000000	528.000000	3
1286	6	1	0	2	82.759254	1.334390	83.169812	0.290067	76.566946	48.330373	-1000.000000	-1000.000000	-64.000000	-1000.000000	-64.000000	528.000000	3
1287	7	1	0	2	80.761550	0.470532	80.151245	0.251855	96.904109	58.991366	-1000.000000	-1000.000000	-64.000000	-1000.000000	-64.000000	270.000000	3
1344	0	1	1	2	82.283775	1.330010	82.819374	0.298454	30.112654	19.008656	-1000.000000	-1000.000000	-64.000000	-1000.000000	-64.000000	270.000000	3
1345	1	1	1	2	81.861818	1.145460	81.940473	0.306533	43.080992	25.263738	-1000.000000	-1000.000000	-64.000000	-1000.000000	-64.000000	270.000000	3
1346	2	1	1	2	80.099616	1.288194	80.136788	0.234546	46.655557	27.204607	-1000.000000	-1000.000000	-64.000000	-1000.000000	-64.000000	528.000000	3
1347	3	1	1	2	82.676854	1.682475	82.669113	0.298163	48.451856	27.880856	-1000.000000	-1000.000000	-64.000000	-1000.000000	-64.000000	270.000000	3
1348	4	1	1	2	82.534747	1.318143	82.883152	0.292694	65.011421	34.765395	-1000.000000	-1000.000000	-64.000000	-1000.000000	-64.000000	270.000000	3
1349	5	1	1	2	82.214170	1.393106	82.508563	0.303474	75.826268	43.766816	-1000.000000	-1000.000000	-64.000000	-1000.000000	-64.000000	270.000000	3
1350	6	1	1	2	86.909554	1.642722	87.427481	0.270367	78.847921	39.473125	-1000.000000	-1000.000000	-64.000000	-1000.000000	-64.000000	528.000000	3
1351	7	1	1	2	91.254469	1.603297	91.531694	0.270216	93.205947	51.391395	-1000.000000	-1000.000000	-64.000000	-1000.000000	-64.000000	270.000000	3
1408	0	1	2	2	80.311733	1.112246	80.105204	0.229882	36.533675	21.112727	-1000.000000	-1000.000000	-64.000000	-1000.000000	-64.000000	270.000000	3
1409	1	1	2	2	80.679581	1.178915	80.475172	0.253317	44.663492	25.448478	-1000.000000	-1000.000000	-64.000000	-1000.000000	-64.000000	270.000000	3
1410	2	1	2	2	81.387642	1.294984	81.519697	0.299160	48.727402	28.340541	-1000.000000	-1000.000000	-64.000000	-1000.000000	-64.000000	528.000000	3
1411	3	1	2	2	80.819816	1.113447	80.565347	0.255703	45.522856	25.826660	-1000.000000	-1000.000000	-64.000000	-1000.000000	-64.000000	270.000000	3
1412	4	1	2	2	84.125082	1.732447	84.460715	0.278014	72.002964	37.622392	-1000.000000	-1000.000000	-64.000000	-1000.000000	-64.000000	528.000000	3
1413	5	1	2	2	84.691527	1.062656	84.126565	0.255052	69.601975	37.128999	-1000.000000	-1000.000000	-64.000000	-1000.000000	-64.000000	528.000000	3
1414	6	1	2	2	83.170577	1.716218	83.494693	0.275545	78.005913	45.342991	-1000.000000	-1000.000000	-64.000000	-1000.000000	-64.000000	270.000000	3
1415	7	1	2	2	83.347092	1.620792	83.377550	0.273750	94.579042	52.663466	-1000.000000	-1000.000000	-64.000000	-1000.000000	-64.000000	528.000000	3
1472	0	1	3	2	89.891640	1.140191	90.168239	0.304911	39.941241	25.504210	-1000.000000	-1000.000000	-64.000000	-1000.000000	-64.000000	270.000000	3
1473	1	1	3	2	83.208907	1.657363	83.559234	0.267692	45.160556	27.052118	-1000.000000	-1000.000000	-64.000000	-1000.000000	-64.000000	270.000000	3
1474	2	1	3	2	81.494399	1.077456	81.644125	0.303831	45.853827	27.173493	-1000.000000	-1000.000000	-64.000000	-1000.000000	-64.000000	270.000000	3
1475	3	1	3	2	81.711310	0.993719	82.027138	0.300765	52.111955	30.987808	-1000.000000	-1000.000000	-64.000000	-1000.000000	-64.000000	528.000000	3
1476	4	1	3	2	72.524735	1.525264	72.526783	0.310060	63.395340	31.384333	-1000.000000	-1000.000000	-64.000000	-1000.000000	-64.000000	270.000000	3
1477	5	1	3	2	84.490270	1.533376	84.500157	0.309012	78.210142	47.222507	-1000.000000	-1000.000000	-64.000000	-1000.000000	-64.000000	528.000000	3
1478	6	1	3	2	78.688213	1.351939	79.109352	0.277184	85.870422	51.568303	-1000.000000	-1000.000000	-64.000000	-1000.000000	-64.000000	528.000000	3
1479	7	1	3	2	84.897882	1.343648	84.799558	0.272068	99.902721	70.080894	-1000.000000	-1000.000000	-64.000000	-1000.000000	-64.000000	528.000000	3
1536	0	0	0	3	81.583262	1.208615	81.627761	0.292829	42.996351	23.757598	-1000.000000	-1000.000000	-64.000000	-1000.000000	-64.000000	270.000000	3
1537	1	0	0	3	81.621900	1.174031	81.824208	0.298721	44.391024	25.021790	-1000.000000	-1000.000000	-64.000000	-1000.000000	-64.000000	270.000000	3
1538	2	0	0	3	82.837175	1.413766	83.102334	0.291491	44.871986	25.540710	-1000.000000	-1000.000000	-64.000000	-1000.000000	-64.000000	270.000000	3
1539	3	0	0	3	83.049617	1.515019	83.202312	0.290124	37.962646	22.784252	-1000.000000	-1000.000000	-64.000000	-1000.000000	-64.000000	528.000000	3
1540	4	0	0	3	70.184931	1.391766	70.414201	0.302748	53.780159	25.521652	-1000.000000	-1000.000000	-64.000000	-1000.000000	-64.000000	270.000000	3
1541	5	0	0	3	54.205528	1.270945	54.149700	0.305903	75.301445	42.421783	-1000.000000	-1000.000000	-64.000000	-1000.000000	-64.000000	528.000000	3
1542	6	0	0	3	85.648655	0.938600	85.596445	0.297805	74.368195	45.167745	-1000.000000	-1000.000000	-64.000000	-1000.000000	-64.000000	528.000000	3
1543	7	0	0	3	86.580057	1.280466	86.813957	0.324141	83.114281	42.305451	-1000.000000	-1000.000000	-64.000000	-1000.000000	-64.000000	528.000000	3
1600	0	0	1	3	81.277944	1.094737	81.241849	0.290267	42.791590	23.642617	-1000.000000	-1000.000000	-64.000000	-1000.000000	-64.000000	270.000000	3
1601	1	0	1	3	90.551241	1.312838	91.051944	0.287000	50.321842	29.960683	-1000.000000	-1000.000000	-64.000000	-1000.000000	-64.000000	270.000000	3
1602	2	0	1	3	91.796263	1.371596	91.975167	0.196454	50.403730	33.240874	-1000.000000	-1000.000000	-64.000000	-1000.000000	-64.000000	528.000000	3
1603	3	0	1	3	81.420416	1.261125	81.292353	0.292004	34.739471	20.617438	-1000.000000	-1000.000000	-64.000000	-1000.000000	-64.000000	270.000000	3
1604	4	0	1	3	85.141576	1.194334	84.989558	0.274365	53.302020	27.440995	-1000.000000	-1000.000000	-64.000000	-1000.000000	-64.000000	528.000000	3
1605	5	0	1	3	85.745356	0.953625	86.025805	0.288575	60.800827	31.734839	-1000.000000	-1000.000000	-64.000000	-1000.000000	-64.000000	528.000000	3
1606	6	0	1	3	84.517330	1.580544	84.396632	0.277954	78.239573	39.673722	-1000.000000	-1000.000000	-64.000000	-1000.000000	-64.000000	270.000000	3
1607	7	0	1	3	83.458588	1.609243	83.554695	0.242983	85.704079	49.458637	-1000.000000	-1000.000000	-64.000000	-1000.000000	-64.000000	528.000000	3
1664	0	0	2	3	81.739896	1.269155	81.990062	0.311418	45.671487	25.409966	-1000.000000	-1000.000000	-64.000000	-1000.000000	-64.000000	270.000000	3
1665	1	0	2	3	81.800832	1.187815	81.944745	0.310017	49.337474	28.630022	-1000.000000	-1000.000000	-64.000000	-1000.000000	-64.000000	270.000000	3
1666	2	0	2	3	81.247781	1.009143	80.888168	0.292246	46.433334	25.094358	-1000.000000	-1000.000000	-64.000000	-1000.000000	-64.000000	528.000000	3
1667	3	0	2	3	83.340370	1.630874	83.519335	0.267303	32.658755	20.614420	-1000.000000	-1000.000000	-64.000000	-1000.000000	-64.000000	270.000000	3
1668	4	0	2	3	84.068306	1.769945	84.018691	0.277898	51.821436	27.582524	-1000.000000	-1000.000000	-64.000000	-1000.000000	-64.000000	270.000000	3
1669	5	0	2	3	83.657703	1.687142	83.887739	0.267131	72.831943	40.454938	-1000.000000	-1000.000000	-64.000000	-1000.000000	-64.000000	270.000000	3
1670	6	0	2	3	85.430303	0.891364	85.252529	0.295244	75.691356	36.388710	-1000.000000	-1000.000000	-64.000000	-1000.000000	-64.000000	528.000000	3
1671	7	0	2	3	83.689399	1.702240	83.775669	0.254467	90.743583	55.333787	-1000.000000	-1000.000000	-64.000000	-1000.000000	-64.000000	270.000000	3
1728	0	0	3	3	82.840679	1.155539	83.209063	0.288954	40.638910	22.557280	-1000.000000	-1000.000000	-64.000000	-1000.000000	-64.000000	528.000000	3
1729	1	0	3	3	85.426500	1.063163	85.184593	0.284526	43.670215	25.137094	-1000.000000	-1000.000000	-64.000000	-1000.000000	-64.000000	528.000000	3
1730	2	0	3	3	82.955588	1.200720	83.503619	0.243277	41.999619	23.685846	-1000.000000	-1000.000000	-64.000000	-1000.000000	-64.000000	528.000000	3
1731	3	0	3	3	82.457013	1.099420	82.883724	0.319026	29.311823	17.781118	-1000.000000	-1000.000000	-64.000000	-1000.000000	-64.000000	528.000000	3
1732	4	0	3	3	83.262231	1.720335	83.600088	0.264708	53.405003	26.574509	-1000.000000	-1000.000000	-64.000000	-1000.000000	-64.000000	270.000000	3
1733	5	0	3	3	93.281294	1.168444	93.158806	0.294643	69.582214	34.142488	-1000.000000	-1000.000000	-64.000000	-1000.000000	-64.000000	528.000000	3
1734	6	0	3	3	85.270712	0.988018	84.980098	0.298390	74.606751	43.064897	-1000.000000	-1000.000000	-64.000000	-1000.000000	-64.000000	528.000000	3
1735	7	0	3	3	84.684922	1.346709	84.548754	0.268351	99.899666	62.383995	-1000.000000	-1000.000000	-64.000000	-1000.000000	-64.000000	270.000000	3
1792	0	1	0	3	80.067700	1.367415	80.093913	0.234634	43.925785	24.616546	-1000.000000	-1000.000000	-64.000000	-1000.000000	-64.000000	270.000000	3
1793	1	1	0	3	81.479478	1.260918	81.572375	0.305250	47.309872	26.953780	-1000.000000	-1000.000000	-64.000000	-1000.000000	-64.000000	270.000000	3
1794	2	1	0	3	82.113175	1.326658	82.398249	0.307722	47.173606	26.583311	-1000.000000	-1000.000000	-64.000000	-1000.000000	-64.000000	270.000000	3
1795	3	1	0	3	72.841408	0.511359	72.131753	0.214952	34.155049	21.234995	-1000.000000	-1000.000000	-64.000000	-1000.000000	-64.000000	528.000000	3
1796	4	1	0	3	77.708244	1.178914	77.741094	0.308281	48.438175	23.339125	-1000.000000	-1000.000000	-64.000000	-1000.000000	-64.000000	528.000000	3
1797	5	1	0	3	86.193717	1.380766	86.400389	0.304598	66.859286	31.428583	-1000.000000	-1000.000000	-64.000000	-1000.000000	-64.000000	528.000000	3
1798	6	1	0	3	84.885241	1.422980	84.528614	0.274561	78.142998	38.979995	-1000.000000	-1000.000000	-64.000000	-1000.000000	-64.000000	270.000000	3
1799	7	1	0	3	85.403658	1.097015	85.161783	0.288122	88.627910	45.652041	-1000.000000	-1000.000000	-64.000000	-1000.000000	-64.000000	528.000000	3
1856	0	1	1	3	81.463560	1.185695	81.646147	0.306340	45.757199	24.302023	-1000.000000	-1000.000000	-64.000000	-1000.000000	-64.000000	270.000000	3
1857	1	1	1	3	82.189502	1.307553	82.432121	0.306842	45.984629	26.436689	-1000.000000	-1000.000000	-64.000000	-1000.000000	-64.000000	270.000000	3
1858	2	1	1	3	82.642180	1.177021	82.944718	0.312243	48.342418	26.846503	-1000.000000	-1000.000000	-64.000000	-1000.000000	-64.000000	528.000000	3
1859	3	1	1	3	80.809924	0.496863	80.334070	0.246244	34.101473	21.181549	-1000.000000	-1000.000000	-64.000000	-1000.000000	-64.000000	270.000000	3
1860	4	1	1	3	84.713467	1.390315	84.544177	0.260675	50.046805	24.781230	-1000.000000	-1000.000000	-64.000000	-1000.000000	-64.000000	528.000000	3
1861	5	1	1	3	85.465657	0.894263	85.291285	0.309348	60.795556	32.965731	-1000.000000	-1000.000000	-64.000000	-1000.000000	-64.000000	528.000000	3
1862	6	1	1	3	86.026437	0.952423	86.211609	0.315603	77.106543	42.501038	-1000.000000	-1000.000000	-64.000000	-1000.000000	-64.000000	528.000000	3
1863	7	1	1	3	84.065876	1.349218	83.916653	0.217370	90.320908	46.806578	-1000.000000	-1000.000000	-64.000000	-1000.000000	-64.000000	528.000000	3
1920	0	1	2	3	81.036950	0.901202	80.807072	0.257197	44.036307	23.741058	-1000.000000	-1000.000000	-64.000000	-1000.000000	-64.000000	270.000000	3
1921	1	1	2	3	80.919500	1.338020	80.825687	0.251319	48.441499	27.217738	-1000.000000	-1000.000000	-64.000000	-1000.000000	-64.000000	270.000000	3
1922	2	1	2	3	81.048754	0.912401	80.886871	0.263151	50.100631	27.063193	-1000.000000	-1000.000000	-64.000000	-1000.000000	-64.000000	270.000000	3
1923	3	1	2	3	82.923831	1.224588	83.351687	0.244094	32.055482	19.135549	-1000.000000	-1000.000000	-64.000000	-1000.000000	-64.000000	528.000000	3
1924	4	1	2	3	92.157676	1.434945	92.190725	0.196319	48.184031	27.595361	-1000.000000	-1000.000000	-64.000000	-1000.000000	-64.000000	528.000000	3
1925	5	1	2	3	84.833316	1.431813	84.813252	0.271781	69.662407	34.066574	-1000.000000	-1000.000000	-64.000000	-1000.000000	-64.000000	270.000000	3
1926	6	1	2	3	88.494941	0.673115	87.892240	0.196875	77.986147	37.424221	-1000.000000	-1000.000000	-64.000000	-1000.000000	-64.000000	528.000000	3
1927	7	1	2	3	86.650491	1.543375	86.717031	0.326445	82.955373	40.483781	-1000.000000	-1000.000000	-64.000000	-1000.000000	-64.000000	528.000000	3
1984	0	1	3	3	81.728685	1.106730	82.136538	0.311488	44.466409	26.347411	-1000.000000	-1000.000000	-64.000000	-1000.000000	-64.000000	270.000000	3
1985	1	1	3	3	85.171402	0.944620	84.742721	0.265213	43.978578	24.192906	-1000.000000	-1000.000000	-64.000000	-1000.000000	-64.000000	528.000000	3
1986	2	1	3	3	81.218478	0.957685	81.262409	0.297281	51.162911	29.117910	-1000.000000	-1000.000000	-64.000000	-1000.000000	-64.000000	270.000000	3
1987	3	1	3	3	82.088779	1.038349	82.212102	0.294327	33.221638	19.859598	-1000.000000	-1000.000000	-64.000000	-1000.000000	-64.000000	528.000000	3
1988	4	1	3	3	84.310476	1.714546	84.249812	0.248812	54.289100	29.008551	-1000.000000	-1000.000000	-64.000000	-1000.000000	-64.000000	270.000000	3
1989	5	1	3	3	85.366349	1.290860	85.311464	0.265014	73.501189	40.525306	-1000.000000	-1000.000000	-64.000000	-1000.000000	-64.000000	270.000000	3
1990	6	1	3	3	85.741925	0.981055	85.566501	0.267444	72.901743	35.319168	-1000.000000	-1000.000000	-64.000000	-1000.000000	-64.000000	528.000000	3
1991	7	1	3	3	82.700386	1.432475	82.943688	0.287580	93.100793	48.234049	-1000.000000	-1000.000000	-64.000000	-1000.000000	-64.000000	270.000000	3
2048	0	0	0	4	70.120909	1.144258	69.961798	0.307260	33.951453	20.358554	-1000.000000	-1000.000000	-64.000000	-1000.000000	-64.000000	270.000000	3
2049	1	0	0	4	82.068763	1.012448	82.486935	0.305529	46.730774	26.665492	-1000.000000	-1000.000000	-64.000000	-1000.000000	-64.000000	270.000000	3
2050	2	0	0	4	81.527401	1.008890	81.673001	0.307423	32.015716	22.240526	-1000.000000	-1000.000000	-64.000000	-1000.000000	-64.000000	270.000000	3
2051	3	0	0	4	84.264524	1.437317	84.198697	0.242451	40.390497	23.534140	-1000.000000	-1000.000000	-64.000000	-1000.000000	-64.000000	270.000000	3
2052	4	0	0	4	80.467139	1.417035	80.395487	0.265047	55.999691	29.443432	-1000.000000	-1000.000000	-64.000000	-1000.000000	-64.000000	270.000000	3
2053	5	0	0	4	83.003858	1.312669	83.564308	0.273200	61.675362	34.623345	-1000.000000	-1000.000000	-64.000000	-1000.000000	-64.000000	270.000000	3
2054	6	0	0	4	85.598736	1.069733	85.662207	0.305793	65.633446	33.906691	-1000.000000	-1000.000000	-64.000000	-1000.000000	-64.000000	270.000000	3
2055	7	0	0	4	83.887392	1.517999	83.934276	0.253737	74.094119	48.595249	-1000.000000	-1000.000000	-64.000000	-1000.000000	-64.000000	270.000000	3
2112	0	0	1	4	81.569872	1.043547	81.693104	0.304407	33.944400	25.338808	-1000.000000	-1000.000000	-64.000000	-1000.000000	-64.000000	270.000000	3
2113	1	0	1	4	82.002824	1.263797	82.154923	0.307896	47.426039	26.982560	-1000.000000	-1000.000000	-64.000000	-1000.000000	-64.000000	270.000000	3
2114	2	0	1	4	81.547084	1.085734	81.537091	0.299382	36.115390	21.202509	-1000.000000	-1000.000000	-64.000000	-1000.000000	-64.000000	270.000000	3
2115	3	0	1	4	83.189520	1.380880	83.657801	0.247543	43.155509	24.188018	-1000.000000	-1000.000000	-64.000000	-1000.000000	-64.000000	270.000000	3
2116	4	0	1	4	85.232592	1.236211	85.030449	0.298831	56.588072	30.755465	-1000.000000	-1000.000000	-64.000000	-1000.000000	-64.000000	270.000000	3
2117	5	0	1	4	84.262771	1.667073	84.083118	0.270866	65.802735	35.063309	-1000.000000	-1000.000000	-64.000000	-1000.000000	-64.000000	270.000000	3
2118	6	0	1	4	82.573787	1.595616	82.933618	0.315166	74.266386	38.611738	-1000.000000	-1000.000000	-64.000000	-1000.000000	-64.000000	270.000000	3
2119	7	0	1	4	82.509989	1.607800	82.947236	0.309412	83.393129	51.026336	-1000.000000	-1000.000000	-64.000000	-1000.000000	-64.000000	270.000000	3
2176	0	0	2	4	80.756962	0.733997	80.368209	0.259678	33.137663	19.510471	-1000.000000	-1000.000000	-64.000000	-1000.000000	-64.000000	270.000000	3
2177	1	0	2	4	82.507852	1.260244	82.938157	0.292266	45.898583	25.577298	-1000.000000	-1000.000000	-64.000000	-1000.000000	-64.000000	270.000000	3
2178	2	0	2	4	81.938465	1.082832	82.011270	0.320788	29.274286	19.456967	-1000.000000	-1000.000000	-64.000000	-1000.000000	-64.000000	270.000000	3
2179	3	0	2	4	87.886423	1.749009	87.565108	0.263445	40.254083	26.855923	-1000.000000	-1000.000000	-64.000000	-1000.000000	-64.000000	270.000000	3
2180	4	0	2	4	85.202777	1.147658	85.078474	0.288633	54.089794	28.967173	-1000.000000	-1000.000000	-64.000000	-1000.000000	-64.000000	270.000000	3
2181	5	0	2	4	84.521019	1.251380	84.221050	0.263078	62.440928	31.194455	-1000.000000	-1000.000000	-64.000000	-1000.000000	-64.000000	270.000000	3
2182	6	0	2	4	83.549928	1.542329	83.832315	0.250342	75.348825	43.510542	-1000.000000	-1000.000000	-64.000000	-1000.000000	-64.000000	270.000000	3
2183	7	0	2	4	84.437523	1.132514	84.058705	0.228346	80.830475	51.285742	-1000.000000	-1000.000000	-64.000000	-1000.000000	-64.000000	270.000000	3
2240	0	0	3	4	81.522763	1.176353	81.515196	0.299560	35.513207	20.972001	-1000.000000	-1000.000000	-64.000000	-1000.000000	-64.000000	270.000000	3
2241	1	0	3	4	82.340608	1.261806	82.604382	0.306720	43.262191	25.802046	-1000.000000	-1000.000000	-64.000000	-1000.000000	-64.000000	270.000000	3
2242	2	0	3	4	81.656888	1.088200	81.776717	0.305516	32.628105	20.957562	-1000.000000	-1000.000000	-64.000000	-1000.000000	-64.000000	270.000000	3
2243	3	0	3	4	82.983027	1.757304	83.144446	0.300408	46.214281	27.125153	-1000.000000	-1000.000000	-64.000000	-1000.000000	-64.000000	270.000000	3
2244	4	0	3	4	83.591487	1.533823	83.850166	0.260021	52.956754	27.742912	-1000.000000	-1000.000000	-64.000000	-1000.000000	-64.000000	270.000000	3
2245	5	0	3	4	86.909992	1.800974	87.077348	0.285421	65.145122	37.083732	-1000.000000	-1000.000000	-64.000000	-1000.000000	-64.000000	270.000000	3
2246	6	0	3	4	84.572690	1.598673	84.525524	0.279295	77.865568	45.238988	-1000.000000	-1000.000000	-64.000000	-1000.000000	-64.000000	270.000000	3
2247	7	0	3	4	85.315702	1.174879	85.102581	0.294067	78.801803	54.187242	-1000.000000	-1000.000000	-64.000000	-1000.000000	-64.000000	270.000000	3
2304	0	1	0	4	81.145453	1.035467	81.058638	0.290849	37.071539	25.037954	-1000.000000	-1000.000000	-64.000000	-1000.000000	-64.000000	270.000000	3
2305	1	1	0	4	82.464438	1.284460	82.870259	0.297970	47.300426	26.578568	-1000.000000	-1000.000000	-64.000000	-1000.000000	-64.000000	270.000000	3
2306	2	1	0	4	87.730386	1.445561	87.766247	0.231729	32.782410	21.736628	-1000.000000	-1000.000000	-64.000000	-1000.000000	-64.000000	270.000000	3
2307	3	1	0	4	82.752321	1.317820	83.237558	0.291641	40.576624	23.232524	-1000.000000	-1000.000000	-64.000000	-1000.000000	-64.000000	270.000000	3
2308	4	1	0	4	81.708982	1.194970	81.904312	0.311193	53.191844	32.837361	-1000.000000	-1000.000000	-64.000000	-1000.000000	-64.000000	270.000000	3
2309	5	1	0	4	84.168204	1.491032	84.095935	0.244940	62.555756	30.909757	-1000.000000	-1000.000000	-64.000000	-1000.000000	-64.000000	270.000000	3
2310	6	1	0	4	84.747849	1.287647	84.464721	0.251793	67.560816	35.953006	-1000.000000	-1000.000000	-64.000000	-1000.000000	-64.000000	270.000000	3
2311	7	1	0	4	82.974818	1.675602	83.306257	0.276876	76.025498	53.553081	-1000.000000	-1000.000000	-64.000000	-1000.000000	-64.000000	270.000000	3
2368	0	1	1	4	80.803585	0.656600	80.448013	0.239077	32.978634	22.183621	-1000.000000	-1000.000000	-64.000000	-1000.000000	-64.000000	270.000000	3
2369	1	1	1	4	81.774776	1.201326	81.903206	0.296961	47.671105	27.831183	-1000.000000	-1000.000000	-64.000000	-1000.000000	-64.000000	270.000000	3
2370	2	1	1	4	82.745957	1.255851	83.269371	0.271200	36.658840	22.119546	-1000.000000	-1000.000000	-64.000000	-1000.000000	-64.000000	270.000000	3
2371	3	1	1	4	82.041490	1.310370	82.244602	0.292122	40.537358	22.647550	-1000.000000	-1000.000000	-64.000000	-1000.000000	-64.000000	270.000000	3
2372	4	1	1	4	83.533094	1.543565	83.676568	0.250948	50.528280	28.522682	-1000.000000	-1000.000000	-64.000000	-1000.000000	-64.000000	270.000000	3
2373	5	1	1	4	72.701286	1.188093	72.505612	0.266244	62.934122	33.848829	-1000.000000	-1000.000000	-64.000000	-1000.000000	-64.000000	270.000000	3
2374	6	1	1	4	83.616435	1.567898	83.768956	0.218159	62.145733	29.794512	-1000.000000	-1000.000000	-64.000000	-1000.000000	-64.000000	270.000000	3
2375	7	1	1	4	83.078371	1.641657	83.320485	0.266422	76.348891	49.572616	-1000.000000	-1000.000000	-64.000000	-1000.000000	-64.000000	270.000000	3
2432	0	1	2	4	81.083895	0.957279	80.796239	0.285261	33.572626	22.620419	-1000.000000	-1000.000000	-64.000000	-1000.000000	-64.000000	270.000000	3
2433	1	1	2	4	82.043875	1.128688	82.393862	0.303617	45.796277	31.389335	-1000.000000	-1000.000000	-64.000000	-1000.000000	-64.000000	270.000000	3
2434	2	1	2	4	80.706207	0.900263	80.303555	0.217508	33.372758	22.752131	-1000.000000	-1000.000000	-64.000000	-1000.000000	-64.000000	270.000000	3
2435	3	1	2	4	83.849705	1.510744	83.994431	0.250813	45.162661	26.169518	-1000.000000	-1000.000000	-64.000000	-1000.000000	-64.000000	270.000000	3
2436	4	1	2	4	84.747751	1.415498	84.569047	0.251165	56.918751	30.358717	-1000.000000	-1000.000000	-64.000000	-1000.000000	-64.000000	270.000000	3
2437	5	1	2	4	84.122229	1.541575	83.918179	0.231759	59.311411	29.761720	-1000.000000	-1000.000000	-64.000000	-1000.000000	-64.000000	270.000000	3
2438	6	1	2	4	85.142465	1.118078	85.178032	0.297330	73.855506	42.621847	-1000.000000	-1000.000000	-64.000000	-1000.000000	-64.000000	270.000000	3
2439	7	1	2	4	83.599323	1.571827	83.671037	0.239189	69.064278	43.555825	-1000.000000	-1000.000000	-64.000000	-1000.000000	-64.000000	270.000000	3
2496	0	1	3	4	81.056024	1.090085	80.808865	0.266098	33.284523	20.277347	-1000.000000	-1000.000000	-64.000000	-1000.000000	-64.000000	270.000000	3
2497	1	1	3	4	81.240647	1.050681	81.090489	0.284859	41.150679	25.681937	-1000.000000	-1000.000000	-64.000000	-1000.000000	-64.000000	270.000000	3
2498	2	1	3	4	82.161853	1.102655	82.579970	0.302343	31.740769	21.035056	-1000.000000	-1000.000000	-64.000000	-1000.000000	-64.000000	270.000000	3
2499	3	1	3	4	82.303948	1.523532	82.849394	0.297702	48.004140	26.359603	-1000.000000	-1000.000000	-64.000000	-1000.000000	-64.000000	270.000000	3
2500	4	1	3	4	73.135902	1.171199	72.857347	0.291388	53.954810	27.056554	-1000.000000	-1000.000000	-64.000000	-1000.000000	-64.000000	270.000000	3
2501	5	1	3	4	85.131831	1.348591	84.915518	0.281999	63.858982	35.731501	-1000.000000	-1000.000000	-64.000000	-1000.000000	-64.000000	270.000000	3
2502	6	1	3	4	84.388311	1.498316	84.264345	0.249284	66.051561	40.942228	-1000.000000	-1000.000000	-64.000000	-1000.000000	-64.000000	270.000000	3
2503	7	1	3	4	83.258906	1.291360	83.757588	0.234919	71.670519	49.948890	-1000.000000	-1000.000000	-64.000000	-1000.000000	-64.000000	270.000000	3
2560	0	0	0	5	82.878364	1.465425	83.334942	0.300720	42.730536	24.694721	-1000.000000	-1000.000000	-64.000000	-1000.000000	-64.000000	528.000000	3
2561	1	0	0	5	81.419701	1.170587	81.724115	0.306536	44.832215	26.073775	-1000.000000	-1000.000000	-64.000000	-1000.000000	-64.000000	528.000000	3
2562	2	0	0	5	82.179155	1.250198	82.432121	0.282898	48.275637	28.012963	-1000.000000	-1000.000000	-64.000000	-1000.000000	-64.000000	528.000000	3
2563	3	0	0	5	84.303583	1.115108	83.824991	0.203668	45.435020	25.915305	-1000.000000	-1000.000000	-64.000000	-1000.000000	-64.000000	528.000000	3
2564	4	0	0	5	80.096535	1.692156	80.196255	0.266180	80.021907	42.083579	-1000.000000	-1000.000000	-64.000000	-1000.000000	-64.000000	528.000000	3
2565	5	0	0	5	86.552253	1.335653	86.904590	0.293197	74.400357	36.026749	-1000.000000	-1000.000000	-64.000000	-1000.000000	-64.000000	528.000000	3
2566	6	0	0	5	85.714615	1.034580	85.615517	0.304489	76.969486	49.599861	-1000.000000	-1000.000000	-64.000000	-1000.000000	-64.000000	528.000000	3
2567	7	0	0	5	86.482424	1.132348	86.843138	0.315000	95.142592	67.897811	-1000.000000	-1000.000000	-64.000000	-1000.000000	-64.000000	528.000000	3
2624	0	0	1	5	83.875970	1.623227	84.306076	0.272796	41.069741	23.066744	-1000.000000	-1000.000000	-64.000000	-1000.000000	-64.000000	528.000000	3
2625	1	0	1	5	89.782513	1.283299	90.040796	0.313935	52.008488	33.909087	-1000.000000	-1000.000000	-64.000000	-1000.000000	-64.000000	528.000000	3
2626	2	0	1	5	88.147490	1.251654	88.019339	0.189569	41.143495	24.940894	-1000.000000	-1000.000000	-64.000000	-1000.000000	-64.000000	528.000000	3
2627	3	0	1	5	81.979478	1.358048	82.338819	0.292208	53.960433	31.812809	-1000.000000	-1000.000000	-64.000000	-1000.000000	-64.000000	528.000000	3
2628	4	0	1	5	86.536449	1.402646	86.844397	0.286044	74.876229	42.548885	-1000.000000	-1000.000000	-64.000000	-1000.000000	-64.000000	528.000000	3
2629	5	0	1	5	80.785892	0.484452	79.985314	0.202070	77.383995	38.354836	-1000.000000	-1000.000000	-64.000000	-1000.000000	-64.000000	528.000000	3
2630	6	0	1	5	82.759388	1.712795	83.129645	0.296496	88.854096	46.546674	-1000.000000	-1000.000000	-64.000000	-1000.000000	-64.000000	528.000000	3
2631	7	0	1	5	87.020373	1.668273	87.122512	0.295249	91.251808	49.122044	-1000.000000	-1000.000000	-64.000000	-1000.000000	-64.000000	528.000000	3
2688	0	0	2	5	81.694462	1.242309	82.101826	0.312264	45.297113	25.761439	-1000.000000	-1000.000000	-64.000000	-1000.000000	-64.000000	528.000000	3
2689	1	0	2	5	81.915819	1.303454	82.257991	0.309144	45.404893	27.388280	-1000.000000	-1000.000000	-64.000000	-1000.000000	-64.000000	528.000000	3
2690	2	0	2	5	83.557848	1.550988	83.728598	0.227705	43.470943	24.272860	-1000.000000	-1000.000000	-64.000000	-1000.000000	-64.000000	528.000000	3
2691	3	0	2	5	83.085472	1.756757	83.488704	0.287504	52.465924	31.481756	-1000.000000	-1000.000000	-64.000000	-1000.000000	-64.000000	528.000000	3
2692	4	0	2	5	81.020467	1.519798	81.171548	0.302466	83.276723	46.045381	-1000.000000	-1000.000000	-64.000000	-1000.000000	-64.000000	528.000000	3
2693	5	0	2	5	81.994685	1.517569	82.276529	0.323267	95.596629	57.580838	-1000.000000	-1000.000000	-64.000000	-1000.000000	-64.000000	528.000000	3
2694	6	0	2	5	87.278392	1.601272	87.368623	0.261221	79.473856	43.046402	-1000.000000	-1000.000000	-64.000000	-1000.000000	-64.000000	528.000000	3
2695	7	0	2	5	81.623169	1.184892	82.027024	0.314094	115.948548	78.227625	-1000.000000	-1000.000000	-64.000000	-1000.000000	-64.000000	528.000000	3
2752	0	0	3	5	62.813425	0.927122	63.125678	0.297459	38.508950	23.620922	-1000.000000	-1000.000000	-64.000000	-1000.000000	-64.000000	528.000000	3
2753	1	0	3	5	82.762197	1.405704	83.083223	0.295376	39.583721	24.213763	-1000.000000	-1000.000000	-64.000000	-1000.000000	-64.000000	528.000000	3
2754	2	0	3	5	83.813213	1.473922	83.862487	0.223017	41.575619	23.448965	-1000.000000	-1000.000000	-64.000000	-1000.000000	-64.000000	528.000000	3
2755	3	0	3	5	88.030985	1.297017	87.840515	0.209561	48.613595	28.365667	-1000.000000	-1000.000000	-64.000000	-1000.000000	-64.000000	528.000000	3
2756	4	0	3	5	82.420008	1.686684	82.857938	0.308975	80.949774	43.805452	-1000.000000	-1000.000000	-64.000000	-1000.000000	-64.000000	528.000000	3
2757	5	0	3	5	85.857683	0.991465	86.031222	0.309498	70.196818	42.593594	-1000.000000	-1000.000000	-64.000000	-1000.000000	-64.000000	528.000000	3
2758	6	0	3	5	87.741119	1.475502	87.699188	0.235616	83.194464	51.262176	-1000.000000	-1000.000000	-64.000000	-1000.000000	-64.000000	528.000000	3
2759	7	0	3	5	83.319514	1.771730	83.610692	0.280554	122.235869	82.014510	-1000.000000	-1000.000000	-64.000000	-1000.000000	-64.000000	528.000000	3
2816	0	1	0	5	82.015005	1.336101	82.366283	0.308264	43.833224	25.962008	-1000.000000	-1000.000000	-64.000000	-1000.000000	-64.000000	528.000000	3
2817	1	1	0	5	81.381185	1.426612	81.711680	0.307207	46.670336	28.110990	-1000.000000	-1000.000000	-64.000000	-1000.000000	-64.000000	528.000000	3
2818	2	1	0	5	81.735457	1.251485	81.921782	0.308686	47.685858	27.283414	-1000.000000	-1000.000000	-64.000000	-1000.000000	-64.000000	528.000000	3
2819	3	1	0	5	84.977671	0.837348	84.514233	0.262190	51.629435	29.048315	-1000.000000	-1000.000000	-64.000000	-1000.000000	-64.000000	528.000000	3
2820	4	1	0	5	82.600942	1.488033	82.869725	0.312452	69.025063	36.234206	-1000.000000	-1000.000000	-64.000000	-1000.000000	-64.000000	528.000000	3
2821	5	1	0	5	87.727639	1.451751	87.670579	0.232682	77.176728	39.327906	-1000.000000	-1000.000000	-64.000000	-1000.000000	-64.000000	528.000000	3
2822	6	1	0	5	83.003447	1.904426	83.385942	0.288825	101.413520	59.666930	-1000.000000	-1000.000000	-64.000000	-1000.000000	-64.000000	528.000000	3
2823	7	1	0	5	85.679812	1.050117	85.570201	0.300303	99.295864	59.333718	-1000.000000	-1000.000000	-64.000000	-1000.000000	-64.000000	528.000000	3
2880	0	1	1	5	80.111340	1.472555	79.951480	0.268236	45.130457	26.861291	-1000.000000	-1000.000000	-64.000000	-1000.000000	-64.000000	528.000000	3
2881	1	1	1	5	82.426208	1.416998	82.902835	0.265987	51.065944	31.193228	-1000.000000	-1000.000000	-64.000000	-1000.000000	-64.000000	528.000000	3
2882	2	1	1	5	81.070447	1.127471	80.907851	0.291451	41.952584	23.466753	-1000.000000	-1000.000000	-64.000000	-1000.000000	-64.000000	528.000000	3
2883	3	1	1	5	84.253829	1.510618	84.051725	0.270936	53.924363	30.840953	-1000.000000	-1000.000000	-64.000000	-1000.000000	-64.000000	528.000000	3
2884	4	1	1	5	72.240978	1.274784	72.060537	0.240325	65.997406	32.349410	-1000.000000	-1000.000000	-64.000000	-1000.000000	-64.000000	528.000000	3
2885	5	1	1	5	85.722734	0.911641	85.848545	0.305088	76.886201	43.359347	-1000.000000	-1000.000000	-64.000000	-1000.000000	-64.000000	528.000000	3
2886	6	1	1	5	87.043615	1.505215	87.170613	0.287282	83.208628	43.290010	-1000.000000	-1000.000000	-64.000000	-1000.000000	-64.000000	528.000000	3
2887	7	1	1	5	87.525131	1.549173	87.506098	0.251686	89.902552	52.982023	-1000.000000	-1000.000000	-64.000000	-1000.000000	-64.000000	528.000000	3
2944	0	1	2	5	77.478372	1.077591	77.553079	0.303848	41.354243	21.813782	-1000.000000	-1000.000000	-64.000000	-1000.000000	-64.000000	528.000000	3
2945	1	1	2	5	81.484329	1.244387	81.603196	0.304776	47.778743	29.163258	-1000.000000	-1000.000000	-64.000000	-1000.000000	-64.000000	528.000000	3
2946	2	1	2	5	82.896557	1.671458	83.385446	0.280486	51.391286	29.252348	-1000.000000	-1000.000000	-64.000000	-1000.000000	-64.000000	528.000000	3
2947	3	1	2	5	82.237274	0.946120	82.566962	0.321207	46.061964	25.708178	-1000.000000	-1000.000000	-64.000000	-1000.000000	-64.000000	528.000000	3
2948	4	1	2	5	84.684261	1.297055	84.427720	0.244813	70.787562	41.681521	-1000.000000	-1000.000000	-64.000000	-1000.000000	-64.000000	528.000000	3
2949	5	1	2	5	81.258535	1.138963	81.492499	0.305260	83.192872	38.733178	-1000.000000	-1000.000000	-64.000000	-1000.000000	-64.000000	528.000000	3
2950	6	1	2	5	85.068466	0.788344	84.466246	0.248665	77.565497	45.172602	-1000.000000	-1000.000000	-64.000000	-1000.000000	-64.000000	528.000000	3
2951	7	1	2	5	86.883102	1.757210	86.921259	0.298985	103.666821	68.763002	-1000.000000	-1000.000000	-64.000000	-1000.000000	-64.000000	528.000000	3
3008	0	1	3	5	81.121551	1.303380	80.975902	0.282424	45.579061	25.141685	-1000.000000	-1000.000000	-64.000000	-1000.000000	-64.000000	528.000000	3
3009	1	1	3	5	84.792580	0.885337	84.270982	0.218957	39.877005	25.090549	-1000.000000	-1000.000000	-64.000000	-1000.000000	-64.000000	528.000000	3
3010	2	1	3	5	78.893985	1.906955	78.833335	0.289800	49.487178	28.629243	-1000.000000	-1000.000000	-64.000000	-1000.000000	-64.000000	528.000000	3
3011	3	1	3	5	83.814042	1.508222	83.893575	0.225131	55.852489	35.821674	-1000.000000	-1000.000000	-64.000000	-1000.000000	-64.000000	528.000000	3
3012	4	1	3	5	81.511621	1.661684	81.741242	0.320235	88.469753	49.548909	-1000.000000	-1000.000000	-64.000000	-1000.000000	-64.000000	528.000000	3
3013	5	1	3	5	82.295222	1.521858	82.893337	0.304354	91.961476	57.026396	-1000.000000	-1000.000000	-64.000000	-1000.000000	-64.000000	528.000000	3
3014	6	1	3	5	85.347721	1.069050	85.297579	0.302763	77.810106	47.672243	-1000.000000	-1000.000000	-64.000000	-1000.000000	-64.000000	528.000000	3
3015	7	1	3	5	83.022689	1.614678	83.470547	0.293132	115.024047	80.123249	-1000.000000	-1000.000000	-64.000000	-1000.000000	-64.000000	528.000000	3
