#****************************************************************************************************************************************************************************************************************
#Calib info:
 	 RunNr: 189	 start time:0x7ffc2c795970	 RunNrPed: 188	 start time:0x7ffc2c795980	 RunNrMip: 189	 start time:0x7ffc2c795990	 Vop: 44	 Vov: 5.7	 BC calib set: 1
#****************************************************************************************************************************************************************************************************************
#cellID	layer	row	column	module	ped mean H	ped sig H	ped mean L	ped sig L	mip Scale H	mip Width H	mip Scale L	mip Width L	LG-HG	HG-LG	BC
#****************************************************************************************************************************************************************************************************************
0	0	0	0	0	81.243559	1.538027	81.583304	0.222565	31.857379	20.014866	-1000.000000	-1000.000000	-64.000000	-1000.000000	-64.000000	270.000000	3
1	1	0	0	0	95.364788	0.640756	95.985859	0.155761	33.194148	21.989365	-1000.000000	-1000.000000	-64.000000	-1000.000000	-64.000000	270.000000	3
2	2	0	0	0	80.807303	0.495568	80.338856	0.202478	39.327652	31.001733	-1000.000000	-1000.000000	-64.000000	-1000.000000	-64.000000	270.000000	3
3	3	0	0	0	81.597844	1.196295	81.833351	0.207115	47.360784	31.659838	-1000.000000	-1000.000000	-64.000000	-1000.000000	-64.000000	270.000000	3
4	4	0	0	0	80.793030	1.998835	81.220278	0.236280	61.637020	39.292479	-1000.000000	-1000.000000	-64.000000	-1000.000000	-64.000000	270.000000	3
5	5	0	0	0	80.059226	1.619310	80.500248	0.191111	61.834808	40.495799	-1000.000000	-1000.000000	-64.000000	-1000.000000	-64.000000	270.000000	3
6	6	0	0	0	83.084035	1.629249	83.677225	0.182021	78.442070	55.327498	-1000.000000	-1000.000000	-64.000000	-1000.000000	-64.000000	270.000000	3
7	7	0	0	0	81.445792	1.652714	81.591957	0.204178	87.221486	61.941242	-1000.000000	-1000.000000	-64.000000	-1000.000000	-64.000000	270.000000	3
64	0	0	1	0	81.256886	1.135890	81.394587	0.208586	33.609013	21.030615	-1000.000000	-1000.000000	-64.000000	-1000.000000	-64.000000	270.000000	3
65	1	0	1	0	80.498539	1.620671	80.857290	0.198463	33.870485	20.409821	-1000.000000	-1000.000000	-64.000000	-1000.000000	-64.000000	270.000000	3
66	2	0	1	0	81.023736	1.053018	81.060187	0.189790	42.395383	26.264604	-1000.000000	-1000.000000	-64.000000	-1000.000000	-64.000000	270.000000	3
67	3	0	1	0	80.748447	1.117215	80.542672	0.241525	39.058979	24.793935	-1000.000000	-1000.000000	-64.000000	-1000.000000	-64.000000	270.000000	3
68	4	0	1	0	81.950142	1.325511	82.426525	0.203120	53.400002	32.810366	-1000.000000	-1000.000000	-64.000000	-1000.000000	-64.000000	270.000000	3
69	5	0	1	0	80.715423	0.702590	80.615819	0.190292	69.679780	44.344072	-1000.000000	-1000.000000	-64.000000	-1000.000000	-64.000000	270.000000	3
70	6	0	1	0	80.802034	0.492923	80.450238	0.237794	72.661945	46.959288	-1000.000000	-1000.000000	-64.000000	-1000.000000	-64.000000	270.000000	3
71	7	0	1	0	63.889089	1.397173	63.679169	0.203668	72.628298	45.333031	-1000.000000	-1000.000000	-64.000000	-1000.000000	-64.000000	270.000000	3
128	0	0	2	0	79.700563	1.771865	79.544654	0.189314	34.213319	20.102746	-1000.000000	-1000.000000	-64.000000	-1000.000000	-64.000000	270.000000	3
129	1	0	2	0	78.658395	1.515967	79.038879	0.193755	33.639188	22.876103	-1000.000000	-1000.000000	-64.000000	-1000.000000	-64.000000	270.000000	3
130	2	0	2	0	80.854440	1.317637	80.818715	0.173787	37.661551	25.080160	-1000.000000	-1000.000000	-64.000000	-1000.000000	-64.000000	270.000000	3
131	3	0	2	0	80.749704	0.463174	79.892929	0.200508	47.529189	34.517140	-1000.000000	-1000.000000	-64.000000	-1000.000000	-64.000000	270.000000	3
132	4	0	2	0	80.410960	1.518390	80.619554	0.244004	55.862779	32.673622	-1000.000000	-1000.000000	-64.000000	-1000.000000	-64.000000	270.000000	3
133	5	0	2	0	82.239049	1.403392	82.957271	0.266314	65.388823	41.200392	-1000.000000	-1000.000000	-64.000000	-1000.000000	-64.000000	270.000000	3
134	6	0	2	0	81.711024	1.205281	82.278899	0.349494	76.093418	46.870348	-1000.000000	-1000.000000	-64.000000	-1000.000000	-64.000000	270.000000	3
135	7	0	2	0	80.769068	0.601309	80.638269	0.226557	78.166548	54.576600	-1000.000000	-1000.000000	-64.000000	-1000.000000	-64.000000	270.000000	3
192	0	0	3	0	80.996057	1.576311	81.432132	0.214165	32.011401	21.273139	-1000.000000	-1000.000000	-64.000000	-1000.000000	-64.000000	270.000000	3
193	1	0	3	0	80.210498	1.567637	80.565771	0.190504	33.345103	20.981667	-1000.000000	-1000.000000	-64.000000	-1000.000000	-64.000000	270.000000	3
194	2	0	3	0	80.621479	0.723196	80.063465	0.194510	42.523946	27.290429	-1000.000000	-1000.000000	-64.000000	-1000.000000	-64.000000	270.000000	3
195	3	0	3	0	81.112104	0.906608	81.229617	0.247025	41.270022	32.320498	-1000.000000	-1000.000000	-64.000000	-1000.000000	-64.000000	270.000000	3
196	4	0	3	0	81.992577	1.506015	82.523341	0.278452	56.302231	39.640275	-1000.000000	-1000.000000	-64.000000	-1000.000000	-64.000000	270.000000	3
197	5	0	3	0	80.793665	0.604015	80.722089	0.237615	64.224124	38.672440	-1000.000000	-1000.000000	-64.000000	-1000.000000	-64.000000	270.000000	3
198	6	0	3	0	80.862376	0.762371	81.201868	0.284119	74.963907	50.972277	-1000.000000	-1000.000000	-64.000000	-1000.000000	-64.000000	270.000000	3
199	7	0	3	0	79.707034	1.461728	80.091062	0.252283	82.090423	58.073584	-1000.000000	-1000.000000	-64.000000	-1000.000000	-64.000000	270.000000	3
256	0	1	0	0	80.698088	1.308413	80.693082	0.192105	28.307364	15.171635	-1000.000000	-1000.000000	-64.000000	-1000.000000	-64.000000	270.000000	3
257	1	1	0	0	90.673033	1.426498	91.294263	0.183845	33.713167	22.086600	-1000.000000	-1000.000000	-64.000000	-1000.000000	-64.000000	270.000000	3
258	2	1	0	0	78.976300	1.356162	79.243530	0.179565	39.795764	22.586315	-1000.000000	-1000.000000	-64.000000	-1000.000000	-64.000000	270.000000	3
259	3	1	0	0	80.663385	0.833730	80.459196	0.180981	43.590208	23.934689	-1000.000000	-1000.000000	-64.000000	-1000.000000	-64.000000	270.000000	3
260	4	1	0	0	80.785166	1.314765	80.753459	0.203598	60.901581	32.007541	-1000.000000	-1000.000000	-64.000000	-1000.000000	-64.000000	270.000000	3
261	5	1	0	0	86.678781	1.434889	87.100438	0.269109	63.307352	31.438980	-1000.000000	-1000.000000	-64.000000	-1000.000000	-64.000000	270.000000	3
262	6	1	0	0	81.965449	1.324227	82.367635	0.278975	76.403566	39.054922	-1000.000000	-1000.000000	-64.000000	-1000.000000	-64.000000	270.000000	3
263	7	1	0	0	80.771248	0.476256	80.059196	0.200545	91.945688	52.397013	-1000.000000	-1000.000000	-64.000000	-1000.000000	-64.000000	270.000000	3
320	0	1	1	0	80.719934	0.666240	80.597789	0.189976	32.763954	20.448078	-1000.000000	-1000.000000	-64.000000	-1000.000000	-64.000000	270.000000	3
321	1	1	1	0	80.366655	1.636510	80.812845	0.186913	34.516306	19.720068	-1000.000000	-1000.000000	-64.000000	-1000.000000	-64.000000	270.000000	3
322	2	1	1	0	82.089500	1.211991	82.439675	0.193792	40.334636	22.935840	-1000.000000	-1000.000000	-64.000000	-1000.000000	-64.000000	270.000000	3
323	3	1	1	0	80.702934	0.618093	80.456451	0.257398	41.331171	24.243381	-1000.000000	-1000.000000	-64.000000	-1000.000000	-64.000000	270.000000	3
324	4	1	1	0	81.708805	1.949891	82.137295	0.240619	58.554704	31.310993	-1000.000000	-1000.000000	-64.000000	-1000.000000	-64.000000	270.000000	3
325	5	1	1	0	80.002360	1.790902	80.540042	0.276669	65.983283	36.183918	-1000.000000	-1000.000000	-64.000000	-1000.000000	-64.000000	270.000000	3
326	6	1	1	0	80.768691	0.647329	80.755556	0.236761	71.745800	38.797361	-1000.000000	-1000.000000	-64.000000	-1000.000000	-64.000000	270.000000	3
327	7	1	1	0	81.184275	1.108656	81.599313	0.220327	86.051253	49.697255	-1000.000000	-1000.000000	-64.000000	-1000.000000	-64.000000	270.000000	3
384	0	1	2	0	91.944559	1.978559	92.146788	0.301199	36.515683	23.541625	-1000.000000	-1000.000000	-64.000000	-1000.000000	-64.000000	270.000000	3
385	1	1	2	0	80.678545	1.600279	81.011702	0.436013	34.987495	20.143711	-1000.000000	-1000.000000	-64.000000	-1000.000000	-64.000000	270.000000	3
386	2	1	2	0	81.348195	1.310055	81.544044	0.263961	40.234108	22.744776	-1000.000000	-1000.000000	-64.000000	-1000.000000	-64.000000	270.000000	3
387	3	1	2	0	64.127882	1.807427	65.144849	0.333381	39.604836	23.059727	-1000.000000	-1000.000000	-64.000000	-1000.000000	-64.000000	270.000000	3
388	4	1	2	0	81.403823	1.353197	81.809604	0.349488	56.147278	28.865047	-1000.000000	-1000.000000	-64.000000	-1000.000000	-64.000000	270.000000	3
389	5	1	2	0	78.020830	1.335643	78.745569	0.399030	60.094880	29.611591	-1000.000000	-1000.000000	-64.000000	-1000.000000	-64.000000	270.000000	3
390	6	1	2	0	80.807877	0.693061	81.241052	0.524650	80.443966	44.507315	-1000.000000	-1000.000000	-64.000000	-1000.000000	-64.000000	270.000000	3
391	7	1	2	0	80.622572	0.598589	80.237049	0.312202	78.555521	41.794981	-1000.000000	-1000.000000	-64.000000	-1000.000000	-64.000000	270.000000	3
448	0	1	3	0	100.828153	1.665912	100.986278	0.204278	35.868546	19.871865	-1000.000000	-1000.000000	-64.000000	-1000.000000	-64.000000	270.000000	3
449	1	1	3	0	81.305433	1.089960	81.632475	0.379773	34.683239	19.889013	-1000.000000	-1000.000000	-64.000000	-1000.000000	-64.000000	270.000000	3
450	2	1	3	0	80.249847	1.531107	80.771717	0.528700	40.295060	22.939663	-1000.000000	-1000.000000	-64.000000	-1000.000000	-64.000000	270.000000	3
451	3	1	3	0	81.346981	1.005170	81.890430	0.528340	39.132420	21.884614	-1000.000000	-1000.000000	-64.000000	-1000.000000	-64.000000	270.000000	3
452	4	1	3	0	81.767406	1.758732	82.912899	0.617522	56.445957	29.492637	-1000.000000	-1000.000000	-64.000000	-1000.000000	-64.000000	270.000000	3
453	5	1	3	0	73.186434	1.151166	73.787104	0.652502	64.277852	32.074427	-1000.000000	-1000.000000	-64.000000	-1000.000000	-64.000000	270.000000	3
454	6	1	3	0	81.461398	1.295568	82.255222	0.622439	71.086353	42.278890	-1000.000000	-1000.000000	-64.000000	-1000.000000	-64.000000	270.000000	3
455	7	1	3	0	83.277227	1.284023	84.481212	0.563681	82.694998	52.740177	-1000.000000	-1000.000000	-64.000000	-1000.000000	-64.000000	270.000000	3
512	0	0	0	1	81.738191	1.328033	81.897159	0.225925	32.673710	22.238495	-1000.000000	-1000.000000	-64.000000	-1000.000000	-64.000000	270.000000	3
513	1	0	0	1	90.905791	1.436468	91.352354	0.236005	35.761525	31.791041	-1000.000000	-1000.000000	-64.000000	-1000.000000	-64.000000	270.000000	3
514	2	0	0	1	80.341627	1.288556	80.382041	0.182716	36.215763	19.927637	-1000.000000	-1000.000000	-64.000000	-1000.000000	-64.000000	270.000000	3
515	3	0	0	1	80.863848	0.520535	80.533567	0.319298	42.677657	29.837299	-1000.000000	-1000.000000	-64.000000	-1000.000000	-64.000000	780.000000	3
516	4	0	0	1	72.000079	1.769950	72.147361	0.223036	48.288956	23.487510	-1000.000000	-1000.000000	-64.000000	-1000.000000	-64.000000	270.000000	3
517	5	0	0	1	81.426801	1.323410	81.862968	0.443641	54.577769	36.230119	-1000.000000	-1000.000000	-64.000000	-1000.000000	-64.000000	780.000000	3
518	6	0	0	1	80.812551	1.314908	80.871393	0.218729	66.862449	43.786876	-1000.000000	-1000.000000	-64.000000	-1000.000000	-64.000000	780.000000	3
519	7	0	0	1	81.561799	1.234565	81.817952	0.267136	76.773411	51.947069	-1000.000000	-1000.000000	-64.000000	-1000.000000	-64.000000	780.000000	3
576	0	0	1	1	82.944456	1.448760	83.487783	0.208732	33.165723	21.565856	-1000.000000	-1000.000000	-64.000000	-1000.000000	-64.000000	270.000000	3
577	1	0	1	1	79.397660	1.480797	79.710694	0.267758	42.022791	33.808279	-1000.000000	-1000.000000	-64.000000	-1000.000000	-64.000000	270.000000	3
578	2	0	1	1	81.219289	1.184884	81.357194	0.234235	37.999893	23.946931	-1000.000000	-1000.000000	-64.000000	-1000.000000	-64.000000	780.000000	3
579	3	0	1	1	83.059176	1.302469	83.490261	0.191752	37.877224	22.960291	-1000.000000	-1000.000000	-64.000000	-1000.000000	-64.000000	270.000000	3
580	4	0	1	1	81.034577	1.304083	81.043796	0.201285	51.060074	29.639264	-1000.000000	-1000.000000	-64.000000	-1000.000000	-64.000000	780.000000	3
581	5	0	1	1	81.350856	1.051774	81.600038	0.258110	57.891886	30.634604	-1000.000000	-1000.000000	-64.000000	-1000.000000	-64.000000	780.000000	3
582	6	0	1	1	80.783610	0.483208	80.361040	0.212609	65.622650	37.973783	-1000.000000	-1000.000000	-64.000000	-1000.000000	-64.000000	270.000000	3
583	7	0	1	1	80.746361	0.620595	80.438727	0.266495	80.937515	48.385392	-1000.000000	-1000.000000	-64.000000	-1000.000000	-64.000000	780.000000	3
640	0	0	2	1	82.670544	1.540201	83.195655	0.205366	33.776525	18.989957	-1000.000000	-1000.000000	-64.000000	-1000.000000	-64.000000	270.000000	3
641	1	0	2	1	80.897407	1.339739	80.980522	0.197016	37.390403	25.722164	-1000.000000	-1000.000000	-64.000000	-1000.000000	-64.000000	270.000000	3
642	2	0	2	1	80.854231	1.229647	80.759520	0.172408	38.187637	22.362831	-1000.000000	-1000.000000	-64.000000	-1000.000000	-64.000000	780.000000	3
643	3	0	2	1	80.679438	0.683092	80.230264	0.218244	36.660980	27.641746	-1000.000000	-1000.000000	-64.000000	-1000.000000	-64.000000	270.000000	3
644	4	0	2	1	81.381213	1.322575	81.682904	0.239036	55.092841	33.608448	-1000.000000	-1000.000000	-64.000000	-1000.000000	-64.000000	270.000000	3
645	5	0	2	1	79.399139	1.436758	79.640066	0.181369	56.202790	31.599950	-1000.000000	-1000.000000	-64.000000	-1000.000000	-64.000000	270.000000	3
646	6	0	2	1	80.742218	0.600056	80.331081	0.310053	68.100933	45.489128	-1000.000000	-1000.000000	-64.000000	-1000.000000	-64.000000	780.000000	3
647	7	0	2	1	80.933071	0.875652	80.970726	0.210041	77.305726	55.325515	-1000.000000	-1000.000000	-64.000000	-1000.000000	-64.000000	270.000000	3
704	0	0	3	1	79.697295	1.328481	79.890376	0.150164	31.774802	18.734379	-1000.000000	-1000.000000	-64.000000	-1000.000000	-64.000000	780.000000	3
705	1	0	3	1	97.385637	1.983406	97.861140	0.222796	39.760886	30.122238	-1000.000000	-1000.000000	-64.000000	-1000.000000	-64.000000	780.000000	3
706	2	0	3	1	81.015453	1.110264	80.723995	0.180362	35.737016	21.380731	-1000.000000	-1000.000000	-64.000000	-1000.000000	-64.000000	780.000000	3
707	3	0	3	1	81.575977	1.076645	81.487021	0.195691	36.210024	24.513500	-1000.000000	-1000.000000	-64.000000	-1000.000000	-64.000000	780.000000	3
708	4	0	3	1	81.583867	1.267498	81.864226	0.215711	53.985287	28.532055	-1000.000000	-1000.000000	-64.000000	-1000.000000	-64.000000	270.000000	3
709	5	0	3	1	81.075752	1.289993	81.077111	0.263839	59.396505	38.536051	-1000.000000	-1000.000000	-64.000000	-1000.000000	-64.000000	780.000000	3
710	6	0	3	1	80.706341	0.734178	80.548428	0.184974	67.171298	49.828439	-1000.000000	-1000.000000	-64.000000	-1000.000000	-64.000000	780.000000	3
711	7	0	3	1	81.038726	0.826784	80.958414	0.181958	78.545786	59.069471	-1000.000000	-1000.000000	-64.000000	-1000.000000	-64.000000	270.000000	3
768	0	1	0	1	81.329875	1.307038	81.446045	0.203289	32.970076	18.038946	-1000.000000	-1000.000000	-64.000000	-1000.000000	-64.000000	270.000000	3
769	1	1	0	1	81.124296	1.327909	81.239298	0.312238	34.927298	20.070605	-1000.000000	-1000.000000	-64.000000	-1000.000000	-64.000000	270.000000	3
770	2	1	0	1	86.077885	1.340307	86.532238	0.383280	39.456867	22.755252	-1000.000000	-1000.000000	-64.000000	-1000.000000	-64.000000	270.000000	3
771	3	1	0	1	80.752544	0.464979	80.324412	0.454947	43.883705	25.730666	-1000.000000	-1000.000000	-64.000000	-1000.000000	-64.000000	780.000000	3
772	4	1	0	1	79.290045	1.500067	80.076047	0.541104	50.553407	24.046496	-1000.000000	-1000.000000	-64.000000	-1000.000000	-64.000000	780.000000	3
773	5	1	0	1	80.599902	0.642152	80.795068	0.669664	55.526450	27.394350	-1000.000000	-1000.000000	-64.000000	-1000.000000	-64.000000	780.000000	3
774	6	1	0	1	77.462038	0.963964	78.123787	0.564977	60.315894	30.871710	-1000.000000	-1000.000000	-64.000000	-1000.000000	-64.000000	270.000000	3
775	7	1	0	1	79.722428	1.395337	80.277037	0.527770	78.713856	40.988713	-1000.000000	-1000.000000	-64.000000	-1000.000000	-64.000000	780.000000	3
832	0	1	1	1	81.061633	1.020821	81.154831	0.215981	35.712453	19.457489	-1000.000000	-1000.000000	-64.000000	-1000.000000	-64.000000	270.000000	3
833	1	1	1	1	80.572563	1.394655	80.570154	0.226075	36.938834	20.832288	-1000.000000	-1000.000000	-64.000000	-1000.000000	-64.000000	270.000000	3
834	2	1	1	1	81.196684	1.149505	81.118849	0.337708	35.908684	20.219547	-1000.000000	-1000.000000	-64.000000	-1000.000000	-64.000000	780.000000	3
835	3	1	1	1	81.223800	0.926534	81.412731	0.299654	38.543399	22.638764	-1000.000000	-1000.000000	-64.000000	-1000.000000	-64.000000	270.000000	3
836	4	1	1	1	-1000.000000	-1000.000000	64.290040	0.280636	-1000.000000	-1000.000000	-1000.000000	-1000.000000	-64.000000	-1000.000000	-64.000000	780.000000	3
837	5	1	1	1	85.116098	1.077766	85.284010	0.366722	55.197097	26.508961	-1000.000000	-1000.000000	-64.000000	-1000.000000	-64.000000	780.000000	3
838	6	1	1	1	80.771262	0.834691	80.718849	0.382750	63.545934	33.644767	-1000.000000	-1000.000000	-64.000000	-1000.000000	-64.000000	780.000000	3
839	7	1	1	1	80.589597	0.689431	80.341907	0.363693	77.589525	41.241516	-1000.000000	-1000.000000	-64.000000	-1000.000000	-64.000000	780.000000	3
896	0	1	2	1	81.151366	0.921192	81.209072	0.207972	34.377116	19.217182	-1000.000000	-1000.000000	-64.000000	-1000.000000	-64.000000	270.000000	3
897	1	1	2	1	81.739143	1.215629	82.121553	0.234183	36.854688	20.628744	-1000.000000	-1000.000000	-64.000000	-1000.000000	-64.000000	270.000000	3
898	2	1	2	1	81.770394	1.111188	81.958298	0.206469	40.733107	23.056221	-1000.000000	-1000.000000	-64.000000	-1000.000000	-64.000000	270.000000	3
899	3	1	2	1	80.604600	1.063922	80.469111	0.367038	39.750627	22.046390	-1000.000000	-1000.000000	-64.000000	-1000.000000	-64.000000	780.000000	3
900	4	1	2	1	81.074067	1.168012	80.987193	0.234269	49.507051	23.578453	-1000.000000	-1000.000000	-64.000000	-1000.000000	-64.000000	780.000000	3
901	5	1	2	1	81.490923	1.115532	81.670744	0.220003	55.940593	27.384764	-1000.000000	-1000.000000	-64.000000	-1000.000000	-64.000000	270.000000	3
902	6	1	2	1	80.519384	0.521219	79.790624	0.246995	69.487199	36.789708	-1000.000000	-1000.000000	-64.000000	-1000.000000	-64.000000	780.000000	3
903	7	1	2	1	80.612266	0.581290	80.212120	0.277337	76.578333	41.905981	-1000.000000	-1000.000000	-64.000000	-1000.000000	-64.000000	780.000000	3
960	0	1	3	1	80.902293	1.129996	80.641662	0.183996	34.181010	17.261127	-1000.000000	-1000.000000	-64.000000	-1000.000000	-64.000000	270.000000	3
961	1	1	3	1	80.659250	0.694183	80.404422	0.158899	36.236626	19.583999	-1000.000000	-1000.000000	-64.000000	-1000.000000	-64.000000	780.000000	3
962	2	1	3	1	80.835808	0.508921	80.401982	0.169899	38.509186	21.014149	-1000.000000	-1000.000000	-64.000000	-1000.000000	-64.000000	270.000000	3
963	3	1	3	1	79.880961	1.301535	79.974652	0.141205	38.438714	20.960105	-1000.000000	-1000.000000	-64.000000	-1000.000000	-64.000000	780.000000	3
964	4	1	3	1	80.915846	1.434468	80.980141	0.267650	50.068262	24.278644	-1000.000000	-1000.000000	-64.000000	-1000.000000	-64.000000	270.000000	3
965	5	1	3	1	80.478295	1.318975	80.555022	0.188541	57.912177	30.355100	-1000.000000	-1000.000000	-64.000000	-1000.000000	-64.000000	270.000000	3
966	6	1	3	1	81.288330	1.120139	81.451534	0.203487	68.014842	39.210742	-1000.000000	-1000.000000	-64.000000	-1000.000000	-64.000000	780.000000	3
967	7	1	3	1	-1000.000000	-1000.000000	-1000.000000	-1000.000000	-1000.000000	-1000.000000	-1000.000000	-1000.000000	-64.000000	-1000.000000	-64.000000	270.000000	0
1024	0	0	0	2	78.635072	1.297601	79.020812	0.208458	27.520699	18.892012	-1000.000000	-1000.000000	-64.000000	-1000.000000	-64.000000	780.000000	3
1025	1	0	0	2	84.069871	1.519789	84.091748	0.181114	37.984512	30.849357	-1000.000000	-1000.000000	-64.000000	-1000.000000	-64.000000	10.000000	3
1026	2	0	0	2	72.774564	0.478157	71.984106	0.225068	41.927609	25.591635	-1000.000000	-1000.000000	-64.000000	-1000.000000	-64.000000	780.000000	3
1027	3	0	0	2	80.320148	1.504221	80.490604	0.242671	45.652272	28.171272	-1000.000000	-1000.000000	-64.000000	-1000.000000	-64.000000	10.000000	3
1028	4	0	0	2	81.080361	1.859089	81.239603	0.257267	60.015596	35.986034	-1000.000000	-1000.000000	-64.000000	-1000.000000	-64.000000	780.000000	3
1029	5	0	0	2	79.540109	1.391457	80.083629	0.250238	64.302926	41.725908	-1000.000000	-1000.000000	-64.000000	-1000.000000	-64.000000	780.000000	3
1030	6	0	0	2	81.000445	1.180106	81.015056	0.216206	68.966804	58.154871	-1000.000000	-1000.000000	-64.000000	-1000.000000	-64.000000	10.000000	3
1031	7	0	0	2	80.297611	1.116653	80.031065	0.100044	-1000.000000	-1000.000000	-1000.000000	-1000.000000	-64.000000	-1000.000000	-64.000000	780.000000	0
1088	0	0	1	2	80.590489	0.597970	80.089499	0.210837	27.339820	17.681951	-1000.000000	-1000.000000	-64.000000	-1000.000000	-64.000000	780.000000	3
1089	1	0	1	2	78.165409	1.390051	78.297657	0.232504	39.426981	25.233492	-1000.000000	-1000.000000	-64.000000	-1000.000000	-64.000000	780.000000	3
1090	2	0	1	2	81.501464	1.194981	81.892013	0.270162	42.877768	29.093122	-1000.000000	-1000.000000	-64.000000	-1000.000000	-64.000000	780.000000	3
1091	3	0	1	2	79.780338	1.443027	80.015819	0.232933	45.277310	28.820717	-1000.000000	-1000.000000	-64.000000	-1000.000000	-64.000000	10.000000	3
1092	4	0	1	2	80.663415	1.463210	80.988946	0.269415	58.110653	33.912740	-1000.000000	-1000.000000	-64.000000	-1000.000000	-64.000000	10.000000	3
1093	5	0	1	2	80.459266	1.223634	80.518087	0.341554	57.724035	36.607527	-1000.000000	-1000.000000	-64.000000	-1000.000000	-64.000000	780.000000	3
1094	6	0	1	2	-1000.000000	-1000.000000	80.067508	0.337931	-1000.000000	-1000.000000	-1000.000000	-1000.000000	-64.000000	-1000.000000	-64.000000	10.000000	3
1095	7	0	1	2	79.721063	1.777102	79.612278	0.362009	92.206137	59.383578	-1000.000000	-1000.000000	-64.000000	-1000.000000	-64.000000	10.000000	3
1152	0	0	2	2	78.219226	1.470435	78.594435	0.244271	29.035432	19.191590	-1000.000000	-1000.000000	-64.000000	-1000.000000	-64.000000	780.000000	3
1153	1	0	2	2	78.016451	1.306813	78.134097	0.354026	41.613029	26.245620	-1000.000000	-1000.000000	-64.000000	-1000.000000	-64.000000	780.000000	3
1154	2	0	2	2	80.764644	1.337948	80.915999	0.390488	38.476906	23.658280	-1000.000000	-1000.000000	-64.000000	-1000.000000	-64.000000	10.000000	3
1155	3	0	2	2	80.841731	0.511498	81.452792	0.477495	46.193683	30.978444	-1000.000000	-1000.000000	-64.000000	-1000.000000	-64.000000	780.000000	3
1156	4	0	2	2	80.744113	1.544749	81.734667	0.681005	56.295595	32.117409	-1000.000000	-1000.000000	-64.000000	-1000.000000	-64.000000	10.000000	3
1157	5	0	2	2	81.218731	1.109498	82.044366	0.606290	63.795856	38.452605	-1000.000000	-1000.000000	-64.000000	-1000.000000	-64.000000	10.000000	3
1158	6	0	2	2	81.366204	1.146853	81.956068	0.604449	74.968193	48.436057	-1000.000000	-1000.000000	-64.000000	-1000.000000	-64.000000	10.000000	3
1159	7	0	2	2	80.704001	0.638408	80.808805	0.482034	86.642020	48.734691	-1000.000000	-1000.000000	-64.000000	-1000.000000	-64.000000	10.000000	3
1216	0	0	3	2	80.509854	1.348548	80.771705	0.556257	34.767201	20.177676	-1000.000000	-1000.000000	-64.000000	-1000.000000	-64.000000	780.000000	3
1217	1	0	3	2	80.493599	1.277652	80.988506	0.604857	39.430954	23.498028	-1000.000000	-1000.000000	-64.000000	-1000.000000	-64.000000	780.000000	3
1218	2	0	3	2	81.026446	1.132459	81.850266	0.578423	41.175078	25.029392	-1000.000000	-1000.000000	-64.000000	-1000.000000	-64.000000	780.000000	3
1219	3	0	3	2	81.321233	0.967611	82.546448	0.675716	43.886708	26.712612	-1000.000000	-1000.000000	-64.000000	-1000.000000	-64.000000	10.000000	3
1220	4	0	3	2	78.627386	1.623422	80.854189	0.942008	54.465430	29.478158	-1000.000000	-1000.000000	-64.000000	-1000.000000	-64.000000	10.000000	3
1221	5	0	3	2	80.972213	0.837005	82.855877	0.902004	63.328541	36.528941	-1000.000000	-1000.000000	-64.000000	-1000.000000	-64.000000	10.000000	3
1222	6	0	3	2	80.838386	0.510051	81.986028	0.837156	66.693560	39.678793	-1000.000000	-1000.000000	-64.000000	-1000.000000	-64.000000	780.000000	3
1223	7	0	3	2	80.632149	1.483050	81.800659	0.789997	83.292569	61.125106	-1000.000000	-1000.000000	-64.000000	-1000.000000	-64.000000	10.000000	3
1280	0	1	0	2	79.495063	1.394660	79.917858	0.189065	26.821398	18.454662	-1000.000000	-1000.000000	-64.000000	-1000.000000	-64.000000	10.000000	3
1281	1	1	0	2	79.331809	1.497592	79.565847	0.270890	37.573232	23.661364	-1000.000000	-1000.000000	-64.000000	-1000.000000	-64.000000	10.000000	3
1282	2	1	0	2	80.677029	1.444075	80.643911	0.201562	38.964649	24.266094	-1000.000000	-1000.000000	-64.000000	-1000.000000	-64.000000	10.000000	3
1283	3	1	0	2	81.683063	1.137017	81.955249	0.208803	42.507394	30.749772	-1000.000000	-1000.000000	-64.000000	-1000.000000	-64.000000	10.000000	3
1284	4	1	0	2	80.022592	1.689517	79.929750	0.252206	57.331108	34.350849	-1000.000000	-1000.000000	-64.000000	-1000.000000	-64.000000	780.000000	3
1285	5	1	0	2	75.612878	1.658101	76.163674	0.220022	60.967067	37.603535	-1000.000000	-1000.000000	-64.000000	-1000.000000	-64.000000	10.000000	3
1286	6	1	0	2	79.954305	1.440962	79.955822	0.236523	68.207319	43.120779	-1000.000000	-1000.000000	-64.000000	-1000.000000	-64.000000	10.000000	3
1287	7	1	0	2	78.195899	1.883368	78.396913	0.245505	84.422567	62.691370	-1000.000000	-1000.000000	-64.000000	-1000.000000	-64.000000	780.000000	3
1344	0	1	1	2	79.349756	1.771706	79.487936	0.218713	26.406482	17.641385	-1000.000000	-1000.000000	-64.000000	-1000.000000	-64.000000	780.000000	3
1345	1	1	1	2	81.052840	1.056292	80.784715	0.220903	38.720354	22.618332	-1000.000000	-1000.000000	-64.000000	-1000.000000	-64.000000	780.000000	3
1346	2	1	1	2	77.648225	1.314235	77.757350	0.230365	41.107836	23.705318	-1000.000000	-1000.000000	-64.000000	-1000.000000	-64.000000	10.000000	3
1347	3	1	1	2	80.664447	0.715095	80.284885	0.307598	42.841267	25.114516	-1000.000000	-1000.000000	-64.000000	-1000.000000	-64.000000	780.000000	3
1348	4	1	1	2	79.297003	1.397430	79.825234	0.283786	55.622712	28.374462	-1000.000000	-1000.000000	-64.000000	-1000.000000	-64.000000	780.000000	3
1349	5	1	1	2	80.925354	1.750433	81.361730	0.379623	67.521235	37.804944	-1000.000000	-1000.000000	-64.000000	-1000.000000	-64.000000	780.000000	3
1350	6	1	1	2	85.464639	1.104833	86.093425	0.292077	70.302365	41.100095	-1000.000000	-1000.000000	-64.000000	-1000.000000	-64.000000	10.000000	3
1351	7	1	1	2	87.318319	1.945010	87.620354	0.332792	83.296681	55.581378	-1000.000000	-1000.000000	-64.000000	-1000.000000	-64.000000	780.000000	3
1408	0	1	2	2	80.837465	0.944650	80.803926	0.241474	32.729411	18.730099	-1000.000000	-1000.000000	-64.000000	-1000.000000	-64.000000	780.000000	3
1409	1	1	2	2	79.528943	1.511622	79.846197	0.448886	39.323999	22.917284	-1000.000000	-1000.000000	-64.000000	-1000.000000	-64.000000	780.000000	3
1410	2	1	2	2	80.378073	1.440985	80.786682	0.386636	42.019798	24.535179	-1000.000000	-1000.000000	-64.000000	-1000.000000	-64.000000	10.000000	3
1411	3	1	2	2	80.161238	1.379964	80.373239	0.412080	39.631201	23.105924	-1000.000000	-1000.000000	-64.000000	-1000.000000	-64.000000	780.000000	3
1412	4	1	2	2	79.719515	1.650023	80.802287	0.567850	60.790755	31.268103	-1000.000000	-1000.000000	-64.000000	-1000.000000	-64.000000	10.000000	3
1413	5	1	2	2	80.622325	0.552541	80.191812	0.540795	59.397453	30.163203	-1000.000000	-1000.000000	-64.000000	-1000.000000	-64.000000	10.000000	3
1414	6	1	2	2	79.963839	1.604656	80.082263	0.433619	66.801427	37.189698	-1000.000000	-1000.000000	-64.000000	-1000.000000	-64.000000	780.000000	3
1415	7	1	2	2	80.718115	0.671983	80.652321	0.439335	83.459786	49.511571	-1000.000000	-1000.000000	-64.000000	-1000.000000	-64.000000	10.000000	3
1472	0	1	3	2	84.215230	1.638787	84.438235	0.466909	34.734665	21.147304	-1000.000000	-1000.000000	-64.000000	-1000.000000	-64.000000	780.000000	3
1473	1	1	3	2	80.397764	1.263522	80.701012	0.505338	40.281286	24.488764	-1000.000000	-1000.000000	-64.000000	-1000.000000	-64.000000	780.000000	3
1474	2	1	3	2	80.646030	1.368359	81.262511	0.607688	39.818723	24.716577	-1000.000000	-1000.000000	-64.000000	-1000.000000	-64.000000	780.000000	3
1475	3	1	3	2	80.819235	0.501351	80.925149	0.604581	44.762679	27.184520	-1000.000000	-1000.000000	-64.000000	-1000.000000	-64.000000	10.000000	3
1476	4	1	3	2	69.859434	1.545038	71.797081	0.856595	56.149105	27.972254	-1000.000000	-1000.000000	-64.000000	-1000.000000	-64.000000	780.000000	3
1477	5	1	3	2	80.021705	1.650905	81.730740	0.849844	66.164134	41.431178	-1000.000000	-1000.000000	-64.000000	-1000.000000	-64.000000	10.000000	3
1478	6	1	3	2	79.385834	1.599797	80.860797	0.759991	74.242418	49.561013	-1000.000000	-1000.000000	-64.000000	-1000.000000	-64.000000	10.000000	3
1479	7	1	3	2	80.342812	1.473052	81.264667	0.688574	83.723928	63.566461	-1000.000000	-1000.000000	-64.000000	-1000.000000	-64.000000	10.000000	3
1536	0	0	0	3	80.410646	1.465876	80.699805	0.492458	38.670476	21.113097	-1000.000000	-1000.000000	-64.000000	-1000.000000	-64.000000	528.000000	3
1537	1	0	0	3	80.645285	1.130728	81.047773	0.630632	37.598100	22.097477	-1000.000000	-1000.000000	-64.000000	-1000.000000	-64.000000	528.000000	3
1538	2	0	0	3	81.903033	1.359403	82.817584	0.653810	40.264277	22.890659	-1000.000000	-1000.000000	-64.000000	-1000.000000	-64.000000	528.000000	3
1539	3	0	0	3	80.799701	0.636886	81.219615	0.678239	34.228818	21.362206	-1000.000000	-1000.000000	-64.000000	-1000.000000	-64.000000	780.000000	3
1540	4	0	0	3	73.759255	1.501438	75.435629	0.862097	47.239040	23.241796	-1000.000000	-1000.000000	-64.000000	-1000.000000	-64.000000	528.000000	3
1541	5	0	0	3	50.298751	1.386607	51.980149	0.902044	63.920502	33.342416	-1000.000000	-1000.000000	-64.000000	-1000.000000	-64.000000	780.000000	3
1542	6	0	0	3	80.425469	1.310119	81.603631	0.797811	62.175407	34.249130	-1000.000000	-1000.000000	-64.000000	-1000.000000	-64.000000	780.000000	3
1543	7	0	0	3	81.050310	1.084846	81.549446	0.609800	74.927860	44.743409	-1000.000000	-1000.000000	-64.000000	-1000.000000	-64.000000	780.000000	3
1600	0	0	1	3	80.891131	1.171542	80.844216	0.244578	38.590160	20.813363	-1000.000000	-1000.000000	-64.000000	-1000.000000	-64.000000	528.000000	3
1601	1	0	1	3	94.321120	1.286842	94.682558	0.301436	45.664835	30.018841	-1000.000000	-1000.000000	-64.000000	-1000.000000	-64.000000	528.000000	3
1602	2	0	1	3	87.076478	1.385661	87.676767	0.402533	41.976204	24.170249	-1000.000000	-1000.000000	-64.000000	-1000.000000	-64.000000	780.000000	3
1603	3	0	1	3	80.714417	1.438393	80.826377	0.313832	31.076549	18.476034	-1000.000000	-1000.000000	-64.000000	-1000.000000	-64.000000	528.000000	3
1604	4	0	1	3	81.500932	1.351444	82.220275	0.511708	44.608634	22.425634	-1000.000000	-1000.000000	-64.000000	-1000.000000	-64.000000	780.000000	3
1605	5	0	1	3	81.196424	0.988623	81.964529	0.605279	53.442164	25.684335	-1000.000000	-1000.000000	-64.000000	-1000.000000	-64.000000	780.000000	3
1606	6	0	1	3	81.257047	1.166799	81.863159	0.514360	68.940765	33.740225	-1000.000000	-1000.000000	-64.000000	-1000.000000	-64.000000	528.000000	3
1607	7	0	1	3	78.255135	1.513935	78.857862	0.433376	71.749727	36.094874	-1000.000000	-1000.000000	-64.000000	-1000.000000	-64.000000	780.000000	3
1664	0	0	2	3	80.625027	1.130080	80.529827	0.203774	38.453040	21.097642	-1000.000000	-1000.000000	-64.000000	-1000.000000	-64.000000	528.000000	3
1665	1	0	2	3	80.910315	1.385856	80.879741	0.211729	42.608988	24.697579	-1000.000000	-1000.000000	-64.000000	-1000.000000	-64.000000	528.000000	3
1666	2	0	2	3	81.789776	1.098371	81.809833	0.263943	40.065824	21.623521	-1000.000000	-1000.000000	-64.000000	-1000.000000	-64.000000	780.000000	3
1667	3	0	2	3	82.225010	1.503135	82.697000	0.209582	28.836762	18.106848	-1000.000000	-1000.000000	-64.000000	-1000.000000	-64.000000	528.000000	3
1668	4	0	2	3	83.544806	1.945816	83.840861	0.258844	47.005668	24.044875	-1000.000000	-1000.000000	-64.000000	-1000.000000	-64.000000	528.000000	3
1669	5	0	2	3	80.782554	1.723183	81.187536	0.286220	61.236200	32.587334	-1000.000000	-1000.000000	-64.000000	-1000.000000	-64.000000	528.000000	3
1670	6	0	2	3	81.962554	1.058002	82.473904	0.221852	64.321641	30.340192	-1000.000000	-1000.000000	-64.000000	-1000.000000	-64.000000	780.000000	3
1671	7	0	2	3	80.716358	0.661088	80.443758	0.312756	78.110538	44.306366	-1000.000000	-1000.000000	-64.000000	-1000.000000	-64.000000	528.000000	3
1728	0	0	3	3	81.490143	1.139720	81.297732	0.177636	35.375988	18.905707	-1000.000000	-1000.000000	-64.000000	-1000.000000	-64.000000	780.000000	3
1729	1	0	3	3	84.831480	1.390189	84.713360	0.171587	40.270984	23.394513	-1000.000000	-1000.000000	-64.000000	-1000.000000	-64.000000	780.000000	3
1730	2	0	3	3	80.765773	1.260385	80.668649	0.183037	38.371939	20.700740	-1000.000000	-1000.000000	-64.000000	-1000.000000	-64.000000	780.000000	3
1731	3	0	3	3	80.790276	0.648517	80.518239	0.161217	26.592334	16.058403	-1000.000000	-1000.000000	-64.000000	-1000.000000	-64.000000	780.000000	3
1732	4	0	3	3	80.460024	1.603333	80.562340	0.217515	47.652191	23.771375	-1000.000000	-1000.000000	-64.000000	-1000.000000	-64.000000	528.000000	3
1733	5	0	3	3	91.296678	1.368709	91.880922	0.171738	61.190223	29.630922	-1000.000000	-1000.000000	-64.000000	-1000.000000	-64.000000	780.000000	3
1734	6	0	3	3	81.019064	0.907837	80.933105	0.173414	61.528837	29.390529	-1000.000000	-1000.000000	-64.000000	-1000.000000	-64.000000	780.000000	3
1735	7	0	3	3	81.073682	0.931183	81.331923	0.296920	84.303027	48.872130	-1000.000000	-1000.000000	-64.000000	-1000.000000	-64.000000	528.000000	3
1792	0	1	0	3	79.593956	1.563127	79.954867	0.401359	39.415011	21.874405	-1000.000000	-1000.000000	-64.000000	-1000.000000	-64.000000	528.000000	3
1793	1	1	0	3	80.420410	1.369381	80.936691	0.716556	40.758068	23.405390	-1000.000000	-1000.000000	-64.000000	-1000.000000	-64.000000	528.000000	3
1794	2	1	0	3	79.382648	1.829048	79.889516	0.651268	41.237504	23.320422	-1000.000000	-1000.000000	-64.000000	-1000.000000	-64.000000	528.000000	3
1795	3	1	0	3	66.977335	1.511394	67.810076	0.639365	29.512937	18.787960	-1000.000000	-1000.000000	-64.000000	-1000.000000	-64.000000	780.000000	3
1796	4	1	0	3	75.154279	1.505866	77.086083	0.915398	41.285166	20.670352	-1000.000000	-1000.000000	-64.000000	-1000.000000	-64.000000	780.000000	3
1797	5	1	0	3	79.982924	1.380325	80.976683	0.802422	57.605739	28.797845	-1000.000000	-1000.000000	-64.000000	-1000.000000	-64.000000	780.000000	3
1798	6	1	0	3	81.477000	1.259060	82.494790	0.737452	67.157233	32.686441	-1000.000000	-1000.000000	-64.000000	-1000.000000	-64.000000	528.000000	3
1799	7	1	0	3	81.466097	1.276755	81.947846	0.648776	79.393734	47.594799	-1000.000000	-1000.000000	-64.000000	-1000.000000	-64.000000	780.000000	3
1856	0	1	1	3	80.533273	1.266482	80.512864	0.224841	38.869167	20.846134	-1000.000000	-1000.000000	-64.000000	-1000.000000	-64.000000	528.000000	3
1857	1	1	1	3	81.428835	1.344487	81.645069	0.378549	41.200881	22.935488	-1000.000000	-1000.000000	-64.000000	-1000.000000	-64.000000	528.000000	3
1858	2	1	1	3	80.937785	1.159743	80.865828	0.313986	42.968436	23.217474	-1000.000000	-1000.000000	-64.000000	-1000.000000	-64.000000	780.000000	3
1859	3	1	1	3	80.022495	1.651093	79.757005	0.261349	30.487529	18.617172	-1000.000000	-1000.000000	-64.000000	-1000.000000	-64.000000	528.000000	3
1860	4	1	1	3	81.535872	1.226754	82.075012	0.445870	42.243738	20.867853	-1000.000000	-1000.000000	-64.000000	-1000.000000	-64.000000	780.000000	3
1861	5	1	1	3	81.279409	0.947176	81.703884	0.530621	51.119048	24.349583	-1000.000000	-1000.000000	-64.000000	-1000.000000	-64.000000	780.000000	3
1862	6	1	1	3	82.077972	1.084924	82.725748	0.404055	64.693145	31.209502	-1000.000000	-1000.000000	-64.000000	-1000.000000	-64.000000	780.000000	3
1863	7	1	1	3	81.274046	0.991231	81.637926	0.443166	78.877939	43.739409	-1000.000000	-1000.000000	-64.000000	-1000.000000	-64.000000	780.000000	3
1920	0	1	2	3	80.235639	1.376812	79.804270	0.195583	39.202428	22.870462	-1000.000000	-1000.000000	-64.000000	-1000.000000	-64.000000	528.000000	3
1921	1	1	2	3	80.096874	1.522870	80.273945	0.224519	42.254246	23.810390	-1000.000000	-1000.000000	-64.000000	-1000.000000	-64.000000	528.000000	3
1922	2	1	2	3	81.236662	1.091984	81.276501	0.245666	43.203824	24.099614	-1000.000000	-1000.000000	-64.000000	-1000.000000	-64.000000	528.000000	3
1923	3	1	2	3	81.417859	1.042018	81.395540	0.189132	29.895416	18.560620	-1000.000000	-1000.000000	-64.000000	-1000.000000	-64.000000	780.000000	3
1924	4	1	2	3	86.593285	1.314162	87.074480	0.225657	41.114433	21.094132	-1000.000000	-1000.000000	-64.000000	-1000.000000	-64.000000	780.000000	3
1925	5	1	2	3	81.122980	1.104732	81.460949	0.272246	60.485613	29.912715	-1000.000000	-1000.000000	-64.000000	-1000.000000	-64.000000	528.000000	3
1926	6	1	2	3	80.577266	0.569510	80.097503	0.196571	66.999233	34.042876	-1000.000000	-1000.000000	-64.000000	-1000.000000	-64.000000	780.000000	3
1927	7	1	2	3	80.819446	0.501451	80.379221	0.184784	72.645221	38.707992	-1000.000000	-1000.000000	-64.000000	-1000.000000	-64.000000	780.000000	3
1984	0	1	3	3	79.690370	1.549052	79.885039	0.184198	39.565214	22.822391	-1000.000000	-1000.000000	-64.000000	-1000.000000	-64.000000	528.000000	3
1985	1	1	3	3	81.246863	1.008779	81.180941	0.184052	38.786872	21.506069	-1000.000000	-1000.000000	-64.000000	-1000.000000	-64.000000	780.000000	3
1986	2	1	3	3	80.852117	0.566790	80.734134	0.212229	43.258217	24.267599	-1000.000000	-1000.000000	-64.000000	-1000.000000	-64.000000	528.000000	3
1987	3	1	3	3	81.578856	1.152162	81.473451	0.199536	29.796073	17.334167	-1000.000000	-1000.000000	-64.000000	-1000.000000	-64.000000	780.000000	3
1988	4	1	3	3	80.651273	1.684177	80.738403	0.217910	46.880359	22.945049	-1000.000000	-1000.000000	-64.000000	-1000.000000	-64.000000	528.000000	3
1989	5	1	3	3	78.906618	1.672720	79.278216	0.220740	62.606154	31.888492	-1000.000000	-1000.000000	-64.000000	-1000.000000	-64.000000	528.000000	3
1990	6	1	3	3	81.134658	1.012463	80.975414	0.183303	66.594833	34.152510	-1000.000000	-1000.000000	-64.000000	-1000.000000	-64.000000	780.000000	3
1991	7	1	3	3	81.443863	1.368455	81.451305	0.215895	82.375546	47.958634	-1000.000000	-1000.000000	-64.000000	-1000.000000	-64.000000	528.000000	3
2048	0	0	0	4	78.867312	1.311216	78.861750	0.220267	30.752676	20.094338	-1000.000000	-1000.000000	-64.000000	-1000.000000	-64.000000	780.000000	3
2049	1	0	0	4	79.924037	1.547489	79.707188	0.184645	43.123047	24.891034	-1000.000000	-1000.000000	-64.000000	-1000.000000	-64.000000	780.000000	3
2050	2	0	0	4	80.774782	0.478281	80.002668	0.192718	27.229032	20.934494	-1000.000000	-1000.000000	-64.000000	-1000.000000	-64.000000	780.000000	3
2051	3	0	0	4	80.441124	1.327080	80.402401	0.168265	35.225676	20.802236	-1000.000000	-1000.000000	-64.000000	-1000.000000	-64.000000	780.000000	3
2052	4	0	0	4	81.229118	1.604000	81.257938	0.206391	49.749976	28.217206	-1000.000000	-1000.000000	-64.000000	-1000.000000	-64.000000	780.000000	3
2053	5	0	0	4	80.512658	1.387909	80.624471	0.193913	52.353937	28.015314	-1000.000000	-1000.000000	-64.000000	-1000.000000	-64.000000	780.000000	3
2054	6	0	0	4	81.126421	1.053238	81.231828	0.197055	56.696707	28.921786	-1000.000000	-1000.000000	-64.000000	-1000.000000	-64.000000	780.000000	3
2055	7	0	0	4	81.095388	1.194387	81.053707	0.301911	64.787584	44.751190	-1000.000000	-1000.000000	-64.000000	-1000.000000	-64.000000	780.000000	3
2112	0	0	1	4	80.844397	0.512636	80.341067	0.192063	29.113562	18.237886	-1000.000000	-1000.000000	-64.000000	-1000.000000	-64.000000	780.000000	3
2113	1	0	1	4	77.977282	1.382669	78.040024	0.222382	40.653951	24.033327	-1000.000000	-1000.000000	-64.000000	-1000.000000	-64.000000	780.000000	3
2114	2	0	1	4	81.076838	0.961823	80.957080	0.267178	33.153914	21.093824	-1000.000000	-1000.000000	-64.000000	-1000.000000	-64.000000	780.000000	3
2115	3	0	1	4	80.717612	0.855342	80.703692	0.301798	39.590748	23.124955	-1000.000000	-1000.000000	-64.000000	-1000.000000	-64.000000	780.000000	3
2116	4	0	1	4	80.376438	1.473220	80.563903	0.235092	49.636274	26.110110	-1000.000000	-1000.000000	-64.000000	-1000.000000	-64.000000	780.000000	3
2117	5	0	1	4	80.339346	1.550166	79.941643	0.262138	55.114421	27.901820	-1000.000000	-1000.000000	-64.000000	-1000.000000	-64.000000	780.000000	3
2118	6	0	1	4	72.859315	0.518758	72.642691	0.278434	63.756967	33.061021	-1000.000000	-1000.000000	-64.000000	-1000.000000	-64.000000	780.000000	3
2119	7	0	1	4	80.961609	0.775520	81.125176	0.347638	71.074778	42.539336	-1000.000000	-1000.000000	-64.000000	-1000.000000	-64.000000	780.000000	3
2176	0	0	2	4	79.148165	1.832181	79.202096	0.263728	29.863395	18.716345	-1000.000000	-1000.000000	-64.000000	-1000.000000	-64.000000	780.000000	3
2177	1	0	2	4	80.390041	1.462129	80.440061	0.202802	38.716129	21.842869	-1000.000000	-1000.000000	-64.000000	-1000.000000	-64.000000	780.000000	3
2178	2	0	2	4	81.154083	1.110462	81.078864	0.287943	27.590630	18.672037	-1000.000000	-1000.000000	-64.000000	-1000.000000	-64.000000	780.000000	3
2179	3	0	2	4	84.232883	1.741966	84.104898	0.264509	40.328513	24.382492	-1000.000000	-1000.000000	-64.000000	-1000.000000	-64.000000	780.000000	3
2180	4	0	2	4	81.685764	1.298226	82.036933	0.231066	46.327138	24.837651	-1000.000000	-1000.000000	-64.000000	-1000.000000	-64.000000	780.000000	3
2181	5	0	2	4	81.572170	1.179398	81.983227	0.255588	56.654204	29.717897	-1000.000000	-1000.000000	-64.000000	-1000.000000	-64.000000	780.000000	3
2182	6	0	2	4	80.375337	1.062804	80.215856	0.246253	63.457943	35.930792	-1000.000000	-1000.000000	-64.000000	-1000.000000	-64.000000	780.000000	3
2183	7	0	2	4	81.112921	0.936225	81.330398	0.317612	69.516083	42.423586	-1000.000000	-1000.000000	-64.000000	-1000.000000	-64.000000	780.000000	3
2240	0	0	3	4	80.311962	1.369977	80.279243	0.283141	31.193683	18.923531	-1000.000000	-1000.000000	-64.000000	-1000.000000	-64.000000	780.000000	3
2241	1	0	3	4	80.292781	1.499568	80.289611	0.224592	37.327599	22.479060	-1000.000000	-1000.000000	-64.000000	-1000.000000	-64.000000	780.000000	3
2242	2	0	3	4	79.166123	1.742663	79.382504	0.313633	27.964492	20.277772	-1000.000000	-1000.000000	-64.000000	-1000.000000	-64.000000	780.000000	3
2243	3	0	3	4	79.822906	1.571589	79.701241	0.384029	40.225368	24.339282	-1000.000000	-1000.000000	-64.000000	-1000.000000	-64.000000	780.000000	3
2244	4	0	3	4	81.284218	1.536763	81.753725	0.368137	45.300418	23.950302	-1000.000000	-1000.000000	-64.000000	-1000.000000	-64.000000	780.000000	3
2245	5	0	3	4	80.768520	0.621517	80.952621	0.389236	55.460718	27.187118	-1000.000000	-1000.000000	-64.000000	-1000.000000	-64.000000	780.000000	3
2246	6	0	3	4	80.854500	0.516828	80.721430	0.438205	69.040583	39.853054	-1000.000000	-1000.000000	-64.000000	-1000.000000	-64.000000	780.000000	3
2247	7	0	3	4	80.770974	1.475757	81.030074	0.464379	67.184457	44.484281	-1000.000000	-1000.000000	-64.000000	-1000.000000	-64.000000	780.000000	3
2304	0	1	0	4	79.886159	1.417662	80.002058	0.209581	31.277529	20.004527	-1000.000000	-1000.000000	-64.000000	-1000.000000	-64.000000	780.000000	3
2305	1	1	0	4	80.306511	1.434050	80.362984	0.207216	41.256921	25.668295	-1000.000000	-1000.000000	-64.000000	-1000.000000	-64.000000	780.000000	3
2306	2	1	0	4	81.068634	1.161022	80.934515	0.199947	28.606627	18.398530	-1000.000000	-1000.000000	-64.000000	-1000.000000	-64.000000	780.000000	3
2307	3	1	0	4	81.494348	1.105910	81.663655	0.235314	37.583438	22.327566	-1000.000000	-1000.000000	-64.000000	-1000.000000	-64.000000	780.000000	3
2308	4	1	0	4	80.512266	1.108100	80.070402	0.233359	46.104545	40.062775	-1000.000000	-1000.000000	-64.000000	-1000.000000	-64.000000	780.000000	3
2309	5	1	0	4	80.503278	1.349986	80.433276	0.188469	57.848773	37.335916	-1000.000000	-1000.000000	-64.000000	-1000.000000	-64.000000	780.000000	3
2310	6	1	0	4	81.491900	1.157160	81.520030	0.217748	60.189201	31.249897	-1000.000000	-1000.000000	-64.000000	-1000.000000	-64.000000	780.000000	3
2311	7	1	0	4	81.522028	1.102056	81.900361	0.211320	64.702185	36.616924	-1000.000000	-1000.000000	-64.000000	-1000.000000	-64.000000	780.000000	3
2368	0	1	1	4	80.622861	0.868688	80.059310	0.203303	28.475638	26.569799	-1000.000000	-1000.000000	-64.000000	-1000.000000	-64.000000	780.000000	3
2369	1	1	1	4	79.609541	1.546588	79.689654	0.209020	41.633749	29.130364	-1000.000000	-1000.000000	-64.000000	-1000.000000	-64.000000	780.000000	3
2370	2	1	1	4	80.600341	1.242044	80.572022	0.184069	32.560224	20.158650	-1000.000000	-1000.000000	-64.000000	-1000.000000	-64.000000	780.000000	3
2371	3	1	1	4	80.945831	0.842811	80.732419	0.224724	37.190443	24.897044	-1000.000000	-1000.000000	-64.000000	-1000.000000	-64.000000	780.000000	3
2372	4	1	1	4	81.111295	1.472121	81.098189	0.196772	43.705794	28.848351	-1000.000000	-1000.000000	-64.000000	-1000.000000	-64.000000	780.000000	3
2373	5	1	1	4	80.078977	1.685185	80.237353	0.203403	55.695961	40.061523	-1000.000000	-1000.000000	-64.000000	-1000.000000	-64.000000	780.000000	3
2374	6	1	1	4	80.015943	1.440504	79.878941	0.158760	56.977385	28.690219	-1000.000000	-1000.000000	-64.000000	-1000.000000	-64.000000	780.000000	3
2375	7	1	1	4	85.521822	1.118602	85.701849	0.200368	65.049401	47.086288	-1000.000000	-1000.000000	-64.000000	-1000.000000	-64.000000	780.000000	3
2432	0	1	2	4	81.153495	1.045002	81.022603	0.216139	28.034863	18.325470	-1000.000000	-1000.000000	-64.000000	-1000.000000	-64.000000	780.000000	3
2433	1	1	2	4	80.834119	1.331341	80.907528	0.298753	40.783470	40.983560	-1000.000000	-1000.000000	-64.000000	-1000.000000	-64.000000	780.000000	3
2434	2	1	2	4	82.042108	1.155115	82.255876	0.236473	29.105061	20.232908	-1000.000000	-1000.000000	-64.000000	-1000.000000	-64.000000	780.000000	3
2435	3	1	2	4	80.090546	1.388617	80.118429	0.257784	36.936563	22.732795	-1000.000000	-1000.000000	-64.000000	-1000.000000	-64.000000	780.000000	3
2436	4	1	2	4	77.938368	1.419443	78.070861	0.213125	48.674326	28.496367	-1000.000000	-1000.000000	-64.000000	-1000.000000	-64.000000	780.000000	3
2437	5	1	2	4	80.805665	0.494752	80.502649	0.258584	53.769627	28.720851	-1000.000000	-1000.000000	-64.000000	-1000.000000	-64.000000	780.000000	3
2438	6	1	2	4	79.437964	2.020681	79.541262	0.233516	61.762433	39.114805	-1000.000000	-1000.000000	-64.000000	-1000.000000	-64.000000	780.000000	3
2439	7	1	2	4	80.824373	0.503754	80.582847	0.268709	59.556708	31.313952	-1000.000000	-1000.000000	-64.000000	-1000.000000	-64.000000	780.000000	3
2496	0	1	3	4	80.506463	1.296344	80.324334	0.192346	29.144633	19.061747	-1000.000000	-1000.000000	-64.000000	-1000.000000	-64.000000	780.000000	3
2497	1	1	3	4	80.803487	0.874083	80.486526	0.191386	36.603753	28.047511	-1000.000000	-1000.000000	-64.000000	-1000.000000	-64.000000	780.000000	3
2498	2	1	3	4	80.603237	1.237072	80.570345	0.185533	28.858444	20.696605	-1000.000000	-1000.000000	-64.000000	-1000.000000	-64.000000	780.000000	3
2499	3	1	3	4	80.803823	0.493827	80.437698	0.190034	43.699141	27.728862	-1000.000000	-1000.000000	-64.000000	-1000.000000	-64.000000	780.000000	3
2500	4	1	3	4	78.491207	1.521198	78.679284	0.222760	46.273668	24.415360	-1000.000000	-1000.000000	-64.000000	-1000.000000	-64.000000	780.000000	3
2501	5	1	3	4	81.374281	1.412591	81.533790	0.231884	54.281016	32.951998	-1000.000000	-1000.000000	-64.000000	-1000.000000	-64.000000	780.000000	3
2502	6	1	3	4	80.726881	1.397175	80.757690	0.189559	58.415973	38.454134	-1000.000000	-1000.000000	-64.000000	-1000.000000	-64.000000	780.000000	3
2503	7	1	3	4	79.302328	1.487458	79.683594	0.180356	61.078326	39.756301	-1000.000000	-1000.000000	-64.000000	-1000.000000	-64.000000	780.000000	3
2560	0	0	0	5	80.157886	1.605183	80.462783	0.421520	36.368596	20.653146	-1000.000000	-1000.000000	-64.000000	-1000.000000	-64.000000	780.000000	3
2561	1	0	0	5	80.500062	1.241071	80.630175	0.315318	41.246069	24.377542	-1000.000000	-1000.000000	-64.000000	-1000.000000	-64.000000	780.000000	3
2562	2	0	0	5	79.761911	1.622210	80.148618	0.364292	42.765220	24.768417	-1000.000000	-1000.000000	-64.000000	-1000.000000	-64.000000	780.000000	3
2563	3	0	0	5	80.573824	0.572411	80.136192	0.413504	38.156626	22.250323	-1000.000000	-1000.000000	-64.000000	-1000.000000	-64.000000	780.000000	3
2564	4	0	0	5	80.813122	1.942894	81.498037	0.425244	71.481834	37.965195	-1000.000000	-1000.000000	-64.000000	-1000.000000	-64.000000	780.000000	3
2565	5	0	0	5	80.885669	1.331542	81.274099	0.446330	65.374683	35.847320	-1000.000000	-1000.000000	-64.000000	-1000.000000	-64.000000	780.000000	3
2566	6	0	0	5	80.764238	1.234596	80.818144	0.395777	65.930148	37.897480	-1000.000000	-1000.000000	-64.000000	-1000.000000	-64.000000	780.000000	3
2567	7	0	0	5	79.372553	1.300077	79.907869	0.312335	81.130335	49.621900	-1000.000000	-1000.000000	-64.000000	-1000.000000	-64.000000	780.000000	3
2624	0	0	1	5	80.136798	1.547818	80.538784	0.215907	36.558286	20.475019	-1000.000000	-1000.000000	-64.000000	-1000.000000	-64.000000	780.000000	3
2625	1	0	1	5	89.660023	1.453365	89.966190	0.291172	46.746144	28.465400	-1000.000000	-1000.000000	-64.000000	-1000.000000	-64.000000	780.000000	3
2626	2	0	1	5	86.390368	1.314671	86.804841	0.204584	36.605925	21.675674	-1000.000000	-1000.000000	-64.000000	-1000.000000	-64.000000	780.000000	3
2627	3	0	1	5	81.138868	1.566218	81.510272	0.224683	48.160472	28.723298	-1000.000000	-1000.000000	-64.000000	-1000.000000	-64.000000	780.000000	3
2628	4	0	1	5	81.856845	1.320848	82.327002	0.292043	62.476290	30.093805	-1000.000000	-1000.000000	-64.000000	-1000.000000	-64.000000	780.000000	3
2629	5	0	1	5	73.155066	0.849861	73.151363	0.311387	67.045157	42.212310	-1000.000000	-1000.000000	-64.000000	-1000.000000	-64.000000	780.000000	3
2630	6	0	1	5	79.330959	2.095261	79.476534	0.442460	75.603418	39.602954	-1000.000000	-1000.000000	-64.000000	-1000.000000	-64.000000	780.000000	3
2631	7	0	1	5	81.066197	0.830955	81.001830	0.311035	79.942143	47.183787	-1000.000000	-1000.000000	-64.000000	-1000.000000	-64.000000	780.000000	3
2688	0	0	2	5	80.160797	1.681446	80.229425	0.202230	41.000391	23.096943	-1000.000000	-1000.000000	-64.000000	-1000.000000	-64.000000	780.000000	3
2689	1	0	2	5	80.160991	1.637330	80.549914	0.272823	40.478575	23.806902	-1000.000000	-1000.000000	-64.000000	-1000.000000	-64.000000	780.000000	3
2690	2	0	2	5	80.248938	1.305196	80.318083	0.157987	38.481352	21.445721	-1000.000000	-1000.000000	-64.000000	-1000.000000	-64.000000	780.000000	3
2691	3	0	2	5	79.522718	1.876549	79.688587	0.228391	47.154015	27.489313	-1000.000000	-1000.000000	-64.000000	-1000.000000	-64.000000	780.000000	3
2692	4	0	2	5	80.377749	1.927467	80.785096	0.215584	76.874268	42.202487	-1000.000000	-1000.000000	-64.000000	-1000.000000	-64.000000	780.000000	3
2693	5	0	2	5	79.109964	1.856473	79.527616	0.234642	82.945910	47.961654	-1000.000000	-1000.000000	-64.000000	-1000.000000	-64.000000	780.000000	3
2694	6	0	2	5	80.469183	0.637872	79.909129	0.260105	68.813075	35.293098	-1000.000000	-1000.000000	-64.000000	-1000.000000	-64.000000	780.000000	3
2695	7	0	2	5	81.168557	1.088682	81.480007	0.308564	99.139279	64.153687	-1000.000000	-1000.000000	-64.000000	-1000.000000	-64.000000	780.000000	3
2752	0	0	3	5	58.851004	1.184474	59.369087	0.213188	34.557984	21.625146	-1000.000000	-1000.000000	-64.000000	-1000.000000	-64.000000	780.000000	3
2753	1	0	3	5	81.963655	1.025632	82.199159	0.223048	33.581427	19.489943	-1000.000000	-1000.000000	-64.000000	-1000.000000	-64.000000	780.000000	3
2754	2	0	3	5	80.532004	1.295901	80.497046	0.170642	35.314901	19.919997	-1000.000000	-1000.000000	-64.000000	-1000.000000	-64.000000	780.000000	3
2755	3	0	3	5	85.535737	1.079266	85.475891	0.216128	43.096060	25.370136	-1000.000000	-1000.000000	-64.000000	-1000.000000	-64.000000	780.000000	3
2756	4	0	3	5	82.259012	1.925439	82.840709	0.221317	74.078843	42.110278	-1000.000000	-1000.000000	-64.000000	-1000.000000	-64.000000	780.000000	3
2757	5	0	3	5	82.462921	1.132284	83.010406	0.188557	61.095195	33.726249	-1000.000000	-1000.000000	-64.000000	-1000.000000	-64.000000	780.000000	3
2758	6	0	3	5	81.241675	1.064007	81.274557	0.196013	70.900485	42.717210	-1000.000000	-1000.000000	-64.000000	-1000.000000	-64.000000	780.000000	3
2759	7	0	3	5	78.064212	1.957277	78.403088	0.303740	103.181709	72.261099	-1000.000000	-1000.000000	-64.000000	-1000.000000	-64.000000	780.000000	3
2816	0	1	0	5	80.605913	1.600389	80.914160	0.247480	39.032327	22.942276	-1000.000000	-1000.000000	-64.000000	-1000.000000	-64.000000	780.000000	3
2817	1	1	0	5	78.154062	1.433496	78.605070	0.240520	41.412024	26.752943	-1000.000000	-1000.000000	-64.000000	-1000.000000	-64.000000	780.000000	3
2818	2	1	0	5	80.656244	1.251330	80.600457	0.231194	41.616297	24.504909	-1000.000000	-1000.000000	-64.000000	-1000.000000	-64.000000	780.000000	3
2819	3	1	0	5	80.803066	0.493445	80.285875	0.211096	45.522010	28.869706	-1000.000000	-1000.000000	-64.000000	-1000.000000	-64.000000	780.000000	3
2820	4	1	0	5	81.267281	1.278649	81.331885	0.232634	60.383448	31.128576	-1000.000000	-1000.000000	-64.000000	-1000.000000	-64.000000	780.000000	3
2821	5	1	0	5	81.358905	0.971754	81.565199	0.224997	65.890513	31.528849	-1000.000000	-1000.000000	-64.000000	-1000.000000	-64.000000	780.000000	3
2822	6	1	0	5	80.810783	0.497284	80.640938	0.245850	87.843132	50.587501	-1000.000000	-1000.000000	-64.000000	-1000.000000	-64.000000	780.000000	3
2823	7	1	0	5	80.944789	1.336419	80.847036	0.220666	84.009250	51.619504	-1000.000000	-1000.000000	-64.000000	-1000.000000	-64.000000	780.000000	3
2880	0	1	1	5	80.979723	1.284911	81.095369	0.218883	38.872952	21.651634	-1000.000000	-1000.000000	-64.000000	-1000.000000	-64.000000	780.000000	3
2881	1	1	1	5	80.321518	1.662893	80.709853	0.207642	45.343051	26.118855	-1000.000000	-1000.000000	-64.000000	-1000.000000	-64.000000	780.000000	3
2882	2	1	1	5	80.049149	1.286728	80.134705	0.161995	36.692752	20.173798	-1000.000000	-1000.000000	-64.000000	-1000.000000	-64.000000	780.000000	3
2883	3	1	1	5	80.803428	0.493628	80.355665	0.231068	47.766898	27.262408	-1000.000000	-1000.000000	-64.000000	-1000.000000	-64.000000	780.000000	3
2884	4	1	1	5	67.541246	1.525345	67.802897	0.191296	57.108284	26.657283	-1000.000000	-1000.000000	-64.000000	-1000.000000	-64.000000	780.000000	3
2885	5	1	1	5	80.783093	0.693400	80.645054	0.189275	68.486840	36.438950	-1000.000000	-1000.000000	-64.000000	-1000.000000	-64.000000	780.000000	3
2886	6	1	1	5	80.906960	0.928992	80.710844	0.198804	72.061274	39.024099	-1000.000000	-1000.000000	-64.000000	-1000.000000	-64.000000	780.000000	3
2887	7	1	1	5	80.590229	0.639420	80.101201	0.153498	77.189628	45.210246	-1000.000000	-1000.000000	-64.000000	-1000.000000	-64.000000	780.000000	3
2944	0	1	2	5	77.927602	1.620570	78.157958	0.237975	37.962154	20.863712	-1000.000000	-1000.000000	-64.000000	-1000.000000	-64.000000	780.000000	3
2945	1	1	2	5	78.934560	1.601164	79.251572	0.217256	43.874271	26.381064	-1000.000000	-1000.000000	-64.000000	-1000.000000	-64.000000	780.000000	3
2946	2	1	2	5	86.728923	1.901059	87.118315	0.212943	46.088703	26.459960	-1000.000000	-1000.000000	-64.000000	-1000.000000	-64.000000	780.000000	3
2947	3	1	2	5	81.017377	1.050667	80.874976	0.208876	42.930684	26.923977	-1000.000000	-1000.000000	-64.000000	-1000.000000	-64.000000	780.000000	3
2948	4	1	2	5	80.073968	1.352171	80.168782	0.178929	60.390287	32.633755	-1000.000000	-1000.000000	-64.000000	-1000.000000	-64.000000	780.000000	3
2949	5	1	2	5	79.982165	1.786370	79.923118	0.196298	73.220245	39.822738	-1000.000000	-1000.000000	-64.000000	-1000.000000	-64.000000	780.000000	3
2950	6	1	2	5	79.919379	1.524327	79.473337	0.223633	66.101463	41.339016	-1000.000000	-1000.000000	-64.000000	-1000.000000	-64.000000	780.000000	3
2951	7	1	2	5	80.941120	0.544789	80.665790	0.210294	87.330791	50.812111	-1000.000000	-1000.000000	-64.000000	-1000.000000	-64.000000	780.000000	3
3008	0	1	3	5	81.062594	1.518934	81.070478	0.229742	41.263221	24.319978	-1000.000000	-1000.000000	-64.000000	-1000.000000	-64.000000	780.000000	3
3009	1	1	3	5	80.647046	0.639786	80.213988	0.144836	35.637078	20.359002	-1000.000000	-1000.000000	-64.000000	-1000.000000	-64.000000	780.000000	3
3010	2	1	3	5	80.784350	0.483613	80.004841	0.206081	44.413823	27.266253	-1000.000000	-1000.000000	-64.000000	-1000.000000	-64.000000	780.000000	3
3011	3	1	3	5	80.483145	1.295315	80.508862	0.172452	47.536452	28.027434	-1000.000000	-1000.000000	-64.000000	-1000.000000	-64.000000	780.000000	3
3012	4	1	3	5	79.987931	1.971894	80.356313	0.235184	76.093077	45.444248	-1000.000000	-1000.000000	-64.000000	-1000.000000	-64.000000	780.000000	3
3013	5	1	3	5	79.514878	1.828059	80.028588	0.196126	79.235218	46.544167	-1000.000000	-1000.000000	-64.000000	-1000.000000	-64.000000	780.000000	3
3014	6	1	3	5	80.351946	1.080317	80.211053	0.155522	64.288993	33.318529	-1000.000000	-1000.000000	-64.000000	-1000.000000	-64.000000	780.000000	3
3015	7	1	3	5	81.316424	1.599476	81.729292	0.223795	99.850832	66.211708	-1000.000000	-1000.000000	-64.000000	-1000.000000	-64.000000	780.000000	3
