#****************************************************************************************************************************************************************************************************************
#Calib info:
 	 RunNr: 208	 start time:0x7ffc4df16fe0	 RunNrPed: 206	 start time:0x7ffc4df16ff0	 RunNrMip: 208	 start time:0x7ffc4df17000	 Vop: 45	 Vov: 6.7	 BC calib set: 1
#****************************************************************************************************************************************************************************************************************
#cellID	layer	row	column	module	ped mean H	ped sig H	ped mean L	ped sig L	mip Scale H	mip Width H	mip Scale L	mip Width L	LG-HG	HG-LG	BC
#****************************************************************************************************************************************************************************************************************
0	0	0	0	0	80.675751	1.450974	80.799344	0.283522	38.012188	21.281372	-1000.000000	-1000.000000	-64.000000	-1000.000000	-64.000000	780.000000	3
1	1	0	0	0	93.455827	1.049735	93.402035	0.316519	36.919957	22.747329	-1000.000000	-1000.000000	-64.000000	-1000.000000	-64.000000	780.000000	3
2	2	0	0	0	82.228620	1.480454	82.490767	0.301793	43.319384	24.852017	-1000.000000	-1000.000000	-64.000000	-1000.000000	-64.000000	780.000000	3
3	3	0	0	0	81.088319	1.150456	80.989857	0.284178	51.421385	28.740148	-1000.000000	-1000.000000	-64.000000	-1000.000000	-64.000000	780.000000	3
4	4	0	0	0	82.855713	1.884506	83.262469	0.292871	70.824717	37.975201	-1000.000000	-1000.000000	-64.000000	-1000.000000	-64.000000	780.000000	3
5	5	0	0	0	82.132340	1.376488	82.652411	0.303116	72.590797	41.014733	-1000.000000	-1000.000000	-64.000000	-1000.000000	-64.000000	780.000000	3
6	6	0	0	0	86.122698	1.236051	86.685936	0.295792	89.962447	56.016375	-1000.000000	-1000.000000	-64.000000	-1000.000000	-64.000000	780.000000	3
7	7	0	0	0	82.495042	1.335311	82.765825	0.301373	102.218960	66.308107	-1000.000000	-1000.000000	-64.000000	-1000.000000	-64.000000	780.000000	3
64	0	0	1	0	82.429964	1.560997	82.778714	0.294458	39.646833	21.520792	-1000.000000	-1000.000000	-64.000000	-1000.000000	-64.000000	780.000000	3
65	1	0	1	0	80.213641	1.418182	80.450808	0.263279	38.806608	22.385569	-1000.000000	-1000.000000	-64.000000	-1000.000000	-64.000000	780.000000	3
66	2	0	1	0	80.916056	0.892660	80.816542	0.271216	45.384538	25.364106	-1000.000000	-1000.000000	-64.000000	-1000.000000	-64.000000	780.000000	3
67	3	0	1	0	82.584959	1.130820	82.858984	0.318716	43.876019	25.369856	-1000.000000	-1000.000000	-64.000000	-1000.000000	-64.000000	780.000000	3
68	4	0	1	0	85.716805	1.169128	85.884800	0.307078	59.947673	32.768843	-1000.000000	-1000.000000	-64.000000	-1000.000000	-64.000000	780.000000	3
69	5	0	1	0	84.149614	1.684872	84.066161	0.287829	80.460767	43.681117	-1000.000000	-1000.000000	-64.000000	-1000.000000	-64.000000	780.000000	3
70	6	0	1	0	84.712784	0.810384	84.169311	0.199262	82.828318	48.509098	-1000.000000	-1000.000000	-64.000000	-1000.000000	-64.000000	780.000000	3
71	7	0	1	0	67.392668	1.577602	67.379424	0.267547	82.669455	43.729720	-1000.000000	-1000.000000	-64.000000	-1000.000000	-64.000000	780.000000	3
128	0	0	2	0	81.562402	1.066203	81.632359	0.304624	39.326660	21.169529	-1000.000000	-1000.000000	-64.000000	-1000.000000	-64.000000	780.000000	3
129	1	0	2	0	79.786292	1.401909	79.874009	0.246426	38.397375	21.665378	-1000.000000	-1000.000000	-64.000000	-1000.000000	-64.000000	780.000000	3
130	2	0	2	0	81.839925	1.125250	81.950197	0.309756	42.281990	24.617799	-1000.000000	-1000.000000	-64.000000	-1000.000000	-64.000000	780.000000	3
131	3	0	2	0	83.314512	1.744198	83.291946	0.289305	49.408518	28.142972	-1000.000000	-1000.000000	-64.000000	-1000.000000	-64.000000	780.000000	3
132	4	0	2	0	84.758428	1.230521	84.444326	0.266374	65.089125	35.417452	-1000.000000	-1000.000000	-64.000000	-1000.000000	-64.000000	780.000000	3
133	5	0	2	0	84.267046	1.409810	84.117602	0.220906	75.807562	41.067075	-1000.000000	-1000.000000	-64.000000	-1000.000000	-64.000000	780.000000	3
134	6	0	2	0	84.585213	1.266603	84.433458	0.230923	85.153958	44.000762	-1000.000000	-1000.000000	-64.000000	-1000.000000	-64.000000	780.000000	3
135	7	0	2	0	84.704764	0.852829	84.254881	0.207588	87.483866	54.390001	-1000.000000	-1000.000000	-64.000000	-1000.000000	-64.000000	780.000000	3
192	0	0	3	0	81.246238	1.354600	81.561546	0.306179	37.709625	20.756141	-1000.000000	-1000.000000	-64.000000	-1000.000000	-64.000000	780.000000	3
193	1	0	3	0	82.367099	1.167432	82.925450	0.294622	38.695934	22.372680	-1000.000000	-1000.000000	-64.000000	-1000.000000	-64.000000	780.000000	3
194	2	0	3	0	83.940100	1.655512	83.675984	0.270692	47.548884	26.901187	-1000.000000	-1000.000000	-64.000000	-1000.000000	-64.000000	780.000000	3
195	3	0	3	0	82.562709	1.372125	83.000648	0.312210	42.819592	24.307332	-1000.000000	-1000.000000	-64.000000	-1000.000000	-64.000000	780.000000	3
196	4	0	3	0	85.269513	1.006260	85.161913	0.269743	64.036303	35.508651	-1000.000000	-1000.000000	-64.000000	-1000.000000	-64.000000	780.000000	3
197	5	0	3	0	81.118201	0.876214	80.973345	0.289171	73.707328	37.402228	-1000.000000	-1000.000000	-64.000000	-1000.000000	-64.000000	780.000000	3
198	6	0	3	0	85.271484	1.081563	85.239704	0.308019	87.232809	46.684287	-1000.000000	-1000.000000	-64.000000	-1000.000000	-64.000000	780.000000	3
199	7	0	3	0	84.566006	1.173151	84.300336	0.265790	95.863549	64.700105	-1000.000000	-1000.000000	-64.000000	-1000.000000	-64.000000	780.000000	3
256	0	1	0	0	82.943829	1.183351	83.450122	0.266380	31.640545	17.849712	-1000.000000	-1000.000000	-64.000000	-1000.000000	-64.000000	780.000000	3
257	1	1	0	0	85.645541	1.015710	85.883465	0.306001	38.997703	23.095346	-1000.000000	-1000.000000	-64.000000	-1000.000000	-64.000000	780.000000	3
258	2	1	0	0	82.063212	1.078522	82.346320	0.317704	45.309111	26.045089	-1000.000000	-1000.000000	-64.000000	-1000.000000	-64.000000	780.000000	3
259	3	1	0	0	81.845006	1.050449	82.164846	0.312204	46.824940	26.042453	-1000.000000	-1000.000000	-64.000000	-1000.000000	-64.000000	780.000000	3
260	4	1	0	0	82.429421	1.784368	82.652944	0.314485	69.694160	35.472869	-1000.000000	-1000.000000	-64.000000	-1000.000000	-64.000000	780.000000	3
261	5	1	0	0	85.739832	1.258594	85.830537	0.306527	75.085503	44.165111	-1000.000000	-1000.000000	-64.000000	-1000.000000	-64.000000	780.000000	3
262	6	1	0	0	85.824869	1.101006	86.080384	0.307058	87.646970	46.298322	-1000.000000	-1000.000000	-64.000000	-1000.000000	-64.000000	780.000000	3
263	7	1	0	0	85.435658	1.063988	85.528409	0.308052	104.488348	56.854313	-1000.000000	-1000.000000	-64.000000	-1000.000000	-64.000000	780.000000	3
320	0	1	1	0	84.177258	1.563717	84.014910	0.261641	37.003325	20.213767	-1000.000000	-1000.000000	-64.000000	-1000.000000	-64.000000	780.000000	3
321	1	1	1	0	82.483532	1.297941	83.048315	0.287674	39.314680	23.466395	-1000.000000	-1000.000000	-64.000000	-1000.000000	-64.000000	780.000000	3
322	2	1	1	0	83.573550	1.556347	83.778829	0.236557	45.755495	26.108975	-1000.000000	-1000.000000	-64.000000	-1000.000000	-64.000000	780.000000	3
323	3	1	1	0	82.493132	1.562872	82.821232	0.296388	46.538789	26.563202	-1000.000000	-1000.000000	-64.000000	-1000.000000	-64.000000	780.000000	3
324	4	1	1	0	83.396959	1.852664	83.636631	0.282116	66.926603	36.235669	-1000.000000	-1000.000000	-64.000000	-1000.000000	-64.000000	780.000000	3
325	5	1	1	0	81.934071	1.447753	82.242294	0.309141	74.444312	41.778031	-1000.000000	-1000.000000	-64.000000	-1000.000000	-64.000000	780.000000	3
326	6	1	1	0	85.725153	0.994510	86.052357	0.302116	80.434145	41.767658	-1000.000000	-1000.000000	-64.000000	-1000.000000	-64.000000	780.000000	3
327	7	1	1	0	85.011921	1.001419	84.856696	0.277143	96.861692	53.161300	-1000.000000	-1000.000000	-64.000000	-1000.000000	-64.000000	780.000000	3
384	0	1	2	0	90.172220	1.412524	90.667976	0.305722	41.821216	23.364368	-1000.000000	-1000.000000	-64.000000	-1000.000000	-64.000000	780.000000	3
385	1	1	2	0	82.458412	1.291099	82.872178	0.301634	40.695761	23.634409	-1000.000000	-1000.000000	-64.000000	-1000.000000	-64.000000	780.000000	3
386	2	1	2	0	81.823765	1.173688	81.987414	0.307112	46.114466	25.881332	-1000.000000	-1000.000000	-64.000000	-1000.000000	-64.000000	780.000000	3
387	3	1	2	0	66.245770	0.837151	66.519564	0.300594	45.250155	25.505175	-1000.000000	-1000.000000	-64.000000	-1000.000000	-64.000000	780.000000	3
388	4	1	2	0	85.359788	1.128816	85.211104	0.289354	64.394289	35.431542	-1000.000000	-1000.000000	-64.000000	-1000.000000	-64.000000	780.000000	3
389	5	1	2	0	76.889719	0.879752	76.435822	0.248368	68.577732	33.977034	-1000.000000	-1000.000000	-64.000000	-1000.000000	-64.000000	780.000000	3
390	6	1	2	0	86.286139	1.661121	86.490848	0.311274	91.681153	48.443498	-1000.000000	-1000.000000	-64.000000	-1000.000000	-64.000000	780.000000	3
391	7	1	2	0	85.732006	0.889600	85.992488	0.306677	92.889552	57.069487	-1000.000000	-1000.000000	-64.000000	-1000.000000	-64.000000	780.000000	3
448	0	1	3	0	98.535220	1.658820	98.767617	0.303713	41.225924	22.266063	-1000.000000	-1000.000000	-64.000000	-1000.000000	-64.000000	780.000000	3
449	1	1	3	0	81.774136	1.033785	82.239243	0.307734	40.772008	23.868450	-1000.000000	-1000.000000	-64.000000	-1000.000000	-64.000000	780.000000	3
450	2	1	3	0	82.785900	1.463222	83.154439	0.281094	44.800214	25.954079	-1000.000000	-1000.000000	-64.000000	-1000.000000	-64.000000	780.000000	3
451	3	1	3	0	82.781966	1.481008	83.272155	0.284494	43.258626	24.481447	-1000.000000	-1000.000000	-64.000000	-1000.000000	-64.000000	780.000000	3
452	4	1	3	0	84.662876	1.624360	84.787904	0.296679	65.866097	35.680010	-1000.000000	-1000.000000	-64.000000	-1000.000000	-64.000000	780.000000	3
453	5	1	3	0	69.207537	0.997645	68.929645	0.283430	74.408195	36.781153	-1000.000000	-1000.000000	-64.000000	-1000.000000	-64.000000	780.000000	3
454	6	1	3	0	84.455500	1.456530	84.313873	0.271121	83.732069	52.577956	-1000.000000	-1000.000000	-64.000000	-1000.000000	-64.000000	780.000000	3
455	7	1	3	0	86.293618	1.125489	86.733145	0.291255	103.469269	3.996667	-1000.000000	-1000.000000	-64.000000	-1000.000000	-64.000000	780.000000	3
512	0	0	0	1	79.964326	1.241657	80.064979	0.203510	36.136060	19.659292	-1000.000000	-1000.000000	-64.000000	-1000.000000	-64.000000	270.000000	3
513	1	0	0	1	95.440701	0.592269	96.072987	0.202088	39.906419	25.236372	-1000.000000	-1000.000000	-64.000000	-1000.000000	-64.000000	270.000000	3
514	2	0	0	1	81.434968	1.134224	81.371072	0.292874	43.041297	24.290318	-1000.000000	-1000.000000	-64.000000	-1000.000000	-64.000000	270.000000	3
515	3	0	0	1	81.187017	0.942399	80.966367	0.287805	46.720379	25.186635	-1000.000000	-1000.000000	-64.000000	-1000.000000	-64.000000	780.000000	3
516	4	0	0	1	80.627289	1.292218	80.607344	0.228312	56.148627	27.675827	-1000.000000	-1000.000000	-64.000000	-1000.000000	-64.000000	270.000000	3
517	5	0	0	1	83.967359	1.520000	84.079812	0.220364	61.068660	33.417275	-1000.000000	-1000.000000	-64.000000	-1000.000000	-64.000000	780.000000	3
518	6	0	0	1	84.927852	1.241118	84.675297	0.256544	73.771119	36.550658	-1000.000000	-1000.000000	-64.000000	-1000.000000	-64.000000	780.000000	3
519	7	0	0	1	84.831343	1.380342	84.831452	0.283973	88.876158	57.317747	-1000.000000	-1000.000000	-64.000000	-1000.000000	-64.000000	780.000000	3
576	0	0	1	1	88.444488	1.165888	88.375113	0.224012	37.417095	20.644302	-1000.000000	-1000.000000	-64.000000	-1000.000000	-64.000000	270.000000	3
577	1	0	1	1	80.869744	1.194811	80.833626	0.271082	46.069269	25.826367	-1000.000000	-1000.000000	-64.000000	-1000.000000	-64.000000	270.000000	3
578	2	0	1	1	80.885308	0.992201	80.774062	0.280092	43.020922	23.624953	-1000.000000	-1000.000000	-64.000000	-1000.000000	-64.000000	780.000000	3
579	3	0	1	1	81.386109	1.104509	81.178424	0.287818	43.818968	24.850091	-1000.000000	-1000.000000	-64.000000	-1000.000000	-64.000000	270.000000	3
580	4	0	1	1	83.828281	1.510680	83.898757	0.241562	59.390676	30.867491	-1000.000000	-1000.000000	-64.000000	-1000.000000	-64.000000	780.000000	3
581	5	0	1	1	86.749034	1.741218	86.904324	0.293748	65.160956	34.170609	-1000.000000	-1000.000000	-64.000000	-1000.000000	-64.000000	780.000000	3
582	6	0	1	1	84.016476	1.475575	83.830575	0.212240	73.250432	42.201529	-1000.000000	-1000.000000	-64.000000	-1000.000000	-64.000000	270.000000	3
583	7	0	1	1	85.264185	0.901659	84.966557	0.282558	92.112547	47.055725	-1000.000000	-1000.000000	-64.000000	-1000.000000	-64.000000	780.000000	3
640	0	0	2	1	88.827084	0.881826	88.624236	0.236157	38.570561	21.424622	-1000.000000	-1000.000000	-64.000000	-1000.000000	-64.000000	270.000000	3
641	1	0	2	1	81.504493	1.108372	81.487721	0.303782	39.254340	22.571242	-1000.000000	-1000.000000	-64.000000	-1000.000000	-64.000000	270.000000	3
642	2	0	2	1	82.370156	1.151084	82.774634	0.314764	42.675183	23.707277	-1000.000000	-1000.000000	-64.000000	-1000.000000	-64.000000	780.000000	3
643	3	0	2	1	82.684883	1.502533	82.932085	0.283149	42.175065	28.345300	-1000.000000	-1000.000000	-64.000000	-1000.000000	-64.000000	270.000000	3
644	4	0	2	1	83.583597	1.561545	83.810937	0.227115	63.834220	32.106739	-1000.000000	-1000.000000	-64.000000	-1000.000000	-64.000000	270.000000	3
645	5	0	2	1	83.212240	1.494100	83.408061	0.245585	65.031753	36.072846	-1000.000000	-1000.000000	-64.000000	-1000.000000	-64.000000	270.000000	3
646	6	0	2	1	83.974929	1.355076	83.788247	0.214127	72.974031	41.078933	-1000.000000	-1000.000000	-64.000000	-1000.000000	-64.000000	780.000000	3
647	7	0	2	1	82.971084	1.586682	83.273986	0.244860	87.373024	52.434101	-1000.000000	-1000.000000	-64.000000	-1000.000000	-64.000000	270.000000	3
704	0	0	3	1	81.486705	1.176214	81.413400	0.296238	35.872312	19.303832	-1000.000000	-1000.000000	-64.000000	-1000.000000	-64.000000	780.000000	3
705	1	0	3	1	100.489180	1.336662	100.399863	0.256454	45.415930	25.369990	-1000.000000	-1000.000000	-64.000000	-1000.000000	-64.000000	780.000000	3
706	2	0	3	1	82.112123	1.002492	82.256937	0.335858	39.507156	22.259968	-1000.000000	-1000.000000	-64.000000	-1000.000000	-64.000000	780.000000	3
707	3	0	3	1	82.232160	1.028297	82.395435	0.336786	38.164024	21.345625	-1000.000000	-1000.000000	-64.000000	-1000.000000	-64.000000	780.000000	3
708	4	0	3	1	81.863630	1.188261	82.147839	0.306238	60.581196	31.007118	-1000.000000	-1000.000000	-64.000000	-1000.000000	-64.000000	270.000000	3
709	5	0	3	1	83.684814	1.321734	84.031155	0.223042	65.911014	36.651404	-1000.000000	-1000.000000	-64.000000	-1000.000000	-64.000000	780.000000	3
710	6	0	3	1	84.323886	1.306533	84.216290	0.222128	75.015378	42.499201	-1000.000000	-1000.000000	-64.000000	-1000.000000	-64.000000	780.000000	3
711	7	0	3	1	83.840232	1.627566	83.654172	0.214909	92.305236	47.976517	-1000.000000	-1000.000000	-64.000000	-1000.000000	-64.000000	270.000000	3
768	0	1	0	1	80.364851	1.243859	80.364013	0.211913	37.879813	20.468199	-1000.000000	-1000.000000	-64.000000	-1000.000000	-64.000000	270.000000	3
769	1	1	0	1	81.653219	1.233533	81.655163	0.303051	40.828633	23.403428	-1000.000000	-1000.000000	-64.000000	-1000.000000	-64.000000	270.000000	3
770	2	1	0	1	85.783081	1.017158	85.899748	0.307511	43.436050	24.099592	-1000.000000	-1000.000000	-64.000000	-1000.000000	-64.000000	270.000000	3
771	3	1	0	1	81.839072	1.008653	82.125455	0.316642	48.546638	26.986795	-1000.000000	-1000.000000	-64.000000	-1000.000000	-64.000000	780.000000	3
772	4	1	0	1	86.189999	1.237292	86.439902	0.301848	59.115338	31.351740	-1000.000000	-1000.000000	-64.000000	-1000.000000	-64.000000	780.000000	3
773	5	1	0	1	84.847940	0.896309	84.381673	0.244978	64.538271	34.057549	-1000.000000	-1000.000000	-64.000000	-1000.000000	-64.000000	780.000000	3
774	6	1	0	1	84.513887	1.068303	83.897117	0.194405	72.278604	40.100015	-1000.000000	-1000.000000	-64.000000	-1000.000000	-64.000000	270.000000	3
775	7	1	0	1	82.747040	1.277132	83.233450	0.261534	90.444095	47.411591	-1000.000000	-1000.000000	-64.000000	-1000.000000	-64.000000	780.000000	3
832	0	1	1	1	82.219038	1.203042	82.698284	0.264327	40.274270	21.271759	-1000.000000	-1000.000000	-64.000000	-1000.000000	-64.000000	270.000000	3
833	1	1	1	1	82.133549	1.049982	82.376559	0.280864	41.195726	23.201064	-1000.000000	-1000.000000	-64.000000	-1000.000000	-64.000000	270.000000	3
834	2	1	1	1	82.179116	1.061043	82.385597	0.288279	41.105752	23.011117	-1000.000000	-1000.000000	-64.000000	-1000.000000	-64.000000	780.000000	3
835	3	1	1	1	81.903092	1.062194	82.355281	0.287652	43.349073	24.292538	-1000.000000	-1000.000000	-64.000000	-1000.000000	-64.000000	270.000000	3
836	4	1	1	1	65.582625	1.567146	65.691049	0.261765	60.685203	27.661433	-1000.000000	-1000.000000	-64.000000	-1000.000000	-64.000000	780.000000	3
837	5	1	1	1	86.181218	1.225428	86.625114	0.273158	65.028585	34.604148	-1000.000000	-1000.000000	-64.000000	-1000.000000	-64.000000	780.000000	3
838	6	1	1	1	84.992670	1.022277	84.557619	0.270074	71.384685	40.197087	-1000.000000	-1000.000000	-64.000000	-1000.000000	-64.000000	780.000000	3
839	7	1	1	1	84.294584	1.221684	83.994547	0.189925	91.337056	53.647543	-1000.000000	-1000.000000	-64.000000	-1000.000000	-64.000000	780.000000	3
896	0	1	2	1	81.687890	0.990205	81.978606	0.307551	38.625816	20.241598	-1000.000000	-1000.000000	-64.000000	-1000.000000	-64.000000	270.000000	3
897	1	1	2	1	80.707913	1.191844	80.662256	0.262538	42.738404	23.664033	-1000.000000	-1000.000000	-64.000000	-1000.000000	-64.000000	270.000000	3
898	2	1	2	1	81.513338	1.013690	81.396812	0.293068	44.039720	24.284573	-1000.000000	-1000.000000	-64.000000	-1000.000000	-64.000000	270.000000	3
899	3	1	2	1	82.298535	1.011265	82.594869	0.329236	44.430046	24.951875	-1000.000000	-1000.000000	-64.000000	-1000.000000	-64.000000	780.000000	3
900	4	1	2	1	83.452661	1.362855	83.663667	0.240341	54.804527	28.058692	-1000.000000	-1000.000000	-64.000000	-1000.000000	-64.000000	780.000000	3
901	5	1	2	1	84.677256	1.120311	84.292023	0.223341	65.676492	35.034704	-1000.000000	-1000.000000	-64.000000	-1000.000000	-64.000000	270.000000	3
902	6	1	2	1	86.535849	1.660986	86.828554	0.310788	80.791512	42.377569	-1000.000000	-1000.000000	-64.000000	-1000.000000	-64.000000	780.000000	3
903	7	1	2	1	83.477100	1.548681	83.574931	0.245832	90.008748	49.430849	-1000.000000	-1000.000000	-64.000000	-1000.000000	-64.000000	780.000000	3
960	0	1	3	1	83.691456	1.454544	83.762126	0.219632	39.497723	21.100181	-1000.000000	-1000.000000	-64.000000	-1000.000000	-64.000000	270.000000	3
961	1	1	3	1	82.762529	1.310810	83.321804	0.274410	40.710917	22.198070	-1000.000000	-1000.000000	-64.000000	-1000.000000	-64.000000	780.000000	3
962	2	1	3	1	80.757346	0.467970	79.980552	0.190733	43.339018	23.263737	-1000.000000	-1000.000000	-64.000000	-1000.000000	-64.000000	270.000000	3
963	3	1	3	1	81.408723	0.970137	81.344531	0.307739	43.959200	24.294239	-1000.000000	-1000.000000	-64.000000	-1000.000000	-64.000000	780.000000	3
964	4	1	3	1	83.601774	1.612136	83.709541	0.262168	56.924159	28.773340	-1000.000000	-1000.000000	-64.000000	-1000.000000	-64.000000	270.000000	3
965	5	1	3	1	84.979101	1.066433	84.780545	0.273554	67.187044	38.459368	-1000.000000	-1000.000000	-64.000000	-1000.000000	-64.000000	270.000000	3
966	6	1	3	1	84.744207	1.171818	84.552318	0.259581	79.428829	50.565916	-1000.000000	-1000.000000	-64.000000	-1000.000000	-64.000000	780.000000	3
967	7	1	3	1	-1000.000000	-1000.000000	-1000.000000	-1000.000000	-1000.000000	-1000.000000	-1000.000000	-1000.000000	-64.000000	-1000.000000	-64.000000	270.000000	0
1024	0	0	0	2	82.208612	1.188529	82.645547	0.294186	30.301695	17.300320	-1000.000000	-1000.000000	-64.000000	-1000.000000	-64.000000	270.000000	3
1025	1	0	0	2	88.569755	0.706041	88.120728	0.206247	43.118105	25.594055	-1000.000000	-1000.000000	-64.000000	-1000.000000	-64.000000	528.000000	3
1026	2	0	0	2	76.428273	1.221899	76.009991	0.267691	45.386131	28.803700	-1000.000000	-1000.000000	-64.000000	-1000.000000	-64.000000	270.000000	3
1027	3	0	0	2	81.354696	1.292286	81.387088	0.283167	52.427328	30.150918	-1000.000000	-1000.000000	-64.000000	-1000.000000	-64.000000	528.000000	3
1028	4	0	0	2	84.864396	1.542730	84.682200	0.251039	70.597826	40.460120	-1000.000000	-1000.000000	-64.000000	-1000.000000	-64.000000	270.000000	3
1029	5	0	0	2	83.977452	1.602842	84.140711	0.232969	76.193712	48.403211	-1000.000000	-1000.000000	-64.000000	-1000.000000	-64.000000	270.000000	3
1030	6	0	0	2	83.070229	1.388637	83.429454	0.233636	79.798686	53.879408	-1000.000000	-1000.000000	-64.000000	-1000.000000	-64.000000	528.000000	3
1031	7	0	0	2	79.621555	0.994704	79.721479	0.188917	-1000.000000	-1000.000000	-1000.000000	-1000.000000	-64.000000	-1000.000000	-64.000000	270.000000	0
1088	0	0	1	2	81.030056	0.891961	81.117411	0.281601	30.765513	18.836070	-1000.000000	-1000.000000	-64.000000	-1000.000000	-64.000000	270.000000	3
1089	1	0	1	2	81.197517	1.006722	80.856505	0.273327	45.673512	26.242448	-1000.000000	-1000.000000	-64.000000	-1000.000000	-64.000000	270.000000	3
1090	2	0	1	2	86.336592	1.480930	86.610166	0.297777	48.456029	30.270095	-1000.000000	-1000.000000	-64.000000	-1000.000000	-64.000000	270.000000	3
1091	3	0	1	2	83.095825	1.396861	83.519219	0.268111	52.238300	30.490305	-1000.000000	-1000.000000	-64.000000	-1000.000000	-64.000000	528.000000	3
1092	4	0	1	2	84.153187	1.520163	84.174687	0.256251	65.631207	36.556960	-1000.000000	-1000.000000	-64.000000	-1000.000000	-64.000000	528.000000	3
1093	5	0	1	2	83.063682	1.617461	83.411303	0.293431	67.959413	38.159675	-1000.000000	-1000.000000	-64.000000	-1000.000000	-64.000000	270.000000	3
1094	6	0	1	2	83.861255	1.580599	83.741344	0.242119	84.766251	51.331167	-1000.000000	-1000.000000	-64.000000	-1000.000000	-64.000000	528.000000	3
1095	7	0	1	2	84.779194	0.843462	84.262965	0.246183	103.049466	58.939718	-1000.000000	-1000.000000	-64.000000	-1000.000000	-64.000000	528.000000	3
1152	0	0	2	2	82.126502	1.240772	82.492711	0.303423	31.133718	18.367594	-1000.000000	-1000.000000	-64.000000	-1000.000000	-64.000000	270.000000	3
1153	1	0	2	2	81.942358	1.075906	82.032602	0.307228	47.749729	28.054364	-1000.000000	-1000.000000	-64.000000	-1000.000000	-64.000000	270.000000	3
1154	2	0	2	2	81.047387	1.114894	80.878051	0.274600	42.541441	24.651528	-1000.000000	-1000.000000	-64.000000	-1000.000000	-64.000000	528.000000	3
1155	3	0	2	2	83.297065	1.707165	83.583816	0.278301	51.758459	29.467643	-1000.000000	-1000.000000	-64.000000	-1000.000000	-64.000000	270.000000	3
1156	4	0	2	2	85.538386	1.212257	85.676861	0.308762	65.810277	36.701810	-1000.000000	-1000.000000	-64.000000	-1000.000000	-64.000000	528.000000	3
1157	5	0	2	2	85.913633	1.029613	86.284663	0.308799	73.267167	42.781968	-1000.000000	-1000.000000	-64.000000	-1000.000000	-64.000000	528.000000	3
1158	6	0	2	2	85.073061	0.982409	84.692152	0.272089	85.035377	43.559943	-1000.000000	-1000.000000	-64.000000	-1000.000000	-64.000000	528.000000	3
1159	7	0	2	2	85.052171	0.914311	84.790230	0.272925	100.966843	57.936410	-1000.000000	-1000.000000	-64.000000	-1000.000000	-64.000000	528.000000	3
1216	0	0	3	2	80.301513	1.238155	80.101853	0.203295	37.460252	21.662118	-1000.000000	-1000.000000	-64.000000	-1000.000000	-64.000000	270.000000	3
1217	1	0	3	2	83.612130	1.597746	83.599108	0.256753	46.047195	27.533388	-1000.000000	-1000.000000	-64.000000	-1000.000000	-64.000000	270.000000	3
1218	2	0	3	2	82.788525	1.590724	83.145210	0.278215	46.918922	28.815014	-1000.000000	-1000.000000	-64.000000	-1000.000000	-64.000000	270.000000	3
1219	3	0	3	2	81.213158	0.865728	81.133313	0.273752	51.155905	29.315743	-1000.000000	-1000.000000	-64.000000	-1000.000000	-64.000000	528.000000	3
1220	4	0	3	2	80.127202	1.482297	80.200579	0.240466	64.004585	33.834386	-1000.000000	-1000.000000	-64.000000	-1000.000000	-64.000000	528.000000	3
1221	5	0	3	2	84.944593	0.924609	84.539887	0.254438	73.699271	41.735450	-1000.000000	-1000.000000	-64.000000	-1000.000000	-64.000000	528.000000	3
1222	6	0	3	2	84.854273	0.828500	84.336829	0.252743	78.612796	47.533382	-1000.000000	-1000.000000	-64.000000	-1000.000000	-64.000000	270.000000	3
1223	7	0	3	2	81.471918	1.196503	81.553615	0.301686	95.514236	64.955719	-1000.000000	-1000.000000	-64.000000	-1000.000000	-64.000000	528.000000	3
1280	0	1	0	2	82.137402	1.045308	82.577518	0.319032	29.045438	17.366603	-1000.000000	-1000.000000	-64.000000	-1000.000000	-64.000000	528.000000	3
1281	1	1	0	2	80.499178	1.254628	80.344833	0.246229	41.083935	23.603967	-1000.000000	-1000.000000	-64.000000	-1000.000000	-64.000000	528.000000	3
1282	2	1	0	2	81.323188	1.205121	81.203516	0.293662	44.735898	26.709425	-1000.000000	-1000.000000	-64.000000	-1000.000000	-64.000000	528.000000	3
1283	3	1	0	2	84.199003	1.321701	84.061928	0.215174	45.060415	26.587515	-1000.000000	-1000.000000	-64.000000	-1000.000000	-64.000000	528.000000	3
1284	4	1	0	2	84.868003	1.147763	84.648795	0.280522	65.506254	35.081425	-1000.000000	-1000.000000	-64.000000	-1000.000000	-64.000000	270.000000	3
1285	5	1	0	2	81.102992	1.348061	81.327295	0.295127	72.674186	40.907752	-1000.000000	-1000.000000	-64.000000	-1000.000000	-64.000000	528.000000	3
1286	6	1	0	2	83.642281	1.528729	83.736577	0.238896	75.542133	44.998454	-1000.000000	-1000.000000	-64.000000	-1000.000000	-64.000000	528.000000	3
1287	7	1	0	2	80.802653	0.493237	80.347883	0.253635	95.115660	52.878817	-1000.000000	-1000.000000	-64.000000	-1000.000000	-64.000000	270.000000	3
1344	0	1	1	2	82.534215	1.416112	83.041489	0.301024	28.361701	17.634519	-1000.000000	-1000.000000	-64.000000	-1000.000000	-64.000000	270.000000	3
1345	1	1	1	2	81.550574	0.748221	81.573291	0.307209	42.791689	25.015858	-1000.000000	-1000.000000	-64.000000	-1000.000000	-64.000000	270.000000	3
1346	2	1	1	2	80.215759	1.255169	80.179415	0.229006	46.759884	26.959701	-1000.000000	-1000.000000	-64.000000	-1000.000000	-64.000000	528.000000	3
1347	3	1	1	2	82.855018	1.741075	82.799649	0.291815	48.512656	27.805524	-1000.000000	-1000.000000	-64.000000	-1000.000000	-64.000000	270.000000	3
1348	4	1	1	2	82.589872	1.331654	82.973803	0.291875	65.144461	34.767736	-1000.000000	-1000.000000	-64.000000	-1000.000000	-64.000000	270.000000	3
1349	5	1	1	2	82.135345	1.210010	82.311658	0.308128	75.636146	44.667314	-1000.000000	-1000.000000	-64.000000	-1000.000000	-64.000000	270.000000	3
1350	6	1	1	2	87.441038	1.597448	87.704164	0.245226	80.929575	51.324444	-1000.000000	-1000.000000	-64.000000	-1000.000000	-64.000000	528.000000	3
1351	7	1	1	2	91.141752	1.579473	91.486577	0.274023	95.443861	68.928569	-1000.000000	-1000.000000	-64.000000	-1000.000000	-64.000000	270.000000	3
1408	0	1	2	2	80.053718	1.283578	79.943372	0.229834	37.374552	21.185743	-1000.000000	-1000.000000	-64.000000	-1000.000000	-64.000000	270.000000	3
1409	1	1	2	2	80.770644	1.180571	80.505720	0.252118	44.401072	25.405315	-1000.000000	-1000.000000	-64.000000	-1000.000000	-64.000000	270.000000	3
1410	2	1	2	2	81.738081	1.225905	81.908518	0.303729	48.931759	28.727627	-1000.000000	-1000.000000	-64.000000	-1000.000000	-64.000000	528.000000	3
1411	3	1	2	2	80.943802	1.081728	80.660349	0.244542	45.362365	25.646150	-1000.000000	-1000.000000	-64.000000	-1000.000000	-64.000000	270.000000	3
1412	4	1	2	2	84.070355	1.734885	84.386592	0.258869	72.125662	38.984004	-1000.000000	-1000.000000	-64.000000	-1000.000000	-64.000000	528.000000	3
1413	5	1	2	2	85.003153	0.894357	84.529706	0.240218	67.964024	32.788071	-1000.000000	-1000.000000	-64.000000	-1000.000000	-64.000000	528.000000	3
1414	6	1	2	2	83.041888	1.672446	83.390901	0.247157	77.807809	46.007909	-1000.000000	-1000.000000	-64.000000	-1000.000000	-64.000000	270.000000	3
1415	7	1	2	2	84.070687	1.367672	83.809907	0.197993	94.115320	52.307182	-1000.000000	-1000.000000	-64.000000	-1000.000000	-64.000000	528.000000	3
1472	0	1	3	2	89.971339	1.139580	90.298200	0.308801	39.984440	25.402383	-1000.000000	-1000.000000	-64.000000	-1000.000000	-64.000000	270.000000	3
1473	1	1	3	2	83.270882	1.647906	83.590032	0.272974	44.966440	26.955115	-1000.000000	-1000.000000	-64.000000	-1000.000000	-64.000000	270.000000	3
1474	2	1	3	2	81.490680	1.070138	81.617754	0.301582	45.453848	26.896848	-1000.000000	-1000.000000	-64.000000	-1000.000000	-64.000000	270.000000	3
1475	3	1	3	2	81.891417	0.976334	82.302658	0.314580	50.856423	28.616835	-1000.000000	-1000.000000	-64.000000	-1000.000000	-64.000000	528.000000	3
1476	4	1	3	2	71.884518	1.662782	72.006102	0.280063	62.557452	31.028209	-1000.000000	-1000.000000	-64.000000	-1000.000000	-64.000000	270.000000	3
1477	5	1	3	2	84.011054	1.735751	84.119852	0.278715	77.429505	46.931867	-1000.000000	-1000.000000	-64.000000	-1000.000000	-64.000000	528.000000	3
1478	6	1	3	2	79.085459	1.356813	79.485624	0.264990	85.007053	50.978563	-1000.000000	-1000.000000	-64.000000	-1000.000000	-64.000000	528.000000	3
1479	7	1	3	2	85.138701	1.200904	85.001373	0.287786	98.815980	69.406014	-1000.000000	-1000.000000	-64.000000	-1000.000000	-64.000000	528.000000	3
1536	0	0	0	3	81.516129	1.188402	81.540687	0.301693	42.581611	23.581743	-1000.000000	-1000.000000	-64.000000	-1000.000000	-64.000000	270.000000	3
1537	1	0	0	3	81.644079	1.168057	81.855894	0.310003	44.116877	25.169900	-1000.000000	-1000.000000	-64.000000	-1000.000000	-64.000000	270.000000	3
1538	2	0	0	3	82.771599	1.382284	83.067800	0.296638	43.755516	24.577136	-1000.000000	-1000.000000	-64.000000	-1000.000000	-64.000000	270.000000	3
1539	3	0	0	3	82.971541	1.510177	83.159968	0.295255	37.410712	22.125773	-1000.000000	-1000.000000	-64.000000	-1000.000000	-64.000000	528.000000	3
1540	4	0	0	3	70.022912	1.374059	70.208969	0.313450	53.139912	25.046565	-1000.000000	-1000.000000	-64.000000	-1000.000000	-64.000000	270.000000	3
1541	5	0	0	3	54.259523	1.294660	54.199283	0.307728	74.397135	41.701581	-1000.000000	-1000.000000	-64.000000	-1000.000000	-64.000000	528.000000	3
1542	6	0	0	3	85.499927	1.036324	85.372826	0.306166	73.524995	44.413718	-1000.000000	-1000.000000	-64.000000	-1000.000000	-64.000000	528.000000	3
1543	7	0	0	3	86.530122	1.248722	86.761592	0.321134	82.477609	42.376717	-1000.000000	-1000.000000	-64.000000	-1000.000000	-64.000000	528.000000	3
1600	0	0	1	3	81.179360	1.028849	81.140901	0.284872	42.116679	22.785669	-1000.000000	-1000.000000	-64.000000	-1000.000000	-64.000000	270.000000	3
1601	1	0	1	3	90.433656	1.330815	90.929378	0.293204	52.109970	32.576294	-1000.000000	-1000.000000	-64.000000	-1000.000000	-64.000000	270.000000	3
1602	2	0	1	3	91.558724	1.271872	91.863979	0.212009	48.752473	29.320013	-1000.000000	-1000.000000	-64.000000	-1000.000000	-64.000000	528.000000	3
1603	3	0	1	3	81.485187	1.221148	81.343616	0.294147	34.264798	20.453337	-1000.000000	-1000.000000	-64.000000	-1000.000000	-64.000000	270.000000	3
1604	4	0	1	3	85.252611	1.189738	85.131521	0.285749	51.669772	27.263542	-1000.000000	-1000.000000	-64.000000	-1000.000000	-64.000000	528.000000	3
1605	5	0	1	3	85.764438	0.948102	86.095104	0.306752	60.668566	31.570325	-1000.000000	-1000.000000	-64.000000	-1000.000000	-64.000000	528.000000	3
1606	6	0	1	3	84.541835	1.579473	84.459770	0.273610	77.559442	39.765628	-1000.000000	-1000.000000	-64.000000	-1000.000000	-64.000000	270.000000	3
1607	7	0	1	3	83.511284	1.616482	83.608793	0.233084	84.903088	50.384284	-1000.000000	-1000.000000	-64.000000	-1000.000000	-64.000000	528.000000	3
1664	0	0	2	3	81.840146	1.259578	82.106846	0.311733	44.301097	25.399380	-1000.000000	-1000.000000	-64.000000	-1000.000000	-64.000000	270.000000	3
1665	1	0	2	3	81.806336	1.184228	81.959387	0.309403	49.157926	28.213637	-1000.000000	-1000.000000	-64.000000	-1000.000000	-64.000000	270.000000	3
1666	2	0	2	3	81.283159	1.000609	80.926975	0.291891	45.757370	24.600120	-1000.000000	-1000.000000	-64.000000	-1000.000000	-64.000000	528.000000	3
1667	3	0	2	3	83.612760	1.607767	83.764948	0.273352	31.936961	19.922336	-1000.000000	-1000.000000	-64.000000	-1000.000000	-64.000000	270.000000	3
1668	4	0	2	3	83.913556	1.736718	83.913476	0.272009	52.171467	27.179433	-1000.000000	-1000.000000	-64.000000	-1000.000000	-64.000000	270.000000	3
1669	5	0	2	3	83.378135	1.644770	83.721934	0.271167	72.355839	39.880660	-1000.000000	-1000.000000	-64.000000	-1000.000000	-64.000000	270.000000	3
1670	6	0	2	3	85.395570	0.906827	85.176327	0.309782	75.262206	36.106083	-1000.000000	-1000.000000	-64.000000	-1000.000000	-64.000000	528.000000	3
1671	7	0	2	3	83.662169	1.708710	83.770134	0.253830	87.941620	46.318185	-1000.000000	-1000.000000	-64.000000	-1000.000000	-64.000000	270.000000	3
1728	0	0	3	3	83.071812	1.115603	83.432123	0.260402	40.311443	23.174875	-1000.000000	-1000.000000	-64.000000	-1000.000000	-64.000000	528.000000	3
1729	1	0	3	3	85.347891	1.064834	85.060708	0.294469	43.856181	25.790077	-1000.000000	-1000.000000	-64.000000	-1000.000000	-64.000000	528.000000	3
1730	2	0	3	3	82.880380	1.208753	83.462439	0.256554	42.342706	23.735488	-1000.000000	-1000.000000	-64.000000	-1000.000000	-64.000000	528.000000	3
1731	3	0	3	3	82.529006	1.123700	82.984785	0.309792	28.784766	16.914970	-1000.000000	-1000.000000	-64.000000	-1000.000000	-64.000000	528.000000	3
1732	4	0	3	3	83.202637	1.707780	83.540459	0.270246	52.703779	25.873736	-1000.000000	-1000.000000	-64.000000	-1000.000000	-64.000000	270.000000	3
1733	5	0	3	3	93.305670	1.157827	93.200083	0.318128	67.590532	31.415938	-1000.000000	-1000.000000	-64.000000	-1000.000000	-64.000000	528.000000	3
1734	6	0	3	3	85.293959	0.985175	85.074931	0.316277	72.408656	39.736996	-1000.000000	-1000.000000	-64.000000	-1000.000000	-64.000000	528.000000	3
1735	7	0	3	3	84.861026	1.232332	84.702334	0.273604	99.099620	60.864471	-1000.000000	-1000.000000	-64.000000	-1000.000000	-64.000000	270.000000	3
1792	0	1	0	3	80.090492	1.357472	80.108565	0.235435	43.535712	24.080154	-1000.000000	-1000.000000	-64.000000	-1000.000000	-64.000000	270.000000	3
1793	1	1	0	3	81.251158	1.223330	81.251411	0.295932	47.253110	27.647117	-1000.000000	-1000.000000	-64.000000	-1000.000000	-64.000000	270.000000	3
1794	2	1	0	3	81.756414	1.170339	81.990465	0.310789	47.945702	26.597594	-1000.000000	-1000.000000	-64.000000	-1000.000000	-64.000000	270.000000	3
1795	3	1	0	3	72.908724	0.632324	72.414125	0.243016	34.061010	20.840302	-1000.000000	-1000.000000	-64.000000	-1000.000000	-64.000000	528.000000	3
1796	4	1	0	3	77.673633	1.167995	77.697456	0.303913	48.304402	23.439445	-1000.000000	-1000.000000	-64.000000	-1000.000000	-64.000000	528.000000	3
1797	5	1	0	3	86.381743	1.475613	86.600518	0.304618	65.490314	29.868382	-1000.000000	-1000.000000	-64.000000	-1000.000000	-64.000000	528.000000	3
1798	6	1	0	3	84.886088	1.434746	84.513690	0.275256	79.552731	43.308591	-1000.000000	-1000.000000	-64.000000	-1000.000000	-64.000000	270.000000	3
1799	7	1	0	3	85.504532	1.131876	85.331681	0.301750	91.966824	60.940340	-1000.000000	-1000.000000	-64.000000	-1000.000000	-64.000000	528.000000	3
1856	0	1	1	3	81.402950	1.159030	81.547780	0.303606	45.864963	25.118154	-1000.000000	-1000.000000	-64.000000	-1000.000000	-64.000000	270.000000	3
1857	1	1	1	3	81.985201	1.289490	82.193293	0.310364	45.212183	25.883344	-1000.000000	-1000.000000	-64.000000	-1000.000000	-64.000000	270.000000	3
1858	2	1	1	3	82.449064	1.139039	82.733603	0.321722	47.924076	26.608694	-1000.000000	-1000.000000	-64.000000	-1000.000000	-64.000000	528.000000	3
1859	3	1	1	3	80.877245	0.525558	80.601815	0.255846	34.186139	21.126990	-1000.000000	-1000.000000	-64.000000	-1000.000000	-64.000000	270.000000	3
1860	4	1	1	3	84.807783	1.331570	84.625801	0.271324	49.973617	25.632417	-1000.000000	-1000.000000	-64.000000	-1000.000000	-64.000000	528.000000	3
1861	5	1	1	3	85.506304	0.893277	85.393266	0.314616	59.274037	30.071258	-1000.000000	-1000.000000	-64.000000	-1000.000000	-64.000000	528.000000	3
1862	6	1	1	3	85.946569	0.955091	86.083626	0.309160	76.295272	41.950521	-1000.000000	-1000.000000	-64.000000	-1000.000000	-64.000000	528.000000	3
1863	7	1	1	3	84.279734	1.204079	83.982802	0.211867	89.561193	46.690329	-1000.000000	-1000.000000	-64.000000	-1000.000000	-64.000000	528.000000	3
1920	0	1	2	3	80.987287	0.884658	80.735853	0.269801	43.935100	23.984529	-1000.000000	-1000.000000	-64.000000	-1000.000000	-64.000000	270.000000	3
1921	1	1	2	3	81.057828	1.327883	80.996415	0.275629	48.182491	27.330596	-1000.000000	-1000.000000	-64.000000	-1000.000000	-64.000000	270.000000	3
1922	2	1	2	3	81.266918	0.992318	81.206528	0.289865	48.664517	27.075332	-1000.000000	-1000.000000	-64.000000	-1000.000000	-64.000000	270.000000	3
1923	3	1	2	3	82.776235	1.190976	83.207405	0.287863	32.398789	19.951655	-1000.000000	-1000.000000	-64.000000	-1000.000000	-64.000000	528.000000	3
1924	4	1	2	3	92.030312	1.385124	92.118326	0.218099	47.969240	27.949027	-1000.000000	-1000.000000	-64.000000	-1000.000000	-64.000000	528.000000	3
1925	5	1	2	3	84.190820	1.698603	84.314902	0.259051	67.288017	31.489343	-1000.000000	-1000.000000	-64.000000	-1000.000000	-64.000000	270.000000	3
1926	6	1	2	3	88.526718	0.710566	87.925602	0.190891	80.485079	45.321671	-1000.000000	-1000.000000	-64.000000	-1000.000000	-64.000000	528.000000	3
1927	7	1	2	3	86.797360	1.555023	86.890329	0.309044	85.198253	51.448582	-1000.000000	-1000.000000	-64.000000	-1000.000000	-64.000000	528.000000	3
1984	0	1	3	3	81.803274	1.120893	82.228109	0.303510	44.585306	25.667494	-1000.000000	-1000.000000	-64.000000	-1000.000000	-64.000000	270.000000	3
1985	1	1	3	3	85.318797	0.901300	84.942305	0.299293	43.416405	23.849501	-1000.000000	-1000.000000	-64.000000	-1000.000000	-64.000000	528.000000	3
1986	2	1	3	3	81.472796	1.094120	81.623207	0.308726	49.752900	27.836207	-1000.000000	-1000.000000	-64.000000	-1000.000000	-64.000000	270.000000	3
1987	3	1	3	3	81.909167	1.046706	81.930711	0.320577	33.918372	19.463302	-1000.000000	-1000.000000	-64.000000	-1000.000000	-64.000000	528.000000	3
1988	4	1	3	3	84.468516	1.650999	84.353531	0.274385	53.629158	28.443914	-1000.000000	-1000.000000	-64.000000	-1000.000000	-64.000000	270.000000	3
1989	5	1	3	3	85.422773	1.254195	85.403180	0.303778	72.933322	41.018500	-1000.000000	-1000.000000	-64.000000	-1000.000000	-64.000000	270.000000	3
1990	6	1	3	3	85.531189	1.007996	85.298543	0.309608	75.251016	41.704157	-1000.000000	-1000.000000	-64.000000	-1000.000000	-64.000000	528.000000	3
1991	7	1	3	3	83.029323	1.577096	83.178501	0.288225	91.373892	48.488927	-1000.000000	-1000.000000	-64.000000	-1000.000000	-64.000000	270.000000	3
2048	0	0	0	4	70.454799	1.324003	70.442957	0.300649	33.460927	21.155845	-1000.000000	-1000.000000	-64.000000	-1000.000000	-64.000000	270.000000	3
2049	1	0	0	4	81.856039	1.070764	82.149593	0.309002	46.680174	26.461368	-1000.000000	-1000.000000	-64.000000	-1000.000000	-64.000000	270.000000	3
2050	2	0	0	4	81.746930	1.091058	82.052698	0.307382	31.208864	22.201842	-1000.000000	-1000.000000	-64.000000	-1000.000000	-64.000000	270.000000	3
2051	3	0	0	4	84.314136	1.409922	84.204393	0.240675	40.426063	23.394070	-1000.000000	-1000.000000	-64.000000	-1000.000000	-64.000000	270.000000	3
2052	4	0	0	4	80.582668	1.385582	80.432161	0.259285	56.024225	28.976752	-1000.000000	-1000.000000	-64.000000	-1000.000000	-64.000000	270.000000	3
2053	5	0	0	4	83.202773	1.372663	83.700580	0.262933	61.144883	34.194019	-1000.000000	-1000.000000	-64.000000	-1000.000000	-64.000000	270.000000	3
2054	6	0	0	4	85.557738	1.102159	85.597048	0.315479	67.960710	41.974489	-1000.000000	-1000.000000	-64.000000	-1000.000000	-64.000000	270.000000	3
2055	7	0	0	4	84.106032	1.508499	84.052967	0.252620	73.662646	49.817384	-1000.000000	-1000.000000	-64.000000	-1000.000000	-64.000000	270.000000	3
2112	0	0	1	4	81.523914	1.029617	81.596819	0.302441	31.774562	18.557698	-1000.000000	-1000.000000	-64.000000	-1000.000000	-64.000000	270.000000	3
2113	1	0	1	4	82.152197	1.252422	82.265555	0.306214	47.831454	27.737492	-1000.000000	-1000.000000	-64.000000	-1000.000000	-64.000000	270.000000	3
2114	2	0	1	4	81.729920	1.100496	81.797017	0.305740	37.486213	23.018220	-1000.000000	-1000.000000	-64.000000	-1000.000000	-64.000000	270.000000	3
2115	3	0	1	4	82.979228	1.266137	83.492259	0.260619	43.687618	25.228680	-1000.000000	-1000.000000	-64.000000	-1000.000000	-64.000000	270.000000	3
2116	4	0	1	4	84.907997	1.414079	84.784358	0.281747	57.291586	30.426363	-1000.000000	-1000.000000	-64.000000	-1000.000000	-64.000000	270.000000	3
2117	5	0	1	4	84.415552	1.583585	84.146088	0.270403	64.948754	34.520193	-1000.000000	-1000.000000	-64.000000	-1000.000000	-64.000000	270.000000	3
2118	6	0	1	4	83.139043	1.755964	83.312424	0.285545	73.718892	40.014683	-1000.000000	-1000.000000	-64.000000	-1000.000000	-64.000000	270.000000	3
2119	7	0	1	4	82.287383	1.456986	82.802395	0.319941	83.281698	51.076479	-1000.000000	-1000.000000	-64.000000	-1000.000000	-64.000000	270.000000	3
2176	0	0	2	4	80.882193	0.845638	80.532566	0.251920	33.107070	19.589709	-1000.000000	-1000.000000	-64.000000	-1000.000000	-64.000000	270.000000	3
2177	1	0	2	4	82.618753	1.271708	83.038743	0.286506	44.987777	26.235498	-1000.000000	-1000.000000	-64.000000	-1000.000000	-64.000000	270.000000	3
2178	2	0	2	4	81.711326	1.064028	81.682504	0.325098	30.470431	19.518848	-1000.000000	-1000.000000	-64.000000	-1000.000000	-64.000000	270.000000	3
2179	3	0	2	4	88.652874	0.965823	87.964078	0.284551	46.073133	26.376464	-1000.000000	-1000.000000	-64.000000	-1000.000000	-64.000000	270.000000	3
2180	4	0	2	4	84.563471	1.441570	84.452448	0.271069	54.717593	29.290932	-1000.000000	-1000.000000	-64.000000	-1000.000000	-64.000000	270.000000	3
2181	5	0	2	4	83.768350	1.657624	83.774024	0.262729	64.552655	32.635463	-1000.000000	-1000.000000	-64.000000	-1000.000000	-64.000000	270.000000	3
2182	6	0	2	4	83.579971	1.577635	83.854408	0.249952	76.289372	47.044363	-1000.000000	-1000.000000	-64.000000	-1000.000000	-64.000000	270.000000	3
2183	7	0	2	4	83.618616	1.627669	83.697720	0.252655	81.382106	50.409709	-1000.000000	-1000.000000	-64.000000	-1000.000000	-64.000000	270.000000	3
2240	0	0	3	4	81.478917	1.193207	81.416908	0.298710	35.559891	21.142878	-1000.000000	-1000.000000	-64.000000	-1000.000000	-64.000000	270.000000	3
2241	1	0	3	4	82.332820	1.209219	82.561121	0.300520	42.788696	25.088310	-1000.000000	-1000.000000	-64.000000	-1000.000000	-64.000000	270.000000	3
2242	2	0	3	4	81.775339	1.123568	81.905848	0.307152	32.310019	21.084328	-1000.000000	-1000.000000	-64.000000	-1000.000000	-64.000000	270.000000	3
2243	3	0	3	4	82.773414	1.694789	83.030888	0.312404	46.255983	27.440868	-1000.000000	-1000.000000	-64.000000	-1000.000000	-64.000000	270.000000	3
2244	4	0	3	4	83.429924	1.523914	83.719532	0.256517	52.785269	27.830910	-1000.000000	-1000.000000	-64.000000	-1000.000000	-64.000000	270.000000	3
2245	5	0	3	4	86.393768	1.519678	86.654667	0.300957	63.611254	30.830675	-1000.000000	-1000.000000	-64.000000	-1000.000000	-64.000000	270.000000	3
2246	6	0	3	4	84.947722	1.365996	84.812767	0.298592	77.679756	45.148388	-1000.000000	-1000.000000	-64.000000	-1000.000000	-64.000000	270.000000	3
2247	7	0	3	4	85.318767	1.174726	85.097582	0.293806	79.368593	53.435668	-1000.000000	-1000.000000	-64.000000	-1000.000000	-64.000000	270.000000	3
2304	0	1	0	4	81.175596	1.044652	81.143075	0.289483	36.441404	22.665972	-1000.000000	-1000.000000	-64.000000	-1000.000000	-64.000000	270.000000	3
2305	1	1	0	4	82.508839	1.293023	82.924878	0.299427	47.320792	27.313221	-1000.000000	-1000.000000	-64.000000	-1000.000000	-64.000000	270.000000	3
2306	2	1	0	4	87.374611	1.531901	87.562995	0.250837	32.691348	21.836117	-1000.000000	-1000.000000	-64.000000	-1000.000000	-64.000000	270.000000	3
2307	3	1	0	4	82.343741	1.194952	82.824092	0.316633	43.801488	27.253565	-1000.000000	-1000.000000	-64.000000	-1000.000000	-64.000000	270.000000	3
2308	4	1	0	4	81.714152	1.206590	81.866991	0.309889	52.981174	28.872294	-1000.000000	-1000.000000	-64.000000	-1000.000000	-64.000000	270.000000	3
2309	5	1	0	4	83.917060	1.473159	83.932047	0.244269	64.193653	31.397879	-1000.000000	-1000.000000	-64.000000	-1000.000000	-64.000000	270.000000	3
2310	6	1	0	4	84.744110	1.284311	84.444021	0.251399	68.913244	36.708515	-1000.000000	-1000.000000	-64.000000	-1000.000000	-64.000000	270.000000	3
2311	7	1	0	4	83.238852	1.737685	83.480933	0.275638	75.372312	46.739882	-1000.000000	-1000.000000	-64.000000	-1000.000000	-64.000000	270.000000	3
2368	0	1	1	4	80.933407	0.841105	80.659282	0.266529	33.870529	21.791791	-1000.000000	-1000.000000	-64.000000	-1000.000000	-64.000000	270.000000	3
2369	1	1	1	4	81.999587	1.246896	82.150051	0.308377	46.624585	26.889290	-1000.000000	-1000.000000	-64.000000	-1000.000000	-64.000000	270.000000	3
2370	2	1	1	4	82.560839	1.206293	83.046484	0.291031	36.510777	22.033110	-1000.000000	-1000.000000	-64.000000	-1000.000000	-64.000000	270.000000	3
2371	3	1	1	4	82.149303	1.327889	82.375148	0.304679	41.051408	23.623308	-1000.000000	-1000.000000	-64.000000	-1000.000000	-64.000000	270.000000	3
2372	4	1	1	4	83.545447	1.526322	83.697529	0.258257	49.809198	27.149263	-1000.000000	-1000.000000	-64.000000	-1000.000000	-64.000000	270.000000	3
2373	5	1	1	4	72.876063	1.187138	72.716672	0.273417	63.003099	32.483599	-1000.000000	-1000.000000	-64.000000	-1000.000000	-64.000000	270.000000	3
2374	6	1	1	4	83.578798	1.560566	83.734823	0.237193	62.306145	31.379092	-1000.000000	-1000.000000	-64.000000	-1000.000000	-64.000000	270.000000	3
2375	7	1	1	4	83.041924	1.626443	83.275168	0.280243	78.001525	48.649535	-1000.000000	-1000.000000	-64.000000	-1000.000000	-64.000000	270.000000	3
2432	0	1	2	4	81.162412	0.980656	80.902685	0.276290	32.254947	18.885243	-1000.000000	-1000.000000	-64.000000	-1000.000000	-64.000000	270.000000	3
2433	1	1	2	4	81.963039	1.185002	82.304336	0.305629	44.293381	25.441477	-1000.000000	-1000.000000	-64.000000	-1000.000000	-64.000000	270.000000	3
2434	2	1	2	4	80.587799	0.908673	80.186508	0.202549	32.729178	20.764063	-1000.000000	-1000.000000	-64.000000	-1000.000000	-64.000000	270.000000	3
2435	3	1	2	4	84.085498	1.519144	84.128775	0.258772	42.716388	24.311582	-1000.000000	-1000.000000	-64.000000	-1000.000000	-64.000000	270.000000	3
2436	4	1	2	4	84.749294	1.420218	84.575808	0.274443	56.641817	30.345494	-1000.000000	-1000.000000	-64.000000	-1000.000000	-64.000000	270.000000	3
2437	5	1	2	4	84.195775	1.517910	83.939941	0.262694	59.219425	30.025981	-1000.000000	-1000.000000	-64.000000	-1000.000000	-64.000000	270.000000	3
2438	6	1	2	4	84.945136	1.299251	85.026121	0.295018	72.880268	38.278233	-1000.000000	-1000.000000	-64.000000	-1000.000000	-64.000000	270.000000	3
2439	7	1	2	4	83.700762	1.581853	83.721820	0.236314	69.942258	43.256825	-1000.000000	-1000.000000	-64.000000	-1000.000000	-64.000000	270.000000	3
2496	0	1	3	4	81.049869	1.085581	80.772994	0.284171	33.023785	19.548255	-1000.000000	-1000.000000	-64.000000	-1000.000000	-64.000000	270.000000	3
2497	1	1	3	4	81.480959	1.129778	81.418090	0.297818	40.642524	22.956297	-1000.000000	-1000.000000	-64.000000	-1000.000000	-64.000000	270.000000	3
2498	2	1	3	4	82.161475	1.094112	82.553495	0.307209	31.837713	20.885611	-1000.000000	-1000.000000	-64.000000	-1000.000000	-64.000000	270.000000	3
2499	3	1	3	4	81.802625	1.062377	82.341439	0.306811	47.087136	26.111590	-1000.000000	-1000.000000	-64.000000	-1000.000000	-64.000000	270.000000	3
2500	4	1	3	4	73.277406	1.196946	73.068258	0.289388	51.083256	24.997360	-1000.000000	-1000.000000	-64.000000	-1000.000000	-64.000000	270.000000	3
2501	5	1	3	4	84.925644	1.411023	84.715490	0.282344	61.742660	30.672609	-1000.000000	-1000.000000	-64.000000	-1000.000000	-64.000000	270.000000	3
2502	6	1	3	4	83.970251	1.524287	84.005186	0.243660	65.957850	40.897494	-1000.000000	-1000.000000	-64.000000	-1000.000000	-64.000000	270.000000	3
2503	7	1	3	4	83.126157	1.258395	83.632322	0.247872	71.534177	46.394011	-1000.000000	-1000.000000	-64.000000	-1000.000000	-64.000000	270.000000	3
2560	0	0	0	5	82.700625	1.401355	83.166222	0.292085	42.591004	24.878738	-1000.000000	-1000.000000	-64.000000	-1000.000000	-64.000000	528.000000	3
2561	1	0	0	5	81.314011	1.153248	81.600442	0.303162	44.653601	25.939974	-1000.000000	-1000.000000	-64.000000	-1000.000000	-64.000000	528.000000	3
2562	2	0	0	5	82.008214	1.305422	82.199318	0.308602	47.907103	27.854626	-1000.000000	-1000.000000	-64.000000	-1000.000000	-64.000000	528.000000	3
2563	3	0	0	5	84.087454	1.364327	83.785159	0.207345	45.043605	25.321682	-1000.000000	-1000.000000	-64.000000	-1000.000000	-64.000000	528.000000	3
2564	4	0	0	5	79.990332	1.715041	80.074474	0.269570	79.356400	42.083300	-1000.000000	-1000.000000	-64.000000	-1000.000000	-64.000000	528.000000	3
2565	5	0	0	5	86.546330	1.388468	86.889033	0.305214	77.183286	47.098569	-1000.000000	-1000.000000	-64.000000	-1000.000000	-64.000000	528.000000	3
2566	6	0	0	5	85.589958	0.972397	85.364971	0.298524	76.207399	48.982111	-1000.000000	-1000.000000	-64.000000	-1000.000000	-64.000000	528.000000	3
2567	7	0	0	5	86.142963	0.958321	86.405735	0.318894	91.629577	50.571596	-1000.000000	-1000.000000	-64.000000	-1000.000000	-64.000000	528.000000	3
2624	0	0	1	5	83.549809	1.647296	84.107497	0.278824	41.289228	23.229075	-1000.000000	-1000.000000	-64.000000	-1000.000000	-64.000000	528.000000	3
2625	1	0	1	5	89.471936	1.338351	89.622293	0.309641	53.211958	34.474880	-1000.000000	-1000.000000	-64.000000	-1000.000000	-64.000000	528.000000	3
2626	2	0	1	5	87.579998	1.473038	87.699931	0.233728	41.995059	25.154074	-1000.000000	-1000.000000	-64.000000	-1000.000000	-64.000000	528.000000	3
2627	3	0	1	5	81.848382	1.349678	82.134988	0.309869	53.677695	31.742333	-1000.000000	-1000.000000	-64.000000	-1000.000000	-64.000000	528.000000	3
2628	4	0	1	5	86.700770	1.459121	87.000877	0.289510	73.672920	42.191491	-1000.000000	-1000.000000	-64.000000	-1000.000000	-64.000000	528.000000	3
2629	5	0	1	5	80.778804	0.480549	79.976701	0.201422	78.222695	42.007766	-1000.000000	-1000.000000	-64.000000	-1000.000000	-64.000000	528.000000	3
2630	6	0	1	5	82.449748	1.589698	82.885754	0.296053	91.974827	54.716590	-1000.000000	-1000.000000	-64.000000	-1000.000000	-64.000000	528.000000	3
2631	7	0	1	5	86.536715	1.613472	86.778600	0.314123	92.469624	50.184398	-1000.000000	-1000.000000	-64.000000	-1000.000000	-64.000000	528.000000	3
2688	0	0	2	5	81.550600	1.220917	81.932694	0.306994	45.870045	25.479494	-1000.000000	-1000.000000	-64.000000	-1000.000000	-64.000000	528.000000	3
2689	1	0	2	5	81.842631	1.317401	82.178231	0.305186	45.403833	27.551389	-1000.000000	-1000.000000	-64.000000	-1000.000000	-64.000000	528.000000	3
2690	2	0	2	5	83.575866	1.547483	83.719989	0.231200	43.369441	24.773923	-1000.000000	-1000.000000	-64.000000	-1000.000000	-64.000000	528.000000	3
2691	3	0	2	5	82.748915	1.740861	83.268800	0.282435	51.821966	30.961523	-1000.000000	-1000.000000	-64.000000	-1000.000000	-64.000000	528.000000	3
2692	4	0	2	5	81.033315	1.535866	81.179378	0.307759	83.222916	46.051818	-1000.000000	-1000.000000	-64.000000	-1000.000000	-64.000000	528.000000	3
2693	5	0	2	5	81.952616	1.567052	82.223075	0.321088	93.109410	48.406168	-1000.000000	-1000.000000	-64.000000	-1000.000000	-64.000000	528.000000	3
2694	6	0	2	5	87.472833	1.531657	87.525472	0.244229	79.542405	43.202572	-1000.000000	-1000.000000	-64.000000	-1000.000000	-64.000000	528.000000	3
2695	7	0	2	5	81.542376	1.159462	81.890595	0.313566	116.066431	76.873406	-1000.000000	-1000.000000	-64.000000	-1000.000000	-64.000000	528.000000	3
2752	0	0	3	5	62.798451	0.942069	63.136402	0.288023	38.686966	24.593733	-1000.000000	-1000.000000	-64.000000	-1000.000000	-64.000000	528.000000	3
2753	1	0	3	5	82.284380	1.106871	82.628807	0.327691	39.864821	23.429145	-1000.000000	-1000.000000	-64.000000	-1000.000000	-64.000000	528.000000	3
2754	2	0	3	5	83.741221	1.497123	83.819516	0.222986	41.500594	23.366439	-1000.000000	-1000.000000	-64.000000	-1000.000000	-64.000000	528.000000	3
2755	3	0	3	5	88.113908	1.241262	87.851052	0.205905	48.334661	28.053410	-1000.000000	-1000.000000	-64.000000	-1000.000000	-64.000000	528.000000	3
2756	4	0	3	5	81.946441	1.446406	82.396998	0.319519	80.354167	43.946018	-1000.000000	-1000.000000	-64.000000	-1000.000000	-64.000000	528.000000	3
2757	5	0	3	5	85.954803	0.984547	86.193029	0.319558	70.245768	42.082888	-1000.000000	-1000.000000	-64.000000	-1000.000000	-64.000000	528.000000	3
2758	6	0	3	5	87.543433	1.507535	87.606467	0.241737	81.188337	44.362460	-1000.000000	-1000.000000	-64.000000	-1000.000000	-64.000000	528.000000	3
2759	7	0	3	5	82.863307	1.755236	83.285502	0.289998	120.833269	78.902948	-1000.000000	-1000.000000	-64.000000	-1000.000000	-64.000000	528.000000	3
2816	0	1	0	5	81.753849	1.295114	82.080001	0.310872	43.732604	25.344664	-1000.000000	-1000.000000	-64.000000	-1000.000000	-64.000000	528.000000	3
2817	1	1	0	5	81.031822	1.472994	81.317533	0.296484	46.461470	27.539401	-1000.000000	-1000.000000	-64.000000	-1000.000000	-64.000000	528.000000	3
2818	2	1	0	5	81.687405	1.218305	81.840794	0.307879	46.868635	26.606432	-1000.000000	-1000.000000	-64.000000	-1000.000000	-64.000000	528.000000	3
2819	3	1	0	5	84.963521	0.801290	84.508847	0.261448	50.907904	29.156161	-1000.000000	-1000.000000	-64.000000	-1000.000000	-64.000000	528.000000	3
2820	4	1	0	5	82.794141	1.512814	83.024634	0.293355	68.302301	37.269937	-1000.000000	-1000.000000	-64.000000	-1000.000000	-64.000000	528.000000	3
2821	5	1	0	5	87.368012	1.557355	87.440817	0.262736	75.660013	38.658952	-1000.000000	-1000.000000	-64.000000	-1000.000000	-64.000000	528.000000	3
2822	6	1	0	5	83.000351	1.912512	83.383008	0.293449	98.556787	54.021125	-1000.000000	-1000.000000	-64.000000	-1000.000000	-64.000000	528.000000	3
2823	7	1	0	5	85.730215	1.102416	85.622102	0.312234	100.118912	70.285406	-1000.000000	-1000.000000	-64.000000	-1000.000000	-64.000000	528.000000	3
2880	0	1	1	5	79.917582	1.610838	79.816161	0.272345	44.669555	26.258101	-1000.000000	-1000.000000	-64.000000	-1000.000000	-64.000000	528.000000	3
2881	1	1	1	5	81.970526	1.383786	82.346168	0.308492	50.049150	29.331777	-1000.000000	-1000.000000	-64.000000	-1000.000000	-64.000000	528.000000	3
2882	2	1	1	5	81.340287	1.132383	81.204507	0.320846	40.946957	23.394102	-1000.000000	-1000.000000	-64.000000	-1000.000000	-64.000000	528.000000	3
2883	3	1	1	5	84.070171	1.608650	83.906536	0.260699	54.899488	31.270063	-1000.000000	-1000.000000	-64.000000	-1000.000000	-64.000000	528.000000	3
2884	4	1	1	5	72.252582	1.330192	72.094075	0.238815	65.951360	32.113081	-1000.000000	-1000.000000	-64.000000	-1000.000000	-64.000000	528.000000	3
2885	5	1	1	5	85.558181	0.871861	85.564826	0.313757	74.086768	36.076437	-1000.000000	-1000.000000	-64.000000	-1000.000000	-64.000000	528.000000	3
2886	6	1	1	5	87.297319	1.534462	87.348307	0.272147	82.802392	43.149260	-1000.000000	-1000.000000	-64.000000	-1000.000000	-64.000000	528.000000	3
2887	7	1	1	5	87.440427	1.586562	87.439406	0.260410	88.691848	49.359292	-1000.000000	-1000.000000	-64.000000	-1000.000000	-64.000000	528.000000	3
2944	0	1	2	5	77.533123	1.056256	77.668056	0.306271	43.107233	24.571896	-1000.000000	-1000.000000	-64.000000	-1000.000000	-64.000000	528.000000	3
2945	1	1	2	5	81.310016	1.293607	81.360700	0.297821	47.986226	27.516548	-1000.000000	-1000.000000	-64.000000	-1000.000000	-64.000000	528.000000	3
2946	2	1	2	5	82.854107	1.636808	83.359747	0.294119	50.598588	28.357001	-1000.000000	-1000.000000	-64.000000	-1000.000000	-64.000000	528.000000	3
2947	3	1	2	5	82.263311	0.931422	82.564706	0.326021	45.332233	26.091425	-1000.000000	-1000.000000	-64.000000	-1000.000000	-64.000000	528.000000	3
2948	4	1	2	5	84.193064	1.413019	84.101777	0.230177	69.623596	38.072367	-1000.000000	-1000.000000	-64.000000	-1000.000000	-64.000000	528.000000	3
2949	5	1	2	5	81.104882	1.044976	81.245081	0.302215	84.185597	42.951783	-1000.000000	-1000.000000	-64.000000	-1000.000000	-64.000000	528.000000	3
2950	6	1	2	5	85.134955	0.797368	84.572948	0.262871	75.140211	38.761421	-1000.000000	-1000.000000	-64.000000	-1000.000000	-64.000000	528.000000	3
2951	7	1	2	5	87.422395	1.661135	87.267693	0.281159	101.618140	67.667729	-1000.000000	-1000.000000	-64.000000	-1000.000000	-64.000000	528.000000	3
3008	0	1	3	5	81.120131	1.327648	80.950732	0.281826	46.515740	26.012327	-1000.000000	-1000.000000	-64.000000	-1000.000000	-64.000000	528.000000	3
3009	1	1	3	5	84.529851	1.073855	84.102196	0.198443	39.024400	21.845066	-1000.000000	-1000.000000	-64.000000	-1000.000000	-64.000000	528.000000	3
3010	2	1	3	5	78.834913	1.907793	78.783710	0.292296	48.368667	27.373730	-1000.000000	-1000.000000	-64.000000	-1000.000000	-64.000000	528.000000	3
3011	3	1	3	5	83.482970	1.597648	83.664735	0.243187	54.524396	33.502103	-1000.000000	-1000.000000	-64.000000	-1000.000000	-64.000000	528.000000	3
3012	4	1	3	5	81.279134	1.644378	81.456109	0.325404	88.169703	48.953509	-1000.000000	-1000.000000	-64.000000	-1000.000000	-64.000000	528.000000	3
3013	5	1	3	5	82.237696	1.562329	82.797285	0.306567	91.627612	55.596344	-1000.000000	-1000.000000	-64.000000	-1000.000000	-64.000000	528.000000	3
3014	6	1	3	5	85.465377	1.089471	85.457367	0.310242	77.296699	47.287894	-1000.000000	-1000.000000	-64.000000	-1000.000000	-64.000000	528.000000	3
3015	7	1	3	5	82.903879	1.564592	83.356200	0.290395	114.456082	80.447977	-1000.000000	-1000.000000	-64.000000	-1000.000000	-64.000000	528.000000	3
