#****************************************************************************************************************************************************************************************************************
#Calib info:
 	 RunNr: 289	 start time:0x7ffdaabcf670	 RunNrPed: 278	 start time:0x7ffdaabcf680	 RunNrMip: 289	 start time:0x7ffdaabcf690	 Vop: 44	 Vov: 5.7	 BC calib set: 1
#****************************************************************************************************************************************************************************************************************
#cellID	layer	row	column	module	ped mean H	ped sig H	ped mean L	ped sig L	mip Scale H	mip Width H	mip Scale L	mip Width L	LG-HG	HG-LG	BC
#****************************************************************************************************************************************************************************************************************
0	0	0	0	0	81.118658	1.591837	81.427509	0.312972	32.230460	24.958694	-1000.000000	-1000.000000	-64.000000	-1000.000000	-64.000000	-1000.000000	3
1	1	0	0	0	95.412706	0.628003	96.098143	0.240153	30.665518	27.270774	-1000.000000	-1000.000000	-64.000000	-1000.000000	-64.000000	-1000.000000	3
2	2	0	0	0	80.766273	0.473351	79.989163	0.265173	41.163889	30.548300	-1000.000000	-1000.000000	-64.000000	-1000.000000	-64.000000	-1000.000000	3
3	3	0	0	0	81.787273	1.193359	82.159153	0.313805	44.470618	30.906268	-1000.000000	-1000.000000	-64.000000	-1000.000000	-64.000000	-1000.000000	3
4	4	0	0	0	80.720971	2.009870	81.093609	0.325073	62.524656	36.942312	-1000.000000	-1000.000000	-64.000000	-1000.000000	-64.000000	-1000.000000	3
5	5	0	0	0	79.895991	1.702554	80.317128	0.279434	62.235693	41.748040	-1000.000000	-1000.000000	-64.000000	-1000.000000	-64.000000	-1000.000000	3
6	6	0	0	0	83.080451	1.672450	83.636440	0.292631	78.067185	53.831913	-1000.000000	-1000.000000	-64.000000	-1000.000000	-64.000000	-1000.000000	3
7	7	0	0	0	81.139480	1.687394	81.261034	0.309840	86.217154	54.136202	-1000.000000	-1000.000000	-64.000000	-1000.000000	-64.000000	-1000.000000	3
64	0	0	1	0	81.025208	0.950505	81.057523	0.290939	33.852244	23.828386	-1000.000000	-1000.000000	-64.000000	-1000.000000	-64.000000	-1000.000000	3
65	1	0	1	0	80.294356	1.618255	80.675558	0.281661	33.959576	20.342826	-1000.000000	-1000.000000	-64.000000	-1000.000000	-64.000000	-1000.000000	3
66	2	0	1	0	81.099767	1.134052	81.155400	0.298195	42.046358	26.984032	-1000.000000	-1000.000000	-64.000000	-1000.000000	-64.000000	-1000.000000	3
67	3	0	1	0	80.678615	1.148064	80.409229	0.251018	40.331055	27.179942	-1000.000000	-1000.000000	-64.000000	-1000.000000	-64.000000	-1000.000000	3
68	4	0	1	0	82.016553	1.325143	82.431300	0.307682	50.956122	24.807926	-1000.000000	-1000.000000	-64.000000	-1000.000000	-64.000000	-1000.000000	3
69	5	0	1	0	80.642942	0.702601	80.210507	0.273572	69.069921	47.386429	-1000.000000	-1000.000000	-64.000000	-1000.000000	-64.000000	-1000.000000	3
70	6	0	1	0	80.773051	0.477293	80.205260	0.229043	72.591841	52.276921	-1000.000000	-1000.000000	-64.000000	-1000.000000	-64.000000	-1000.000000	3
71	7	0	1	0	63.804543	1.405573	63.589859	0.242187	65.003518	3.180144	-1000.000000	-1000.000000	-64.000000	-1000.000000	-64.000000	-1000.000000	3
128	0	0	2	0	79.900125	1.712906	79.698386	0.268730	33.252412	20.203766	-1000.000000	-1000.000000	-64.000000	-1000.000000	-64.000000	-1000.000000	3
129	1	0	2	0	78.676001	1.493000	78.986739	0.289910	33.820066	20.881916	-1000.000000	-1000.000000	-64.000000	-1000.000000	-64.000000	-1000.000000	3
130	2	0	2	0	80.997369	1.295108	80.966034	0.279285	36.708835	20.261323	-1000.000000	-1000.000000	-64.000000	-1000.000000	-64.000000	-1000.000000	3
131	3	0	2	0	80.761093	0.470256	79.855276	0.260291	44.867315	29.689413	-1000.000000	-1000.000000	-64.000000	-1000.000000	-64.000000	-1000.000000	3
132	4	0	2	0	80.324798	1.513284	80.416720	0.268927	53.880640	30.741376	-1000.000000	-1000.000000	-64.000000	-1000.000000	-64.000000	-1000.000000	3
133	5	0	2	0	82.115949	1.361274	82.686939	0.295846	65.596505	41.474616	-1000.000000	-1000.000000	-64.000000	-1000.000000	-64.000000	-1000.000000	3
134	6	0	2	0	81.747628	1.178454	82.158924	0.309875	74.441410	46.574604	-1000.000000	-1000.000000	-64.000000	-1000.000000	-64.000000	-1000.000000	3
135	7	0	2	0	80.712182	0.613278	80.400483	0.252161	77.305046	54.004850	-1000.000000	-1000.000000	-64.000000	-1000.000000	-64.000000	-1000.000000	3
192	0	0	3	0	80.991900	1.585052	81.430247	0.317308	32.118611	19.312832	-1000.000000	-1000.000000	-64.000000	-1000.000000	-64.000000	-1000.000000	3
193	1	0	3	0	80.355281	1.573557	80.663124	0.274642	33.045747	20.592019	-1000.000000	-1000.000000	-64.000000	-1000.000000	-64.000000	-1000.000000	3
194	2	0	3	0	80.569170	1.041603	80.030991	0.278460	41.064672	24.533097	-1000.000000	-1000.000000	-64.000000	-1000.000000	-64.000000	-1000.000000	3
195	3	0	3	0	81.041700	0.849998	81.049385	0.295581	40.156660	28.283776	-1000.000000	-1000.000000	-64.000000	-1000.000000	-64.000000	-1000.000000	3
196	4	0	3	0	82.315798	1.657592	82.588759	0.312393	57.691652	34.540031	-1000.000000	-1000.000000	-64.000000	-1000.000000	-64.000000	-1000.000000	3
197	5	0	3	0	80.756524	0.606110	80.388271	0.257255	63.666599	41.240621	-1000.000000	-1000.000000	-64.000000	-1000.000000	-64.000000	-1000.000000	3
198	6	0	3	0	80.829168	0.546496	80.811271	0.300428	76.538311	63.005705	-1000.000000	-1000.000000	-64.000000	-1000.000000	-64.000000	-1000.000000	3
199	7	0	3	0	79.756714	1.453727	79.956233	0.256403	82.314058	61.900135	-1000.000000	-1000.000000	-64.000000	-1000.000000	-64.000000	-1000.000000	3
256	0	1	0	0	80.508655	1.334616	80.543382	0.272121	28.145191	15.143386	-1000.000000	-1000.000000	-64.000000	-1000.000000	-64.000000	-1000.000000	3
257	1	1	0	0	90.781760	1.452107	91.376308	0.287773	33.500358	21.636241	-1000.000000	-1000.000000	-64.000000	-1000.000000	-64.000000	-1000.000000	3
258	2	1	0	0	79.059845	1.346304	79.370110	0.269790	39.950107	23.273251	-1000.000000	-1000.000000	-64.000000	-1000.000000	-64.000000	-1000.000000	3
259	3	1	0	0	80.752202	0.861377	80.584944	0.260609	43.915500	24.277974	-1000.000000	-1000.000000	-64.000000	-1000.000000	-64.000000	-1000.000000	3
260	4	1	0	0	80.908708	1.290831	80.871807	0.301419	60.006812	29.695451	-1000.000000	-1000.000000	-64.000000	-1000.000000	-64.000000	-1000.000000	3
261	5	1	0	0	86.596910	1.341363	87.007843	0.295012	64.542075	37.441804	-1000.000000	-1000.000000	-64.000000	-1000.000000	-64.000000	-1000.000000	3
262	6	1	0	0	82.055457	1.315847	82.429321	0.306213	77.090556	39.261483	-1000.000000	-1000.000000	-64.000000	-1000.000000	-64.000000	-1000.000000	3
263	7	1	0	0	80.759611	0.469357	79.923265	0.259191	92.534496	50.927214	-1000.000000	-1000.000000	-64.000000	-1000.000000	-64.000000	-1000.000000	3
320	0	1	1	0	80.697042	0.673771	80.412347	0.267657	32.027493	19.398229	-1000.000000	-1000.000000	-64.000000	-1000.000000	-64.000000	-1000.000000	3
321	1	1	1	0	80.335842	1.635323	80.770926	0.289322	34.347841	19.675367	-1000.000000	-1000.000000	-64.000000	-1000.000000	-64.000000	-1000.000000	3
322	2	1	1	0	82.142248	1.255263	82.491986	0.302555	40.214859	23.154814	-1000.000000	-1000.000000	-64.000000	-1000.000000	-64.000000	-1000.000000	3
323	3	1	1	0	80.746792	0.643022	80.483530	0.265791	40.555478	23.489651	-1000.000000	-1000.000000	-64.000000	-1000.000000	-64.000000	-1000.000000	3
324	4	1	1	0	81.641898	1.957896	81.929747	0.335539	59.233431	31.045880	-1000.000000	-1000.000000	-64.000000	-1000.000000	-64.000000	-1000.000000	3
325	5	1	1	0	80.220077	1.821067	80.615478	0.297163	64.998146	34.250405	-1000.000000	-1000.000000	-64.000000	-1000.000000	-64.000000	-1000.000000	3
326	6	1	1	0	80.913970	0.827318	80.839562	0.268715	71.850347	39.011289	-1000.000000	-1000.000000	-64.000000	-1000.000000	-64.000000	-1000.000000	3
327	7	1	1	0	81.043866	0.989394	81.294801	0.302829	85.448219	49.620479	-1000.000000	-1000.000000	-64.000000	-1000.000000	-64.000000	-1000.000000	3
384	0	1	2	0	92.090081	1.945807	92.223551	0.279065	34.602291	19.071850	-1000.000000	-1000.000000	-64.000000	-1000.000000	-64.000000	-1000.000000	3
385	1	1	2	0	80.821210	1.628056	81.047028	0.293660	34.587079	19.909532	-1000.000000	-1000.000000	-64.000000	-1000.000000	-64.000000	-1000.000000	3
386	2	1	2	0	81.420522	1.318326	81.521622	0.302350	39.916919	22.368621	-1000.000000	-1000.000000	-64.000000	-1000.000000	-64.000000	-1000.000000	3
387	3	1	2	0	64.093602	1.796298	64.963339	0.289897	40.150358	22.809417	-1000.000000	-1000.000000	-64.000000	-1000.000000	-64.000000	-1000.000000	3
388	4	1	2	0	81.626638	1.437387	81.759546	0.315318	56.220704	28.766735	-1000.000000	-1000.000000	-64.000000	-1000.000000	-64.000000	-1000.000000	3
389	5	1	2	0	78.604249	1.793889	78.746267	0.295883	60.040409	29.209227	-1000.000000	-1000.000000	-64.000000	-1000.000000	-64.000000	-1000.000000	3
390	6	1	2	0	80.889316	0.820703	80.975806	0.301939	81.267444	46.204038	-1000.000000	-1000.000000	-64.000000	-1000.000000	-64.000000	-1000.000000	3
391	7	1	2	0	80.654766	0.608317	80.122746	0.232370	79.517075	45.505300	-1000.000000	-1000.000000	-64.000000	-1000.000000	-64.000000	-1000.000000	3
448	0	1	3	0	100.752539	1.686760	100.854011	0.302488	35.111748	19.682690	-1000.000000	-1000.000000	-64.000000	-1000.000000	-64.000000	-1000.000000	3
449	1	1	3	0	81.268795	1.105725	81.439981	0.309156	34.533257	20.152438	-1000.000000	-1000.000000	-64.000000	-1000.000000	-64.000000	-1000.000000	3
450	2	1	3	0	80.432858	1.571478	80.568289	0.270435	39.760006	22.506721	-1000.000000	-1000.000000	-64.000000	-1000.000000	-64.000000	-1000.000000	3
451	3	1	3	0	81.094777	0.902863	81.145932	0.287190	39.608674	23.471779	-1000.000000	-1000.000000	-64.000000	-1000.000000	-64.000000	-1000.000000	3
452	4	1	3	0	81.881317	1.681942	82.364982	0.337057	56.277132	28.899152	-1000.000000	-1000.000000	-64.000000	-1000.000000	-64.000000	-1000.000000	3
453	5	1	3	0	73.267889	1.129153	73.195213	0.303368	64.559397	31.443702	-1000.000000	-1000.000000	-64.000000	-1000.000000	-64.000000	-1000.000000	3
454	6	1	3	0	81.615598	1.334251	81.813047	0.310470	71.862214	41.777326	-1000.000000	-1000.000000	-64.000000	-1000.000000	-64.000000	-1000.000000	3
455	7	1	3	0	83.427071	1.301786	84.165410	0.274469	82.130694	52.338157	-1000.000000	-1000.000000	-64.000000	-1000.000000	-64.000000	-1000.000000	3
512	0	0	0	1	81.359872	1.318164	81.461009	0.300322	32.000238	18.862546	-1000.000000	-1000.000000	-64.000000	-1000.000000	-64.000000	-1000.000000	3
513	1	0	0	1	90.673927	1.340798	91.130094	0.275245	35.004827	30.632609	-1000.000000	-1000.000000	-64.000000	-1000.000000	-64.000000	-1000.000000	3
514	2	0	0	1	80.176842	1.313750	80.198377	0.203661	37.682920	23.165645	-1000.000000	-1000.000000	-64.000000	-1000.000000	-64.000000	-1000.000000	3
515	3	0	0	1	80.919655	0.569400	80.643617	0.263215	41.891367	24.161461	-1000.000000	-1000.000000	-64.000000	-1000.000000	-64.000000	-1000.000000	3
516	4	0	0	1	72.210795	1.651449	72.133774	0.245132	48.060696	24.947423	-1000.000000	-1000.000000	-64.000000	-1000.000000	-64.000000	-1000.000000	3
517	5	0	0	1	81.679638	1.283077	81.854723	0.302966	52.991317	29.273627	-1000.000000	-1000.000000	-64.000000	-1000.000000	-64.000000	-1000.000000	3
518	6	0	0	1	80.805585	1.277905	80.724003	0.253308	64.535959	54.430305	-1000.000000	-1000.000000	-64.000000	-1000.000000	-64.000000	-1000.000000	3
519	7	0	0	1	81.650920	1.226154	81.871492	0.311372	76.510082	48.143686	-1000.000000	-1000.000000	-64.000000	-1000.000000	-64.000000	-1000.000000	3
576	0	0	1	1	82.781991	1.392998	83.361478	0.263015	33.742320	20.572516	-1000.000000	-1000.000000	-64.000000	-1000.000000	-64.000000	-1000.000000	3
577	1	0	1	1	79.572429	1.471058	79.824476	0.216614	40.634578	27.161457	-1000.000000	-1000.000000	-64.000000	-1000.000000	-64.000000	-1000.000000	3
578	2	0	1	1	81.020273	1.118108	81.002500	0.288322	37.672573	23.037466	-1000.000000	-1000.000000	-64.000000	-1000.000000	-64.000000	-1000.000000	3
579	3	0	1	1	82.864695	1.197142	83.294288	0.266988	37.802404	22.882547	-1000.000000	-1000.000000	-64.000000	-1000.000000	-64.000000	-1000.000000	3
580	4	0	1	1	80.972216	1.269008	80.888006	0.269257	52.652072	30.140625	-1000.000000	-1000.000000	-64.000000	-1000.000000	-64.000000	-1000.000000	3
581	5	0	1	1	81.578023	1.117533	81.871606	0.310295	58.919258	44.756849	-1000.000000	-1000.000000	-64.000000	-1000.000000	-64.000000	-1000.000000	3
582	6	0	1	1	80.806438	0.495138	80.414780	0.221442	64.736192	38.487619	-1000.000000	-1000.000000	-64.000000	-1000.000000	-64.000000	-1000.000000	3
583	7	0	1	1	80.686887	0.617517	80.227809	0.232307	80.032126	52.745771	-1000.000000	-1000.000000	-64.000000	-1000.000000	-64.000000	-1000.000000	3
640	0	0	2	1	82.443776	1.457982	83.042978	0.277176	34.008194	22.418721	-1000.000000	-1000.000000	-64.000000	-1000.000000	-64.000000	-1000.000000	3
641	1	0	2	1	80.825744	1.341962	80.870438	0.269743	36.558642	21.910713	-1000.000000	-1000.000000	-64.000000	-1000.000000	-64.000000	-1000.000000	3
642	2	0	2	1	80.999815	1.146587	80.884165	0.279610	38.549851	22.635795	-1000.000000	-1000.000000	-64.000000	-1000.000000	-64.000000	-1000.000000	3
643	3	0	2	1	80.571556	0.648241	79.964294	0.201953	38.002098	39.700539	-1000.000000	-1000.000000	-64.000000	-1000.000000	-64.000000	-1000.000000	3
644	4	0	2	1	81.207023	1.379473	81.413250	0.281408	55.217116	30.970502	-1000.000000	-1000.000000	-64.000000	-1000.000000	-64.000000	-1000.000000	3
645	5	0	2	1	79.373506	1.412506	79.569021	0.229173	57.508277	33.283046	-1000.000000	-1000.000000	-64.000000	-1000.000000	-64.000000	-1000.000000	3
646	6	0	2	1	80.741814	0.598767	80.255681	0.226007	65.037112	38.279009	-1000.000000	-1000.000000	-64.000000	-1000.000000	-64.000000	-1000.000000	3
647	7	0	2	1	80.854705	0.830676	80.786288	0.241368	75.280583	45.739780	-1000.000000	-1000.000000	-64.000000	-1000.000000	-64.000000	-1000.000000	3
704	0	0	3	1	79.774740	1.300309	79.928664	0.225235	32.931048	20.258970	-1000.000000	-1000.000000	-64.000000	-1000.000000	-64.000000	-1000.000000	3
705	1	0	3	1	96.841638	1.972462	97.481353	0.299635	41.106857	30.574910	-1000.000000	-1000.000000	-64.000000	-1000.000000	-64.000000	-1000.000000	3
706	2	0	3	1	81.028185	1.093583	80.730809	0.259699	34.888550	19.270108	-1000.000000	-1000.000000	-64.000000	-1000.000000	-64.000000	-1000.000000	3
707	3	0	3	1	81.471881	1.047991	81.284458	0.300969	35.706332	20.377195	-1000.000000	-1000.000000	-64.000000	-1000.000000	-64.000000	-1000.000000	3
708	4	0	3	1	81.458027	1.251686	81.696538	0.280717	52.615955	36.861743	-1000.000000	-1000.000000	-64.000000	-1000.000000	-64.000000	-1000.000000	3
709	5	0	3	1	81.080902	1.298796	81.042084	0.280560	58.110289	41.272561	-1000.000000	-1000.000000	-64.000000	-1000.000000	-64.000000	-1000.000000	3
710	6	0	3	1	80.749635	0.718061	80.601029	0.270721	65.553629	36.917051	-1000.000000	-1000.000000	-64.000000	-1000.000000	-64.000000	-1000.000000	3
711	7	0	3	1	81.025966	0.852783	80.976795	0.249503	80.470986	54.378512	-1000.000000	-1000.000000	-64.000000	-1000.000000	-64.000000	-1000.000000	3
768	0	1	0	1	81.026682	1.308737	81.108096	0.270636	32.429701	17.950250	-1000.000000	-1000.000000	-64.000000	-1000.000000	-64.000000	-1000.000000	3
769	1	1	0	1	81.249303	1.303858	81.239588	0.288003	35.495674	20.310077	-1000.000000	-1000.000000	-64.000000	-1000.000000	-64.000000	-1000.000000	3
770	2	1	0	1	85.908035	1.311545	86.141701	0.302227	39.139193	22.310236	-1000.000000	-1000.000000	-64.000000	-1000.000000	-64.000000	-1000.000000	3
771	3	1	0	1	80.777151	0.479622	80.130693	0.218682	42.447045	23.377310	-1000.000000	-1000.000000	-64.000000	-1000.000000	-64.000000	-1000.000000	3
772	4	1	0	1	79.589461	1.507513	79.729338	0.232273	51.942890	24.916474	-1000.000000	-1000.000000	-64.000000	-1000.000000	-64.000000	-1000.000000	3
773	5	1	0	1	80.795648	0.652822	80.527031	0.259099	55.193824	27.429804	-1000.000000	-1000.000000	-64.000000	-1000.000000	-64.000000	-1000.000000	3
774	6	1	0	1	77.541131	0.945311	77.881154	0.300566	61.270342	31.429135	-1000.000000	-1000.000000	-64.000000	-1000.000000	-64.000000	-1000.000000	3
775	7	1	0	1	79.938177	1.399448	80.073009	0.206521	80.286756	47.463175	-1000.000000	-1000.000000	-64.000000	-1000.000000	-64.000000	-1000.000000	3
832	0	1	1	1	81.086087	1.004070	81.162777	0.279559	35.292442	19.342122	-1000.000000	-1000.000000	-64.000000	-1000.000000	-64.000000	-1000.000000	3
833	1	1	1	1	80.650709	1.372083	80.594412	0.238903	36.566826	20.140333	-1000.000000	-1000.000000	-64.000000	-1000.000000	-64.000000	-1000.000000	3
834	2	1	1	1	81.367251	1.133978	81.225252	0.292244	35.077456	19.649619	-1000.000000	-1000.000000	-64.000000	-1000.000000	-64.000000	-1000.000000	3
835	3	1	1	1	81.294601	0.933168	81.426520	0.295301	38.411057	22.022618	-1000.000000	-1000.000000	-64.000000	-1000.000000	-64.000000	-1000.000000	3
836	4	1	1	1	-1000.000000	-1000.000000	64.364899	0.229675	-1000.000000	-1000.000000	-1000.000000	-1000.000000	-64.000000	-1000.000000	-64.000000	-1000.000000	3
837	5	1	1	1	85.122643	1.058698	84.966528	0.281552	55.944917	26.275430	-1000.000000	-1000.000000	-64.000000	-1000.000000	-64.000000	-1000.000000	3
838	6	1	1	1	80.963461	0.925931	80.730125	0.263194	63.689745	33.136001	-1000.000000	-1000.000000	-64.000000	-1000.000000	-64.000000	-1000.000000	3
839	7	1	1	1	80.680535	0.695459	80.312755	0.236040	77.734798	42.727160	-1000.000000	-1000.000000	-64.000000	-1000.000000	-64.000000	-1000.000000	3
896	0	1	2	1	81.255239	0.958107	81.385909	0.282173	33.909327	18.261038	-1000.000000	-1000.000000	-64.000000	-1000.000000	-64.000000	-1000.000000	3
897	1	1	2	1	81.669015	1.206816	81.938835	0.303577	37.646562	20.291339	-1000.000000	-1000.000000	-64.000000	-1000.000000	-64.000000	-1000.000000	3
898	2	1	2	1	81.877841	1.151026	82.108959	0.303557	38.946858	21.573318	-1000.000000	-1000.000000	-64.000000	-1000.000000	-64.000000	-1000.000000	3
899	3	1	2	1	80.415817	1.105976	80.233588	0.232516	40.068593	23.292162	-1000.000000	-1000.000000	-64.000000	-1000.000000	-64.000000	-1000.000000	3
900	4	1	2	1	81.116422	1.183018	80.907969	0.275896	48.659548	22.928478	-1000.000000	-1000.000000	-64.000000	-1000.000000	-64.000000	-1000.000000	3
901	5	1	2	1	81.321806	1.078074	81.362334	0.283920	55.185936	26.588879	-1000.000000	-1000.000000	-64.000000	-1000.000000	-64.000000	-1000.000000	3
902	6	1	2	1	80.717905	0.439911	79.901172	0.218443	69.390555	36.829567	-1000.000000	-1000.000000	-64.000000	-1000.000000	-64.000000	-1000.000000	3
903	7	1	2	1	80.620872	0.587817	80.149629	0.220530	75.940181	43.492165	-1000.000000	-1000.000000	-64.000000	-1000.000000	-64.000000	-1000.000000	3
960	0	1	3	1	80.705172	1.216248	80.488512	0.223906	34.476718	17.795153	-1000.000000	-1000.000000	-64.000000	-1000.000000	-64.000000	-1000.000000	3
961	1	1	3	1	80.793764	0.685873	80.684760	0.273770	37.477747	21.622286	-1000.000000	-1000.000000	-64.000000	-1000.000000	-64.000000	-1000.000000	3
962	2	1	3	1	80.871093	0.523294	80.578898	0.230561	38.644726	20.722816	-1000.000000	-1000.000000	-64.000000	-1000.000000	-64.000000	-1000.000000	3
963	3	1	3	1	79.858985	1.264198	79.988174	0.213907	37.792221	20.477086	-1000.000000	-1000.000000	-64.000000	-1000.000000	-64.000000	-1000.000000	3
964	4	1	3	1	81.064399	1.430017	81.082886	0.271514	49.230554	23.262526	-1000.000000	-1000.000000	-64.000000	-1000.000000	-64.000000	-1000.000000	3
965	5	1	3	1	80.452204	1.356918	80.488778	0.223394	57.754684	29.831751	-1000.000000	-1000.000000	-64.000000	-1000.000000	-64.000000	-1000.000000	3
966	6	1	3	1	81.182281	1.041633	81.204453	0.289141	65.073637	31.874969	-1000.000000	-1000.000000	-64.000000	-1000.000000	-64.000000	-1000.000000	3
967	7	1	3	1	-1000.000000	-1000.000000	-1000.000000	-1000.000000	-1000.000000	-1000.000000	-1000.000000	-1000.000000	-64.000000	-1000.000000	-64.000000	-1000.000000	0
1024	0	0	0	2	78.501809	1.294911	78.883766	0.288481	27.894273	16.873866	-1000.000000	-1000.000000	-64.000000	-1000.000000	-64.000000	-1000.000000	3
1025	1	0	0	2	83.670750	1.598875	83.867101	0.246405	38.130414	21.492014	-1000.000000	-1000.000000	-64.000000	-1000.000000	-64.000000	-1000.000000	3
1026	2	0	0	2	72.794045	0.488801	72.185640	0.283006	40.398055	24.128119	-1000.000000	-1000.000000	-64.000000	-1000.000000	-64.000000	-1000.000000	3
1027	3	0	0	2	79.882919	1.524571	80.082211	0.249110	44.754036	25.716221	-1000.000000	-1000.000000	-64.000000	-1000.000000	-64.000000	-1000.000000	3
1028	4	0	0	2	81.088814	1.840023	81.235443	0.308357	60.293178	32.768387	-1000.000000	-1000.000000	-64.000000	-1000.000000	-64.000000	-1000.000000	3
1029	5	0	0	2	79.487045	1.324561	79.970644	0.261411	65.878211	37.573366	-1000.000000	-1000.000000	-64.000000	-1000.000000	-64.000000	-1000.000000	3
1030	6	0	0	2	80.862192	1.248413	80.849980	0.278679	71.219737	43.926691	-1000.000000	-1000.000000	-64.000000	-1000.000000	-64.000000	-1000.000000	3
1031	7	0	0	2	80.105620	1.045486	79.975626	0.140467	-1000.000000	-1000.000000	-1000.000000	-1000.000000	-64.000000	-1000.000000	-64.000000	-1000.000000	0
1088	0	0	1	2	79.975021	1.564063	79.620741	0.275166	27.987346	16.386089	-1000.000000	-1000.000000	-64.000000	-1000.000000	-64.000000	-1000.000000	3
1089	1	0	1	2	77.743262	1.193284	77.780083	0.309190	40.137495	22.795527	-1000.000000	-1000.000000	-64.000000	-1000.000000	-64.000000	-1000.000000	3
1090	2	0	1	2	81.373001	1.152490	81.628397	0.309602	41.868044	24.480900	-1000.000000	-1000.000000	-64.000000	-1000.000000	-64.000000	-1000.000000	3
1091	3	0	1	2	79.715459	1.424106	79.887255	0.249071	45.728780	26.360812	-1000.000000	-1000.000000	-64.000000	-1000.000000	-64.000000	-1000.000000	3
1092	4	0	1	2	80.554201	1.517563	80.677536	0.269585	57.664602	29.675411	-1000.000000	-1000.000000	-64.000000	-1000.000000	-64.000000	-1000.000000	3
1093	5	0	1	2	80.096500	1.551818	80.047189	0.275025	57.656775	32.594237	-1000.000000	-1000.000000	-64.000000	-1000.000000	-64.000000	-1000.000000	3
1094	6	0	1	2	80.749515	0.463053	79.928626	0.238928	70.913578	38.830608	-1000.000000	-1000.000000	-64.000000	-1000.000000	-64.000000	-1000.000000	3
1095	7	0	1	2	80.593463	0.548140	79.699070	0.250353	91.455570	54.914767	-1000.000000	-1000.000000	-64.000000	-1000.000000	-64.000000	-1000.000000	3
1152	0	0	2	2	78.181615	1.485224	78.482865	0.305745	28.723218	17.795842	-1000.000000	-1000.000000	-64.000000	-1000.000000	-64.000000	-1000.000000	3
1153	1	0	2	2	77.743979	1.287419	77.629162	0.307997	42.446726	23.998047	-1000.000000	-1000.000000	-64.000000	-1000.000000	-64.000000	-1000.000000	3
1154	2	0	2	2	80.879539	1.317507	80.843060	0.275636	37.763635	21.880421	-1000.000000	-1000.000000	-64.000000	-1000.000000	-64.000000	-1000.000000	3
1155	3	0	2	2	80.843020	0.512051	81.201220	0.295365	44.433468	25.687915	-1000.000000	-1000.000000	-64.000000	-1000.000000	-64.000000	-1000.000000	3
1156	4	0	2	2	80.710608	1.529120	80.834808	0.290369	56.663915	29.312197	-1000.000000	-1000.000000	-64.000000	-1000.000000	-64.000000	-1000.000000	3
1157	5	0	2	2	81.475970	1.177231	81.694789	0.308053	64.477616	33.841844	-1000.000000	-1000.000000	-64.000000	-1000.000000	-64.000000	-1000.000000	3
1158	6	0	2	2	81.228712	1.076183	81.200764	0.289872	72.535030	36.589310	-1000.000000	-1000.000000	-64.000000	-1000.000000	-64.000000	-1000.000000	3
1159	7	0	2	2	80.711438	0.636788	80.391693	0.258354	85.754529	47.543812	-1000.000000	-1000.000000	-64.000000	-1000.000000	-64.000000	-1000.000000	3
1216	0	0	3	2	80.359918	1.361271	80.264883	0.253264	34.396501	19.597652	-1000.000000	-1000.000000	-64.000000	-1000.000000	-64.000000	-1000.000000	3
1217	1	0	3	2	80.264593	1.401164	80.108334	0.249469	39.377240	23.042773	-1000.000000	-1000.000000	-64.000000	-1000.000000	-64.000000	-1000.000000	3
1218	2	0	3	2	80.902696	1.030119	80.897208	0.281238	41.813121	24.267019	-1000.000000	-1000.000000	-64.000000	-1000.000000	-64.000000	-1000.000000	3
1219	3	0	3	2	81.282911	0.947944	81.388837	0.297174	44.843054	25.265436	-1000.000000	-1000.000000	-64.000000	-1000.000000	-64.000000	-1000.000000	3
1220	4	0	3	2	79.008137	1.665763	79.245463	0.292948	55.899531	27.998405	-1000.000000	-1000.000000	-64.000000	-1000.000000	-64.000000	-1000.000000	3
1221	5	0	3	2	81.312052	1.013420	81.529265	0.303795	64.124285	33.559829	-1000.000000	-1000.000000	-64.000000	-1000.000000	-64.000000	-1000.000000	3
1222	6	0	3	2	80.879051	0.552519	80.883101	0.299328	68.053799	37.187735	-1000.000000	-1000.000000	-64.000000	-1000.000000	-64.000000	-1000.000000	3
1223	7	0	3	2	80.769320	1.451891	80.842566	0.282881	84.473982	54.292161	-1000.000000	-1000.000000	-64.000000	-1000.000000	-64.000000	-1000.000000	3
1280	0	1	0	2	79.249581	1.378131	79.689678	0.255315	26.500403	17.164838	-1000.000000	-1000.000000	-64.000000	-1000.000000	-64.000000	-1000.000000	3
1281	1	1	0	2	79.171061	1.415408	79.404409	0.277383	36.306990	21.287783	-1000.000000	-1000.000000	-64.000000	-1000.000000	-64.000000	-1000.000000	3
1282	2	1	0	2	80.201826	1.405025	80.251042	0.257134	38.557203	22.597667	-1000.000000	-1000.000000	-64.000000	-1000.000000	-64.000000	-1000.000000	3
1283	3	1	0	2	81.622584	1.149299	81.827307	0.306016	40.928847	23.301416	-1000.000000	-1000.000000	-64.000000	-1000.000000	-64.000000	-1000.000000	3
1284	4	1	0	2	79.657081	1.811549	79.620322	0.272645	55.630455	26.696399	-1000.000000	-1000.000000	-64.000000	-1000.000000	-64.000000	-1000.000000	3
1285	5	1	0	2	75.304974	1.532146	75.857101	0.272074	61.540373	31.613550	-1000.000000	-1000.000000	-64.000000	-1000.000000	-64.000000	-1000.000000	3
1286	6	1	0	2	80.056803	1.342641	79.909043	0.237903	67.086258	36.469755	-1000.000000	-1000.000000	-64.000000	-1000.000000	-64.000000	-1000.000000	3
1287	7	1	0	2	78.554578	2.051663	78.562148	0.306630	84.826647	48.729801	-1000.000000	-1000.000000	-64.000000	-1000.000000	-64.000000	-1000.000000	3
1344	0	1	1	2	79.056498	1.837444	79.299535	0.271736	25.824769	16.925592	-1000.000000	-1000.000000	-64.000000	-1000.000000	-64.000000	-1000.000000	3
1345	1	1	1	2	80.843016	1.164467	80.518133	0.274913	38.789486	22.377435	-1000.000000	-1000.000000	-64.000000	-1000.000000	-64.000000	-1000.000000	3
1346	2	1	1	2	77.709730	1.291880	77.786776	0.308979	40.667907	23.276982	-1000.000000	-1000.000000	-64.000000	-1000.000000	-64.000000	-1000.000000	3
1347	3	1	1	2	80.609539	0.667929	79.992053	0.255669	44.281760	26.535606	-1000.000000	-1000.000000	-64.000000	-1000.000000	-64.000000	-1000.000000	3
1348	4	1	1	2	79.359126	1.404180	79.746905	0.263402	55.489349	27.410709	-1000.000000	-1000.000000	-64.000000	-1000.000000	-64.000000	-1000.000000	3
1349	5	1	1	2	80.829846	1.753442	81.060223	0.304982	67.120940	37.371068	-1000.000000	-1000.000000	-64.000000	-1000.000000	-64.000000	-1000.000000	3
1350	6	1	1	2	85.501687	1.103735	85.974314	0.309908	70.613051	41.256372	-1000.000000	-1000.000000	-64.000000	-1000.000000	-64.000000	-1000.000000	3
1351	7	1	1	2	87.203860	1.931587	87.370338	0.277607	82.491772	53.527440	-1000.000000	-1000.000000	-64.000000	-1000.000000	-64.000000	-1000.000000	3
1408	0	1	2	2	80.835240	0.957087	80.769443	0.278955	32.555004	18.151912	-1000.000000	-1000.000000	-64.000000	-1000.000000	-64.000000	-1000.000000	3
1409	1	1	2	2	79.628629	1.519255	79.734471	0.276152	39.092266	22.608192	-1000.000000	-1000.000000	-64.000000	-1000.000000	-64.000000	-1000.000000	3
1410	2	1	2	2	80.320054	1.434627	80.507106	0.256186	41.595915	23.804335	-1000.000000	-1000.000000	-64.000000	-1000.000000	-64.000000	-1000.000000	3
1411	3	1	2	2	79.847582	1.377214	79.895811	0.244683	40.590463	22.749727	-1000.000000	-1000.000000	-64.000000	-1000.000000	-64.000000	-1000.000000	3
1412	4	1	2	2	79.851751	1.642270	80.339486	0.272835	60.572055	30.315064	-1000.000000	-1000.000000	-64.000000	-1000.000000	-64.000000	-1000.000000	3
1413	5	1	2	2	80.766687	0.473595	79.861246	0.263577	60.345876	29.085832	-1000.000000	-1000.000000	-64.000000	-1000.000000	-64.000000	-1000.000000	3
1414	6	1	2	2	79.504722	1.881937	79.444336	0.270574	67.253858	35.421288	-1000.000000	-1000.000000	-64.000000	-1000.000000	-64.000000	-1000.000000	3
1415	7	1	2	2	80.678487	0.659576	80.244578	0.240113	83.470455	49.073659	-1000.000000	-1000.000000	-64.000000	-1000.000000	-64.000000	-1000.000000	3
1472	0	1	3	2	84.034113	1.684585	84.049053	0.291392	34.390094	20.213300	-1000.000000	-1000.000000	-64.000000	-1000.000000	-64.000000	-1000.000000	3
1473	1	1	3	2	80.228878	1.418643	80.197161	0.264834	39.812794	23.213658	-1000.000000	-1000.000000	-64.000000	-1000.000000	-64.000000	-1000.000000	3
1474	2	1	3	2	80.690630	1.346558	80.692556	0.266487	40.507573	23.636968	-1000.000000	-1000.000000	-64.000000	-1000.000000	-64.000000	-1000.000000	3
1475	3	1	3	2	80.843012	0.512047	80.383632	0.253200	44.633542	24.977829	-1000.000000	-1000.000000	-64.000000	-1000.000000	-64.000000	-1000.000000	3
1476	4	1	3	2	70.056844	1.558755	70.410202	0.321647	57.499015	26.974344	-1000.000000	-1000.000000	-64.000000	-1000.000000	-64.000000	-1000.000000	3
1477	5	1	3	2	80.476247	1.671971	80.839485	0.293566	67.485192	37.372759	-1000.000000	-1000.000000	-64.000000	-1000.000000	-64.000000	-1000.000000	3
1478	6	1	3	2	79.426093	1.561719	79.841967	0.270567	75.204573	43.608576	-1000.000000	-1000.000000	-64.000000	-1000.000000	-64.000000	-1000.000000	3
1479	7	1	3	2	80.411373	1.406468	80.509806	0.275081	83.913365	50.657585	-1000.000000	-1000.000000	-64.000000	-1000.000000	-64.000000	-1000.000000	3
1536	0	0	0	3	80.491230	1.325516	80.399418	0.254060	38.782280	21.021246	-1000.000000	-1000.000000	-64.000000	-1000.000000	-64.000000	-1000.000000	3
1537	1	0	0	3	80.807139	0.894411	80.648560	0.270192	38.915662	22.503219	-1000.000000	-1000.000000	-64.000000	-1000.000000	-64.000000	-1000.000000	3
1538	2	0	0	3	81.811161	1.328571	81.958760	0.310942	40.995163	22.643815	-1000.000000	-1000.000000	-64.000000	-1000.000000	-64.000000	-1000.000000	3
1539	3	0	0	3	80.957513	0.818886	80.739973	0.263391	34.362354	19.976306	-1000.000000	-1000.000000	-64.000000	-1000.000000	-64.000000	-1000.000000	3
1540	4	0	0	3	74.562637	1.681231	74.888976	0.324312	48.941570	23.171429	-1000.000000	-1000.000000	-64.000000	-1000.000000	-64.000000	-1000.000000	3
1541	5	0	0	3	51.005958	1.481159	51.154891	0.297856	65.013159	34.231142	-1000.000000	-1000.000000	-64.000000	-1000.000000	-64.000000	-1000.000000	3
1542	6	0	0	3	81.082403	1.231594	80.986453	0.284312	63.938809	34.652669	-1000.000000	-1000.000000	-64.000000	-1000.000000	-64.000000	-1000.000000	3
1543	7	0	0	3	81.336189	1.113123	81.172207	0.292976	74.931674	44.615109	-1000.000000	-1000.000000	-64.000000	-1000.000000	-64.000000	-1000.000000	3
1600	0	0	1	3	80.927389	1.169265	80.831310	0.279356	38.412243	20.647563	-1000.000000	-1000.000000	-64.000000	-1000.000000	-64.000000	-1000.000000	3
1601	1	0	1	3	94.205583	1.335812	94.448145	0.308668	45.015171	29.742042	-1000.000000	-1000.000000	-64.000000	-1000.000000	-64.000000	-1000.000000	3
1602	2	0	1	3	87.409744	1.464309	87.699447	0.242780	41.967788	23.952655	-1000.000000	-1000.000000	-64.000000	-1000.000000	-64.000000	-1000.000000	3
1603	3	0	1	3	80.735387	1.396108	80.644758	0.270514	31.250751	18.437210	-1000.000000	-1000.000000	-64.000000	-1000.000000	-64.000000	-1000.000000	3
1604	4	0	1	3	81.593351	1.326142	81.758861	0.308478	45.188231	22.142087	-1000.000000	-1000.000000	-64.000000	-1000.000000	-64.000000	-1000.000000	3
1605	5	0	1	3	81.363276	1.089616	81.520253	0.301373	53.188346	25.385932	-1000.000000	-1000.000000	-64.000000	-1000.000000	-64.000000	-1000.000000	3
1606	6	0	1	3	81.416727	1.224301	81.702660	0.307993	70.810660	37.706404	-1000.000000	-1000.000000	-64.000000	-1000.000000	-64.000000	-1000.000000	3
1607	7	0	1	3	78.680577	1.705761	78.882930	0.302227	72.372215	38.527004	-1000.000000	-1000.000000	-64.000000	-1000.000000	-64.000000	-1000.000000	3
1664	0	0	2	3	80.576764	1.109224	80.415161	0.248471	38.514646	20.899372	-1000.000000	-1000.000000	-64.000000	-1000.000000	-64.000000	-1000.000000	3
1665	1	0	2	3	80.778699	1.347254	80.680464	0.271005	41.750909	23.702920	-1000.000000	-1000.000000	-64.000000	-1000.000000	-64.000000	-1000.000000	3
1666	2	0	2	3	81.742742	1.063838	81.711178	0.310236	39.907402	21.306465	-1000.000000	-1000.000000	-64.000000	-1000.000000	-64.000000	-1000.000000	3
1667	3	0	2	3	82.052281	1.397225	82.460463	0.315060	28.774099	18.231478	-1000.000000	-1000.000000	-64.000000	-1000.000000	-64.000000	-1000.000000	3
1668	4	0	2	3	83.660468	1.904053	83.801356	0.283144	46.515655	23.327505	-1000.000000	-1000.000000	-64.000000	-1000.000000	-64.000000	-1000.000000	3
1669	5	0	2	3	80.884185	1.679008	81.143080	0.306786	60.718072	31.886685	-1000.000000	-1000.000000	-64.000000	-1000.000000	-64.000000	-1000.000000	3
1670	6	0	2	3	82.121378	1.032889	82.601079	0.304769	65.584999	33.178504	-1000.000000	-1000.000000	-64.000000	-1000.000000	-64.000000	-1000.000000	3
1671	7	0	2	3	80.771938	0.661458	80.549884	0.272705	76.503728	39.892566	-1000.000000	-1000.000000	-64.000000	-1000.000000	-64.000000	-1000.000000	3
1728	0	0	3	3	81.725661	1.129589	81.662353	0.301665	35.588597	18.928340	-1000.000000	-1000.000000	-64.000000	-1000.000000	-64.000000	-1000.000000	3
1729	1	0	3	3	84.983280	1.320307	84.858764	0.276701	41.922261	27.592763	-1000.000000	-1000.000000	-64.000000	-1000.000000	-64.000000	-1000.000000	3
1730	2	0	3	3	81.209386	1.143398	81.172740	0.291100	37.267810	20.822483	-1000.000000	-1000.000000	-64.000000	-1000.000000	-64.000000	-1000.000000	3
1731	3	0	3	3	80.856506	0.648913	80.615136	0.264811	26.902396	16.564627	-1000.000000	-1000.000000	-64.000000	-1000.000000	-64.000000	-1000.000000	3
1732	4	0	3	3	80.515710	1.590650	80.608938	0.284797	46.590251	22.575099	-1000.000000	-1000.000000	-64.000000	-1000.000000	-64.000000	-1000.000000	3
1733	5	0	3	3	91.380599	1.326496	91.900792	0.253918	63.012199	36.321330	-1000.000000	-1000.000000	-64.000000	-1000.000000	-64.000000	-1000.000000	3
1734	6	0	3	3	81.510389	1.078243	81.556795	0.302039	60.903674	30.097525	-1000.000000	-1000.000000	-64.000000	-1000.000000	-64.000000	-1000.000000	3
1735	7	0	3	3	81.099136	0.926785	81.391537	0.307616	83.382812	47.410279	-1000.000000	-1000.000000	-64.000000	-1000.000000	-64.000000	-1000.000000	3
1792	0	1	0	3	79.640867	1.575767	79.797060	0.257225	39.120938	21.352824	-1000.000000	-1000.000000	-64.000000	-1000.000000	-64.000000	-1000.000000	3
1793	1	1	0	3	80.482814	1.289563	80.447368	0.249901	40.770237	23.408304	-1000.000000	-1000.000000	-64.000000	-1000.000000	-64.000000	-1000.000000	3
1794	2	1	0	3	79.664012	1.712047	79.609790	0.252866	42.107996	23.947383	-1000.000000	-1000.000000	-64.000000	-1000.000000	-64.000000	-1000.000000	3
1795	3	1	0	3	67.223760	1.515235	67.373039	0.272588	29.061152	17.152925	-1000.000000	-1000.000000	-64.000000	-1000.000000	-64.000000	-1000.000000	3
1796	4	1	0	3	76.013361	1.673127	76.223095	0.275342	42.800613	20.532508	-1000.000000	-1000.000000	-64.000000	-1000.000000	-64.000000	-1000.000000	3
1797	5	1	0	3	80.572173	0.663863	80.065061	0.233566	57.265226	27.538176	-1000.000000	-1000.000000	-64.000000	-1000.000000	-64.000000	-1000.000000	3
1798	6	1	0	3	81.789617	1.413379	81.939025	0.318244	70.099432	36.623958	-1000.000000	-1000.000000	-64.000000	-1000.000000	-64.000000	-1000.000000	3
1799	7	1	0	3	81.858521	1.195304	81.952106	0.308875	79.582996	48.076950	-1000.000000	-1000.000000	-64.000000	-1000.000000	-64.000000	-1000.000000	3
1856	0	1	1	3	80.382719	1.251919	80.315493	0.249714	38.601783	20.791201	-1000.000000	-1000.000000	-64.000000	-1000.000000	-64.000000	-1000.000000	3
1857	1	1	1	3	81.444662	1.305261	81.612692	0.315631	41.135598	22.852627	-1000.000000	-1000.000000	-64.000000	-1000.000000	-64.000000	-1000.000000	3
1858	2	1	1	3	81.133858	1.151977	80.914928	0.286868	42.867073	23.183478	-1000.000000	-1000.000000	-64.000000	-1000.000000	-64.000000	-1000.000000	3
1859	3	1	1	3	80.761966	0.470783	79.843450	0.244192	30.843863	18.470084	-1000.000000	-1000.000000	-64.000000	-1000.000000	-64.000000	-1000.000000	3
1860	4	1	1	3	82.033012	1.206389	82.297678	0.307097	42.566742	20.544981	-1000.000000	-1000.000000	-64.000000	-1000.000000	-64.000000	-1000.000000	3
1861	5	1	1	3	81.619477	1.048331	81.778292	0.304468	52.009274	25.937206	-1000.000000	-1000.000000	-64.000000	-1000.000000	-64.000000	-1000.000000	3
1862	6	1	1	3	82.470080	1.256533	82.810529	0.315692	65.624043	33.063531	-1000.000000	-1000.000000	-64.000000	-1000.000000	-64.000000	-1000.000000	3
1863	7	1	1	3	81.300987	1.027897	81.415493	0.301258	77.265863	39.036894	-1000.000000	-1000.000000	-64.000000	-1000.000000	-64.000000	-1000.000000	3
1920	0	1	2	3	80.394532	1.026220	79.780177	0.249258	39.237031	23.863582	-1000.000000	-1000.000000	-64.000000	-1000.000000	-64.000000	-1000.000000	3
1921	1	1	2	3	80.271782	1.554216	80.405274	0.260417	41.637104	23.451325	-1000.000000	-1000.000000	-64.000000	-1000.000000	-64.000000	-1000.000000	3
1922	2	1	2	3	81.029320	0.966853	80.973487	0.291320	44.197252	24.131102	-1000.000000	-1000.000000	-64.000000	-1000.000000	-64.000000	-1000.000000	3
1923	3	1	2	3	81.625118	1.100747	81.692545	0.305745	30.118930	18.557217	-1000.000000	-1000.000000	-64.000000	-1000.000000	-64.000000	-1000.000000	3
1924	4	1	2	3	86.718360	1.297270	87.102906	0.292956	41.005453	21.334407	-1000.000000	-1000.000000	-64.000000	-1000.000000	-64.000000	-1000.000000	3
1925	5	1	2	3	81.087069	1.101334	81.278488	0.311715	59.003176	27.697424	-1000.000000	-1000.000000	-64.000000	-1000.000000	-64.000000	-1000.000000	3
1926	6	1	2	3	80.665898	0.579044	80.144610	0.199310	66.884620	33.870031	-1000.000000	-1000.000000	-64.000000	-1000.000000	-64.000000	-1000.000000	3
1927	7	1	2	3	80.887699	0.588670	80.647153	0.258173	72.341525	38.911069	-1000.000000	-1000.000000	-64.000000	-1000.000000	-64.000000	-1000.000000	3
1984	0	1	3	3	79.625456	1.570133	79.832004	0.254173	39.109915	22.288869	-1000.000000	-1000.000000	-64.000000	-1000.000000	-64.000000	-1000.000000	3
1985	1	1	3	3	81.580868	1.049338	81.595885	0.303354	38.949799	21.576968	-1000.000000	-1000.000000	-64.000000	-1000.000000	-64.000000	-1000.000000	3
1986	2	1	3	3	80.977267	0.855302	80.937629	0.285872	43.872298	24.426876	-1000.000000	-1000.000000	-64.000000	-1000.000000	-64.000000	-1000.000000	3
1987	3	1	3	3	81.772914	1.154708	81.771486	0.305198	29.906703	17.392160	-1000.000000	-1000.000000	-64.000000	-1000.000000	-64.000000	-1000.000000	3
1988	4	1	3	3	80.740456	1.685680	80.765184	0.298723	47.030354	23.355696	-1000.000000	-1000.000000	-64.000000	-1000.000000	-64.000000	-1000.000000	3
1989	5	1	3	3	79.384060	1.618007	79.654088	0.266093	62.737356	32.416202	-1000.000000	-1000.000000	-64.000000	-1000.000000	-64.000000	-1000.000000	3
1990	6	1	3	3	81.271207	1.034410	81.152282	0.297754	64.123493	30.332186	-1000.000000	-1000.000000	-64.000000	-1000.000000	-64.000000	-1000.000000	3
1991	7	1	3	3	81.576470	1.324419	81.637028	0.315351	81.813879	48.981918	-1000.000000	-1000.000000	-64.000000	-1000.000000	-64.000000	-1000.000000	3
2048	0	0	0	4	78.636355	1.281649	78.567205	0.300150	29.873869	18.502702	-1000.000000	-1000.000000	-64.000000	-1000.000000	-64.000000	-1000.000000	3
2049	1	0	0	4	79.716484	1.641697	79.615532	0.264386	41.924748	23.459443	-1000.000000	-1000.000000	-64.000000	-1000.000000	-64.000000	-1000.000000	3
2050	2	0	0	4	80.752265	0.464802	79.824856	0.253211	27.540237	19.085339	-1000.000000	-1000.000000	-64.000000	-1000.000000	-64.000000	-1000.000000	3
2051	3	0	0	4	80.672049	1.334762	80.612588	0.277284	35.354947	19.700213	-1000.000000	-1000.000000	-64.000000	-1000.000000	-64.000000	-1000.000000	3
2052	4	0	0	4	81.072286	1.597722	81.091403	0.300767	48.413772	24.691436	-1000.000000	-1000.000000	-64.000000	-1000.000000	-64.000000	-1000.000000	3
2053	5	0	0	4	80.229009	1.478981	80.313022	0.269752	51.461238	26.936518	-1000.000000	-1000.000000	-64.000000	-1000.000000	-64.000000	-1000.000000	3
2054	6	0	0	4	80.885629	0.957315	80.857129	0.277133	59.098778	32.397322	-1000.000000	-1000.000000	-64.000000	-1000.000000	-64.000000	-1000.000000	3
2055	7	0	0	4	80.834128	1.224232	80.667915	0.266667	64.065720	39.384069	-1000.000000	-1000.000000	-64.000000	-1000.000000	-64.000000	-1000.000000	3
2112	0	0	1	4	80.831469	0.506990	80.207846	0.253463	28.884143	18.636719	-1000.000000	-1000.000000	-64.000000	-1000.000000	-64.000000	-1000.000000	3
2113	1	0	1	4	77.724186	1.391724	77.662426	0.312630	40.879944	23.112218	-1000.000000	-1000.000000	-64.000000	-1000.000000	-64.000000	-1000.000000	3
2114	2	0	1	4	80.849142	0.824646	80.606656	0.273458	31.947025	19.217175	-1000.000000	-1000.000000	-64.000000	-1000.000000	-64.000000	-1000.000000	3
2115	3	0	1	4	80.739822	0.808374	80.643047	0.264636	39.250819	22.089734	-1000.000000	-1000.000000	-64.000000	-1000.000000	-64.000000	-1000.000000	3
2116	4	0	1	4	80.589892	1.420393	80.632780	0.275253	48.577555	23.959212	-1000.000000	-1000.000000	-64.000000	-1000.000000	-64.000000	-1000.000000	3
2117	5	0	1	4	79.692738	1.927517	79.474033	0.281552	54.208411	26.785246	-1000.000000	-1000.000000	-64.000000	-1000.000000	-64.000000	-1000.000000	3
2118	6	0	1	4	72.853330	0.516353	72.588557	0.267750	66.432714	43.960540	-1000.000000	-1000.000000	-64.000000	-1000.000000	-64.000000	-1000.000000	3
2119	7	0	1	4	80.884297	0.528065	80.903368	0.288605	71.294555	41.328914	-1000.000000	-1000.000000	-64.000000	-1000.000000	-64.000000	-1000.000000	3
2176	0	0	2	4	78.579566	1.706016	78.673334	0.301082	29.713857	17.970601	-1000.000000	-1000.000000	-64.000000	-1000.000000	-64.000000	-1000.000000	3
2177	1	0	2	4	80.415049	1.407754	80.371388	0.269277	38.421829	21.757773	-1000.000000	-1000.000000	-64.000000	-1000.000000	-64.000000	-1000.000000	3
2178	2	0	2	4	81.075120	1.058675	80.876104	0.273427	28.296810	17.834229	-1000.000000	-1000.000000	-64.000000	-1000.000000	-64.000000	-1000.000000	3
2179	3	0	2	4	79.566982	1.994596	79.214967	0.283397	39.656077	23.978452	-1000.000000	-1000.000000	-64.000000	-1000.000000	-64.000000	-1000.000000	3
2180	4	0	2	4	82.056046	1.354016	82.401296	0.307269	46.059716	23.230242	-1000.000000	-1000.000000	-64.000000	-1000.000000	-64.000000	-1000.000000	3
2181	5	0	2	4	81.372784	1.094244	81.527173	0.304255	55.613838	27.525581	-1000.000000	-1000.000000	-64.000000	-1000.000000	-64.000000	-1000.000000	3
2182	6	0	2	4	80.141458	1.366609	79.971177	0.256376	64.440530	36.129691	-1000.000000	-1000.000000	-64.000000	-1000.000000	-64.000000	-1000.000000	3
2183	7	0	2	4	80.991182	0.868364	81.071934	0.284394	68.438310	40.284775	-1000.000000	-1000.000000	-64.000000	-1000.000000	-64.000000	-1000.000000	3
2240	0	0	3	4	80.291016	1.422764	80.220850	0.261286	30.688733	18.597185	-1000.000000	-1000.000000	-64.000000	-1000.000000	-64.000000	-1000.000000	3
2241	1	0	3	4	80.069182	1.477267	80.023690	0.252417	36.515327	21.181866	-1000.000000	-1000.000000	-64.000000	-1000.000000	-64.000000	-1000.000000	3
2242	2	0	3	4	78.977680	1.817821	79.092753	0.276141	27.259678	19.099689	-1000.000000	-1000.000000	-64.000000	-1000.000000	-64.000000	-1000.000000	3
2243	3	0	3	4	79.522227	1.702298	79.340755	0.268907	39.512305	23.231143	-1000.000000	-1000.000000	-64.000000	-1000.000000	-64.000000	-1000.000000	3
2244	4	0	3	4	81.557270	1.462994	81.675244	0.308964	44.963296	22.298126	-1000.000000	-1000.000000	-64.000000	-1000.000000	-64.000000	-1000.000000	3
2245	5	0	3	4	80.723253	0.607103	80.490793	0.273553	54.764745	27.536632	-1000.000000	-1000.000000	-64.000000	-1000.000000	-64.000000	-1000.000000	3
2246	6	0	3	4	80.824984	0.504037	80.303059	0.293097	68.044310	37.021899	-1000.000000	-1000.000000	-64.000000	-1000.000000	-64.000000	-1000.000000	3
2247	7	0	3	4	80.551638	1.515370	80.608558	0.274122	67.142260	40.447860	-1000.000000	-1000.000000	-64.000000	-1000.000000	-64.000000	-1000.000000	3
2304	0	1	0	4	80.094820	1.399538	80.099816	0.251007	32.050094	25.221962	-1000.000000	-1000.000000	-64.000000	-1000.000000	-64.000000	-1000.000000	3
2305	1	1	0	4	80.091343	1.465125	80.153698	0.254350	40.950114	24.780736	-1000.000000	-1000.000000	-64.000000	-1000.000000	-64.000000	-1000.000000	3
2306	2	1	0	4	81.102600	1.135098	80.947972	0.292543	28.353460	17.350700	-1000.000000	-1000.000000	-64.000000	-1000.000000	-64.000000	-1000.000000	3
2307	3	1	0	4	81.650522	1.133925	81.934044	0.307397	36.677386	20.751143	-1000.000000	-1000.000000	-64.000000	-1000.000000	-64.000000	-1000.000000	3
2308	4	1	0	4	80.256591	1.460095	79.906420	0.250523	47.636454	27.976203	-1000.000000	-1000.000000	-64.000000	-1000.000000	-64.000000	-1000.000000	3
2309	5	1	0	4	80.455890	1.332759	80.348536	0.256153	56.981064	33.231895	-1000.000000	-1000.000000	-64.000000	-1000.000000	-64.000000	-1000.000000	3
2310	6	1	0	4	81.407333	1.151786	81.420056	0.299886	60.861556	38.959847	-1000.000000	-1000.000000	-64.000000	-1000.000000	-64.000000	-1000.000000	3
2311	7	1	0	4	81.257954	0.986256	81.494129	0.311875	64.900697	40.858423	-1000.000000	-1000.000000	-64.000000	-1000.000000	-64.000000	-1000.000000	3
2368	0	1	1	4	80.182687	1.531546	79.860942	0.250634	30.055480	19.608858	-1000.000000	-1000.000000	-64.000000	-1000.000000	-64.000000	-1000.000000	3
2369	1	1	1	4	79.419817	1.557004	79.522136	0.262927	40.335460	23.380779	-1000.000000	-1000.000000	-64.000000	-1000.000000	-64.000000	-1000.000000	3
2370	2	1	1	4	80.306717	1.273133	80.286899	0.229212	33.171205	19.434249	-1000.000000	-1000.000000	-64.000000	-1000.000000	-64.000000	-1000.000000	3
2371	3	1	1	4	80.789963	0.641227	80.377130	0.266659	36.706327	22.928045	-1000.000000	-1000.000000	-64.000000	-1000.000000	-64.000000	-1000.000000	3
2372	4	1	1	4	81.112105	1.478577	81.015771	0.293346	43.725566	23.276227	-1000.000000	-1000.000000	-64.000000	-1000.000000	-64.000000	-1000.000000	3
2373	5	1	1	4	80.276695	1.642392	80.414172	0.275008	55.530358	28.354220	-1000.000000	-1000.000000	-64.000000	-1000.000000	-64.000000	-1000.000000	3
2374	6	1	1	4	79.438426	1.678038	79.540654	0.264658	58.549132	40.533231	-1000.000000	-1000.000000	-64.000000	-1000.000000	-64.000000	-1000.000000	3
2375	7	1	1	4	85.199806	1.157290	85.053910	0.301669	61.979487	32.851678	-1000.000000	-1000.000000	-64.000000	-1000.000000	-64.000000	-1000.000000	3
2432	0	1	2	4	81.111502	1.024625	80.908768	0.284309	29.872877	19.370645	-1000.000000	-1000.000000	-64.000000	-1000.000000	-64.000000	-1000.000000	3
2433	1	1	2	4	80.666090	1.326486	80.691415	0.272262	40.725960	23.241574	-1000.000000	-1000.000000	-64.000000	-1000.000000	-64.000000	-1000.000000	3
2434	2	1	2	4	82.001008	1.170329	82.166529	0.309647	28.751287	18.516133	-1000.000000	-1000.000000	-64.000000	-1000.000000	-64.000000	-1000.000000	3
2435	3	1	2	4	79.649522	1.522384	79.741391	0.258120	37.286389	21.134887	-1000.000000	-1000.000000	-64.000000	-1000.000000	-64.000000	-1000.000000	3
2436	4	1	2	4	78.437360	1.353113	78.600668	0.303648	48.736199	23.519613	-1000.000000	-1000.000000	-64.000000	-1000.000000	-64.000000	-1000.000000	3
2437	5	1	2	4	80.792947	0.488224	80.321235	0.260936	52.277654	25.181734	-1000.000000	-1000.000000	-64.000000	-1000.000000	-64.000000	-1000.000000	3
2438	6	1	2	4	78.756128	2.004520	79.017083	0.297453	62.294737	40.023553	-1000.000000	-1000.000000	-64.000000	-1000.000000	-64.000000	-1000.000000	3
2439	7	1	2	4	80.804258	0.494047	80.380780	0.252683	60.016777	35.686577	-1000.000000	-1000.000000	-64.000000	-1000.000000	-64.000000	-1000.000000	3
2496	0	1	3	4	80.316716	1.427726	80.148755	0.255604	29.538644	21.254478	-1000.000000	-1000.000000	-64.000000	-1000.000000	-64.000000	-1000.000000	3
2497	1	1	3	4	80.508042	1.055731	80.063122	0.241017	35.775937	23.694875	-1000.000000	-1000.000000	-64.000000	-1000.000000	-64.000000	-1000.000000	3
2498	2	1	3	4	80.203764	1.299370	80.169783	0.239626	27.687648	17.615528	-1000.000000	-1000.000000	-64.000000	-1000.000000	-64.000000	-1000.000000	3
2499	3	1	3	4	80.807776	0.495803	80.399913	0.262681	42.329756	25.113923	-1000.000000	-1000.000000	-64.000000	-1000.000000	-64.000000	-1000.000000	3
2500	4	1	3	4	78.103890	1.536405	78.173454	0.319266	45.925634	22.290354	-1000.000000	-1000.000000	-64.000000	-1000.000000	-64.000000	-1000.000000	3
2501	5	1	3	4	81.430944	1.465009	81.413516	0.301665	53.676852	28.737787	-1000.000000	-1000.000000	-64.000000	-1000.000000	-64.000000	-1000.000000	3
2502	6	1	3	4	80.916663	1.423770	80.863670	0.280222	57.947603	35.148262	-1000.000000	-1000.000000	-64.000000	-1000.000000	-64.000000	-1000.000000	3
2503	7	1	3	4	79.270930	1.480054	79.566359	0.256384	62.218739	38.142716	-1000.000000	-1000.000000	-64.000000	-1000.000000	-64.000000	-1000.000000	3
2560	0	0	0	5	79.976304	1.565115	80.305455	0.278405	36.031472	20.320644	-1000.000000	-1000.000000	-64.000000	-1000.000000	-64.000000	-1000.000000	3
2561	1	0	0	5	80.608569	1.120199	80.643959	0.281187	40.513405	23.539489	-1000.000000	-1000.000000	-64.000000	-1000.000000	-64.000000	-1000.000000	3
2562	2	0	0	5	80.019924	1.641032	80.248038	0.271002	42.284390	24.040983	-1000.000000	-1000.000000	-64.000000	-1000.000000	-64.000000	-1000.000000	3
2563	3	0	0	5	80.609962	0.585355	80.015172	0.203768	39.661701	24.072218	-1000.000000	-1000.000000	-64.000000	-1000.000000	-64.000000	-1000.000000	3
2564	4	0	0	5	81.111708	1.877988	81.370129	0.326941	69.826233	36.273841	-1000.000000	-1000.000000	-64.000000	-1000.000000	-64.000000	-1000.000000	3
2565	5	0	0	5	81.166029	1.256482	81.170192	0.295548	64.882519	34.821291	-1000.000000	-1000.000000	-64.000000	-1000.000000	-64.000000	-1000.000000	3
2566	6	0	0	5	80.855472	1.235541	80.579316	0.269043	65.655808	37.414387	-1000.000000	-1000.000000	-64.000000	-1000.000000	-64.000000	-1000.000000	3
2567	7	0	0	5	79.978370	1.282327	80.053121	0.223023	79.920320	50.047104	-1000.000000	-1000.000000	-64.000000	-1000.000000	-64.000000	-1000.000000	3
2624	0	0	1	5	80.177493	1.542673	80.568517	0.278416	36.722477	21.084352	-1000.000000	-1000.000000	-64.000000	-1000.000000	-64.000000	-1000.000000	3
2625	1	0	1	5	89.788848	1.453627	90.133260	0.325047	45.433027	28.725732	-1000.000000	-1000.000000	-64.000000	-1000.000000	-64.000000	-1000.000000	3
2626	2	0	1	5	86.148580	1.236163	86.472218	0.296668	36.403992	21.503695	-1000.000000	-1000.000000	-64.000000	-1000.000000	-64.000000	-1000.000000	3
2627	3	0	1	5	81.533239	1.537101	81.884839	0.318159	47.570845	27.132247	-1000.000000	-1000.000000	-64.000000	-1000.000000	-64.000000	-1000.000000	3
2628	4	0	1	5	81.968005	1.318567	82.248283	0.309445	63.595495	33.554504	-1000.000000	-1000.000000	-64.000000	-1000.000000	-64.000000	-1000.000000	3
2629	5	0	1	5	73.026666	0.789232	72.761724	0.285614	65.382976	31.309649	-1000.000000	-1000.000000	-64.000000	-1000.000000	-64.000000	-1000.000000	3
2630	6	0	1	5	79.789952	1.867407	79.590543	0.272081	76.560234	42.569877	-1000.000000	-1000.000000	-64.000000	-1000.000000	-64.000000	-1000.000000	3
2631	7	0	1	5	81.082784	0.842994	80.924282	0.292374	80.425335	46.456598	-1000.000000	-1000.000000	-64.000000	-1000.000000	-64.000000	-1000.000000	3
2688	0	0	2	5	80.331800	1.564170	80.386294	0.271072	40.762523	22.844736	-1000.000000	-1000.000000	-64.000000	-1000.000000	-64.000000	-1000.000000	3
2689	1	0	2	5	80.415760	1.624785	80.780470	0.291148	40.277579	23.721938	-1000.000000	-1000.000000	-64.000000	-1000.000000	-64.000000	-1000.000000	3
2690	2	0	2	5	80.238161	1.269703	80.264731	0.238141	38.024724	20.956329	-1000.000000	-1000.000000	-64.000000	-1000.000000	-64.000000	-1000.000000	3
2691	3	0	2	5	79.781149	1.781815	79.799683	0.268070	47.206717	27.928790	-1000.000000	-1000.000000	-64.000000	-1000.000000	-64.000000	-1000.000000	3
2692	4	0	2	5	80.550215	1.916561	80.900174	0.316564	75.207014	39.243390	-1000.000000	-1000.000000	-64.000000	-1000.000000	-64.000000	-1000.000000	3
2693	5	0	2	5	79.288006	1.924619	79.611463	0.297111	82.549688	46.850648	-1000.000000	-1000.000000	-64.000000	-1000.000000	-64.000000	-1000.000000	3
2694	6	0	2	5	80.588075	0.621786	80.081070	0.212841	67.124773	33.489229	-1000.000000	-1000.000000	-64.000000	-1000.000000	-64.000000	-1000.000000	3
2695	7	0	2	5	81.207558	1.121873	81.493825	0.317677	98.436328	62.263064	-1000.000000	-1000.000000	-64.000000	-1000.000000	-64.000000	-1000.000000	3
2752	0	0	3	5	58.889262	1.146936	59.393876	0.273292	34.041506	19.683537	-1000.000000	-1000.000000	-64.000000	-1000.000000	-64.000000	-1000.000000	3
2753	1	0	3	5	82.008512	1.009270	82.279540	0.304279	33.482303	19.158920	-1000.000000	-1000.000000	-64.000000	-1000.000000	-64.000000	-1000.000000	3
2754	2	0	3	5	80.591056	1.281881	80.546044	0.258678	34.817345	19.034725	-1000.000000	-1000.000000	-64.000000	-1000.000000	-64.000000	-1000.000000	3
2755	3	0	3	5	85.543959	1.070166	85.428004	0.299053	43.046322	25.585817	-1000.000000	-1000.000000	-64.000000	-1000.000000	-64.000000	-1000.000000	3
2756	4	0	3	5	82.558556	2.069058	83.029289	0.319328	71.000097	37.093895	-1000.000000	-1000.000000	-64.000000	-1000.000000	-64.000000	-1000.000000	3
2757	5	0	3	5	82.456077	1.128107	82.973886	0.297297	60.727152	31.151793	-1000.000000	-1000.000000	-64.000000	-1000.000000	-64.000000	-1000.000000	3
2758	6	0	3	5	81.269423	1.079935	81.254532	0.301284	69.517367	40.790389	-1000.000000	-1000.000000	-64.000000	-1000.000000	-64.000000	-1000.000000	3
2759	7	0	3	5	78.433819	2.063053	78.616144	0.310002	100.186154	60.106247	-1000.000000	-1000.000000	-64.000000	-1000.000000	-64.000000	-1000.000000	3
2816	0	1	0	5	80.803926	1.557305	81.109541	0.303491	37.142730	22.349206	-1000.000000	-1000.000000	-64.000000	-1000.000000	-64.000000	-1000.000000	3
2817	1	1	0	5	78.283518	1.487273	78.694020	0.306702	41.509448	25.775193	-1000.000000	-1000.000000	-64.000000	-1000.000000	-64.000000	-1000.000000	3
2818	2	1	0	5	80.802330	1.277618	80.762066	0.283701	41.706809	23.500640	-1000.000000	-1000.000000	-64.000000	-1000.000000	-64.000000	-1000.000000	3
2819	3	1	0	5	80.818657	0.501077	80.343365	0.252551	44.870380	26.194386	-1000.000000	-1000.000000	-64.000000	-1000.000000	-64.000000	-1000.000000	3
2820	4	1	0	5	81.102388	1.305867	81.032806	0.275409	60.648235	33.044815	-1000.000000	-1000.000000	-64.000000	-1000.000000	-64.000000	-1000.000000	3
2821	5	1	0	5	81.790990	1.111052	82.090821	0.313603	64.514287	30.578612	-1000.000000	-1000.000000	-64.000000	-1000.000000	-64.000000	-1000.000000	3
2822	6	1	0	5	80.809739	0.496772	80.618482	0.303069	86.733763	53.368898	-1000.000000	-1000.000000	-64.000000	-1000.000000	-64.000000	-1000.000000	3
2823	7	1	0	5	81.111325	1.324568	80.908654	0.286676	84.197072	55.474515	-1000.000000	-1000.000000	-64.000000	-1000.000000	-64.000000	-1000.000000	3
2880	0	1	1	5	81.021132	1.229805	81.176808	0.304807	38.641624	22.499712	-1000.000000	-1000.000000	-64.000000	-1000.000000	-64.000000	-1000.000000	3
2881	1	1	1	5	80.773971	1.602201	81.107602	0.303649	43.571142	25.567183	-1000.000000	-1000.000000	-64.000000	-1000.000000	-64.000000	-1000.000000	3
2882	2	1	1	5	80.032398	1.282874	80.129058	0.229928	36.925775	21.369836	-1000.000000	-1000.000000	-64.000000	-1000.000000	-64.000000	-1000.000000	3
2883	3	1	1	5	80.817657	0.500603	80.390628	0.278435	48.053135	27.494722	-1000.000000	-1000.000000	-64.000000	-1000.000000	-64.000000	-1000.000000	3
2884	4	1	1	5	67.778735	1.599250	67.928703	0.267161	57.736236	27.435489	-1000.000000	-1000.000000	-64.000000	-1000.000000	-64.000000	-1000.000000	3
2885	5	1	1	5	81.111541	0.948748	81.024213	0.289815	67.037983	40.155831	-1000.000000	-1000.000000	-64.000000	-1000.000000	-64.000000	-1000.000000	3
2886	6	1	1	5	80.839330	0.883869	80.577301	0.265459	70.746109	34.196224	-1000.000000	-1000.000000	-64.000000	-1000.000000	-64.000000	-1000.000000	3
2887	7	1	1	5	80.483025	0.627183	79.818201	0.219557	77.192229	44.556009	-1000.000000	-1000.000000	-64.000000	-1000.000000	-64.000000	-1000.000000	3
2944	0	1	2	5	78.075789	1.734210	78.278175	0.315583	38.495197	22.437763	-1000.000000	-1000.000000	-64.000000	-1000.000000	-64.000000	-1000.000000	3
2945	1	1	2	5	79.145399	1.632304	79.454488	0.284197	43.704010	26.239072	-1000.000000	-1000.000000	-64.000000	-1000.000000	-64.000000	-1000.000000	3
2946	2	1	2	5	86.844076	1.912827	87.271054	0.293044	45.577862	26.333100	-1000.000000	-1000.000000	-64.000000	-1000.000000	-64.000000	-1000.000000	3
2947	3	1	2	5	81.021808	1.063432	80.897512	0.284439	40.932689	22.477994	-1000.000000	-1000.000000	-64.000000	-1000.000000	-64.000000	-1000.000000	3
2948	4	1	2	5	79.974092	1.391257	80.048939	0.242601	58.891418	31.260884	-1000.000000	-1000.000000	-64.000000	-1000.000000	-64.000000	-1000.000000	3
2949	5	1	2	5	79.946713	1.794002	79.903834	0.272283	73.977233	46.144654	-1000.000000	-1000.000000	-64.000000	-1000.000000	-64.000000	-1000.000000	3
2950	6	1	2	5	80.698214	0.417676	79.525216	0.249113	64.709753	32.570942	-1000.000000	-1000.000000	-64.000000	-1000.000000	-64.000000	-1000.000000	3
2951	7	1	2	5	81.045745	0.781749	80.763511	0.277522	86.509962	52.907463	-1000.000000	-1000.000000	-64.000000	-1000.000000	-64.000000	-1000.000000	3
3008	0	1	3	5	81.024442	1.526714	81.043263	0.296426	40.931629	23.634873	-1000.000000	-1000.000000	-64.000000	-1000.000000	-64.000000	-1000.000000	3
3009	1	1	3	5	80.685613	0.632993	80.265871	0.228152	35.774268	20.919988	-1000.000000	-1000.000000	-64.000000	-1000.000000	-64.000000	-1000.000000	3
3010	2	1	3	5	80.767078	0.473825	79.928817	0.267920	45.184680	26.425224	-1000.000000	-1000.000000	-64.000000	-1000.000000	-64.000000	-1000.000000	3
3011	3	1	3	5	80.392338	1.299970	80.437368	0.258095	48.079605	30.492636	-1000.000000	-1000.000000	-64.000000	-1000.000000	-64.000000	-1000.000000	3
3012	4	1	3	5	80.509652	1.938626	80.832527	0.316482	75.141049	42.049665	-1000.000000	-1000.000000	-64.000000	-1000.000000	-64.000000	-1000.000000	3
3013	5	1	3	5	79.479936	1.759216	79.955624	0.280959	80.059639	45.709319	-1000.000000	-1000.000000	-64.000000	-1000.000000	-64.000000	-1000.000000	3
3014	6	1	3	5	80.205869	1.166587	80.080804	0.231507	66.141276	38.562782	-1000.000000	-1000.000000	-64.000000	-1000.000000	-64.000000	-1000.000000	3
3015	7	1	3	5	81.055074	1.639267	81.421311	0.318012	98.244436	65.982747	-1000.000000	-1000.000000	-64.000000	-1000.000000	-64.000000	-1000.000000	3
