#****************************************************************************************************************************************************************************************************************
#Calib info:
 	 RunNr: 530	 start time:0x7ffca10e9cf0	 RunNrPed: 529	 start time:0x7ffca10e9d00	 RunNrMip: 530	 start time:0x7ffca10e9d10	 Vop: 45	 Vov: 6.7	 BC calib set: 1
#****************************************************************************************************************************************************************************************************************
#cellID	layer	row	column	module	ped mean H	ped sig H	ped mean L	ped sig L	mip Scale H	mip Width H	mip Scale L	mip Width L	LG-HG	HG-LG	BC
#****************************************************************************************************************************************************************************************************************
0	0	0	0	0	80.919471	1.118784	80.692658	0.271703	20.393832	12.287962	-1000.000000	-1000.000000	-64.000000	-1000.000000	-64.000000	528.000000	3
1	1	0	0	0	89.944894	0.890657	90.062827	0.392112	18.688506	11.655812	-1000.000000	-1000.000000	-64.000000	-1000.000000	-64.000000	528.000000	3
2	2	0	0	0	81.219321	0.941866	81.017772	0.290183	31.583547	15.362981	-1000.000000	-1000.000000	-64.000000	-1000.000000	-64.000000	528.000000	3
3	3	0	0	0	81.301339	1.201647	81.259737	0.290509	37.070844	18.042217	-1000.000000	-1000.000000	-64.000000	-1000.000000	-64.000000	528.000000	3
4	4	0	0	0	78.831141	1.059558	79.333619	0.268948	37.145936	18.128494	-1000.000000	-1000.000000	-64.000000	-1000.000000	-64.000000	528.000000	3
5	5	0	0	0	81.986327	0.954623	82.329465	0.360353	44.949915	21.900743	-1000.000000	-1000.000000	-64.000000	-1000.000000	-64.000000	528.000000	3
6	6	0	0	0	80.905105	1.241175	80.460408	0.231531	33.722161	20.441404	-1000.000000	-1000.000000	-64.000000	-1000.000000	-64.000000	528.000000	3
7	7	0	0	0	75.009688	1.290199	75.418963	0.253893	35.183222	22.365882	-1000.000000	-1000.000000	-64.000000	-1000.000000	-64.000000	528.000000	3
64	0	0	1	0	-1000.000000	-1000.000000	79.767490	0.194985	-1000.000000	-1000.000000	-1000.000000	-1000.000000	-64.000000	-1000.000000	-64.000000	528.000000	3
65	1	0	1	0	79.789058	1.016092	80.031897	0.167135	19.729749	12.533786	-1000.000000	-1000.000000	-64.000000	-1000.000000	-64.000000	528.000000	3
66	2	0	1	0	81.223364	1.074931	81.101107	0.293361	36.481332	17.424043	-1000.000000	-1000.000000	-64.000000	-1000.000000	-64.000000	528.000000	3
67	3	0	1	0	89.436216	1.039889	89.289399	0.316945	34.159867	17.860385	-1000.000000	-1000.000000	-64.000000	-1000.000000	-64.000000	528.000000	3
68	4	0	1	0	81.571223	1.101007	81.471592	0.313939	40.609406	19.585176	-1000.000000	-1000.000000	-64.000000	-1000.000000	-64.000000	528.000000	3
69	5	0	1	0	82.391766	0.786387	82.877826	0.318176	39.972034	19.161099	-1000.000000	-1000.000000	-64.000000	-1000.000000	-64.000000	528.000000	3
70	6	0	1	0	77.589489	0.761480	77.128203	0.318737	32.270473	20.071865	-1000.000000	-1000.000000	-64.000000	-1000.000000	-64.000000	528.000000	3
71	7	0	1	0	81.448271	1.017410	80.892565	0.315054	37.230754	22.354127	-1000.000000	-1000.000000	-64.000000	-1000.000000	-64.000000	528.000000	3
128	0	0	2	0	80.733196	0.700505	80.213305	0.192699	21.694647	12.587148	-1000.000000	-1000.000000	-64.000000	-1000.000000	-64.000000	528.000000	3
129	1	0	2	0	80.888237	0.950652	80.553494	0.252421	22.944117	13.390550	-1000.000000	-1000.000000	-64.000000	-1000.000000	-64.000000	528.000000	3
130	2	0	2	0	81.878986	0.956238	81.830761	0.347141	31.443008	14.575413	-1000.000000	-1000.000000	-64.000000	-1000.000000	-64.000000	528.000000	3
131	3	0	2	0	83.298993	1.412566	83.497609	0.244476	33.758317	16.664127	-1000.000000	-1000.000000	-64.000000	-1000.000000	-64.000000	528.000000	3
132	4	0	2	0	81.352591	0.983829	81.161924	0.343335	37.471775	18.536067	-1000.000000	-1000.000000	-64.000000	-1000.000000	-64.000000	528.000000	3
133	5	0	2	0	82.038888	0.945305	82.278847	0.367959	46.735144	24.251113	-1000.000000	-1000.000000	-64.000000	-1000.000000	-64.000000	528.000000	3
134	6	0	2	0	82.376243	0.816621	82.848051	0.320733	34.304382	20.592763	-1000.000000	-1000.000000	-64.000000	-1000.000000	-64.000000	528.000000	3
135	7	0	2	0	82.106077	0.905975	82.199420	0.376265	38.569737	26.895539	-1000.000000	-1000.000000	-64.000000	-1000.000000	-64.000000	528.000000	3
192	0	0	3	0	81.916357	1.011359	82.155911	0.333003	19.307198	11.911048	-1000.000000	-1000.000000	-64.000000	-1000.000000	-64.000000	528.000000	3
193	1	0	3	0	81.221204	1.224817	81.074681	0.305057	20.166251	12.799024	-1000.000000	-1000.000000	-64.000000	-1000.000000	-64.000000	528.000000	3
194	2	0	3	0	81.999672	0.985556	82.098816	0.283560	34.148057	17.248185	-1000.000000	-1000.000000	-64.000000	-1000.000000	-64.000000	528.000000	3
195	3	0	3	0	81.615946	0.926887	81.379808	0.297683	33.767184	16.435218	-1000.000000	-1000.000000	-64.000000	-1000.000000	-64.000000	528.000000	3
196	4	0	3	0	81.480024	0.955163	81.251586	0.283571	40.359091	19.149943	-1000.000000	-1000.000000	-64.000000	-1000.000000	-64.000000	528.000000	3
197	5	0	3	0	80.875773	0.525023	80.598158	0.227005	48.916439	24.273288	-1000.000000	-1000.000000	-64.000000	-1000.000000	-64.000000	528.000000	3
198	6	0	3	0	82.242184	0.942689	82.676312	0.333354	33.024906	20.231856	-1000.000000	-1000.000000	-64.000000	-1000.000000	-64.000000	528.000000	3
199	7	0	3	0	80.705587	0.426459	80.011203	0.126734	33.547293	20.637012	-1000.000000	-1000.000000	-64.000000	-1000.000000	-64.000000	528.000000	3
256	0	1	0	0	82.186065	0.964721	82.325185	0.360565	19.533945	11.830518	-1000.000000	-1000.000000	-64.000000	-1000.000000	-64.000000	528.000000	3
257	1	1	0	0	90.517128	1.039313	91.135647	0.293019	21.028283	13.374080	-1000.000000	-1000.000000	-64.000000	-1000.000000	-64.000000	528.000000	3
258	2	1	0	0	81.466017	1.010949	81.091653	0.301931	33.492204	16.025895	-1000.000000	-1000.000000	-64.000000	-1000.000000	-64.000000	528.000000	3
259	3	1	0	0	76.554357	1.156668	76.119177	0.217891	33.693025	16.588170	-1000.000000	-1000.000000	-64.000000	-1000.000000	-64.000000	528.000000	3
260	4	1	0	0	90.672527	0.911656	91.121355	0.295381	42.082796	25.693860	-1000.000000	-1000.000000	-64.000000	-1000.000000	-64.000000	528.000000	3
261	5	1	0	0	82.203052	0.912994	82.451098	0.344794	47.281626	24.456868	-1000.000000	-1000.000000	-64.000000	-1000.000000	-64.000000	528.000000	3
262	6	1	0	0	82.270859	0.904136	82.600496	0.343183	35.933687	21.466190	-1000.000000	-1000.000000	-64.000000	-1000.000000	-64.000000	528.000000	3
263	7	1	0	0	81.521674	0.997215	81.264650	0.358063	34.017126	21.011084	-1000.000000	-1000.000000	-64.000000	-1000.000000	-64.000000	528.000000	3
320	0	1	1	0	80.547350	0.592780	80.029776	0.165117	19.814388	12.045967	-1000.000000	-1000.000000	-64.000000	-1000.000000	-64.000000	528.000000	3
321	1	1	1	0	82.047370	1.000953	82.337616	0.333835	21.384545	13.514102	-1000.000000	-1000.000000	-64.000000	-1000.000000	-64.000000	528.000000	3
322	2	1	1	0	81.295155	1.038182	80.990565	0.307056	36.195135	17.100819	-1000.000000	-1000.000000	-64.000000	-1000.000000	-64.000000	528.000000	3
323	3	1	1	0	81.877574	1.174984	81.849892	0.306337	38.585828	18.733730	-1000.000000	-1000.000000	-64.000000	-1000.000000	-64.000000	528.000000	3
324	4	1	1	0	82.671978	1.175297	83.039099	0.306236	42.466340	23.066996	-1000.000000	-1000.000000	-64.000000	-1000.000000	-64.000000	528.000000	3
325	5	1	1	0	82.664994	1.165227	83.218200	0.269983	40.791317	20.176486	-1000.000000	-1000.000000	-64.000000	-1000.000000	-64.000000	528.000000	3
326	6	1	1	0	80.962399	0.767936	80.708514	0.254541	36.024477	23.323073	-1000.000000	-1000.000000	-64.000000	-1000.000000	-64.000000	528.000000	3
327	7	1	1	0	81.447132	1.011765	81.241723	0.314909	35.916363	22.911903	-1000.000000	-1000.000000	-64.000000	-1000.000000	-64.000000	528.000000	3
384	0	1	2	0	81.381499	0.876195	81.231934	0.301169	21.839237	12.292069	-1000.000000	-1000.000000	-64.000000	-1000.000000	-64.000000	528.000000	3
385	1	1	2	0	82.588500	1.046505	83.033889	0.289412	23.097148	13.961146	-1000.000000	-1000.000000	-64.000000	-1000.000000	-64.000000	528.000000	3
386	2	1	2	0	81.281014	1.106335	81.005750	0.279851	32.380820	15.393301	-1000.000000	-1000.000000	-64.000000	-1000.000000	-64.000000	528.000000	3
387	3	1	2	0	82.479587	1.169498	82.689748	0.311661	34.940810	16.797948	-1000.000000	-1000.000000	-64.000000	-1000.000000	-64.000000	528.000000	3
388	4	1	2	0	81.687761	0.936441	81.595049	0.347170	41.799340	25.117675	-1000.000000	-1000.000000	-64.000000	-1000.000000	-64.000000	528.000000	3
389	5	1	2	0	82.013796	1.061396	82.190376	0.308426	50.240904	25.423994	-1000.000000	-1000.000000	-64.000000	-1000.000000	-64.000000	528.000000	3
390	6	1	2	0	81.724227	0.909208	81.647901	0.386180	35.561320	22.475029	-1000.000000	-1000.000000	-64.000000	-1000.000000	-64.000000	528.000000	3
391	7	1	2	0	64.696238	1.651882	64.839905	0.281164	34.699913	21.615093	-1000.000000	-1000.000000	-64.000000	-1000.000000	-64.000000	528.000000	3
448	0	1	3	0	86.739631	1.178921	87.089048	0.301072	20.911301	11.980296	-1000.000000	-1000.000000	-64.000000	-1000.000000	-64.000000	528.000000	3
449	1	1	3	0	81.627526	0.839084	81.650693	0.315733	22.459826	13.286703	-1000.000000	-1000.000000	-64.000000	-1000.000000	-64.000000	528.000000	3
450	2	1	3	0	82.299753	0.903097	82.619813	0.272765	34.654990	17.480931	-1000.000000	-1000.000000	-64.000000	-1000.000000	-64.000000	528.000000	3
451	3	1	3	0	83.384863	1.496603	83.640495	0.243020	35.811402	17.585305	-1000.000000	-1000.000000	-64.000000	-1000.000000	-64.000000	528.000000	3
452	4	1	3	0	73.804351	0.960155	73.694315	0.309289	41.744637	20.105530	-1000.000000	-1000.000000	-64.000000	-1000.000000	-64.000000	528.000000	3
453	5	1	3	0	81.386446	0.972467	81.092361	0.302245	44.194214	22.662559	-1000.000000	-1000.000000	-64.000000	-1000.000000	-64.000000	528.000000	3
454	6	1	3	0	81.070006	1.091703	80.846450	0.289350	33.169587	19.921841	-1000.000000	-1000.000000	-64.000000	-1000.000000	-64.000000	528.000000	3
455	7	1	3	0	81.720304	0.955997	81.760081	0.389488	32.120018	20.758208	-1000.000000	-1000.000000	-64.000000	-1000.000000	-64.000000	528.000000	3
512	0	0	0	1	81.781340	1.098002	81.754386	0.314225	21.327656	12.798976	-1000.000000	-1000.000000	-64.000000	-1000.000000	-64.000000	270.000000	3
513	1	0	0	1	95.525805	0.562158	96.111771	0.163802	22.063323	12.796221	-1000.000000	-1000.000000	-64.000000	-1000.000000	-64.000000	270.000000	3
514	2	0	0	1	82.386001	1.019750	82.739220	0.301009	33.353851	15.714709	-1000.000000	-1000.000000	-64.000000	-1000.000000	-64.000000	270.000000	3
515	3	0	0	1	83.826052	1.423590	83.872634	0.218663	30.980814	14.560137	-1000.000000	-1000.000000	-64.000000	-1000.000000	-64.000000	270.000000	3
516	4	0	0	1	82.219332	0.993597	82.541652	0.330907	32.898659	16.055755	-1000.000000	-1000.000000	-64.000000	-1000.000000	-64.000000	780.000000	3
517	5	0	0	1	84.480775	1.176020	84.205006	0.195246	41.381422	20.847011	-1000.000000	-1000.000000	-64.000000	-1000.000000	-64.000000	780.000000	3
518	6	0	0	1	82.441079	0.816693	82.907788	0.315655	31.585035	19.222892	-1000.000000	-1000.000000	-64.000000	-1000.000000	-64.000000	780.000000	3
519	7	0	0	1	81.457839	0.916542	81.062994	0.346671	35.103576	21.436567	-1000.000000	-1000.000000	-64.000000	-1000.000000	-64.000000	780.000000	3
576	0	0	1	1	90.700204	0.915238	91.399423	0.250035	21.096054	12.712104	-1000.000000	-1000.000000	-64.000000	-1000.000000	-64.000000	270.000000	3
577	1	0	1	1	81.750700	0.986365	81.752823	0.340612	23.599079	13.395511	-1000.000000	-1000.000000	-64.000000	-1000.000000	-64.000000	270.000000	3
578	2	0	1	1	81.213040	0.950381	81.017288	0.313563	31.915016	15.007437	-1000.000000	-1000.000000	-64.000000	-1000.000000	-64.000000	780.000000	3
579	3	0	1	1	81.897637	0.967022	81.889382	0.347882	31.117953	14.027789	-1000.000000	-1000.000000	-64.000000	-1000.000000	-64.000000	780.000000	3
580	4	0	1	1	83.013251	1.409122	83.258212	0.274435	35.421002	16.906731	-1000.000000	-1000.000000	-64.000000	-1000.000000	-64.000000	780.000000	3
581	5	0	1	1	84.667867	0.724948	84.153345	0.201165	42.816787	20.856299	-1000.000000	-1000.000000	-64.000000	-1000.000000	-64.000000	270.000000	3
582	6	0	1	1	83.220708	1.364148	83.525337	0.232588	33.163644	19.948402	-1000.000000	-1000.000000	-64.000000	-1000.000000	-64.000000	780.000000	3
583	7	0	1	1	82.243408	0.921410	82.320086	0.387295	34.642746	21.954046	-1000.000000	-1000.000000	-64.000000	-1000.000000	-64.000000	270.000000	3
640	0	0	2	1	83.304163	1.376110	83.706188	0.206912	20.379599	11.298258	-1000.000000	-1000.000000	-64.000000	-1000.000000	-64.000000	270.000000	3
641	1	0	2	1	80.872720	1.097011	80.617810	0.251483	25.830666	18.200844	-1000.000000	-1000.000000	-64.000000	-1000.000000	-64.000000	270.000000	3
642	2	0	2	1	81.435298	0.939299	81.200149	0.329656	29.272900	13.355640	-1000.000000	-1000.000000	-64.000000	-1000.000000	-64.000000	780.000000	3
643	3	0	2	1	83.120675	1.356758	83.567023	0.237091	32.627268	15.435692	-1000.000000	-1000.000000	-64.000000	-1000.000000	-64.000000	270.000000	3
644	4	0	2	1	82.510482	1.046664	82.811166	0.295045	35.942260	17.566431	-1000.000000	-1000.000000	-64.000000	-1000.000000	-64.000000	270.000000	3
645	5	0	2	1	82.661146	1.080143	82.979734	0.309221	46.855687	22.972072	-1000.000000	-1000.000000	-64.000000	-1000.000000	-64.000000	780.000000	3
646	6	0	2	1	83.509982	1.393404	83.687206	0.203176	28.925739	17.648642	-1000.000000	-1000.000000	-64.000000	-1000.000000	-64.000000	270.000000	3
647	7	0	2	1	82.121939	0.959341	82.316401	0.343994	34.171746	22.010548	-1000.000000	-1000.000000	-64.000000	-1000.000000	-64.000000	270.000000	3
704	0	0	3	1	81.296664	1.076998	80.980292	0.304622	22.804301	15.984921	-1000.000000	-1000.000000	-64.000000	-1000.000000	-64.000000	780.000000	3
705	1	0	3	1	84.903460	0.975205	84.462417	0.232168	22.870286	12.646388	-1000.000000	-1000.000000	-64.000000	-1000.000000	-64.000000	780.000000	3
706	2	0	3	1	82.253643	0.924952	82.416633	0.351671	28.912684	13.144680	-1000.000000	-1000.000000	-64.000000	-1000.000000	-64.000000	780.000000	3
707	3	0	3	1	83.592947	1.413091	83.823504	0.212422	33.857952	15.639469	-1000.000000	-1000.000000	-64.000000	-1000.000000	-64.000000	270.000000	3
708	4	0	3	1	83.786365	1.164812	84.020248	0.168149	36.982297	18.191321	-1000.000000	-1000.000000	-64.000000	-1000.000000	-64.000000	780.000000	3
709	5	0	3	1	83.101428	1.157640	83.618498	0.215138	39.053843	18.320013	-1000.000000	-1000.000000	-64.000000	-1000.000000	-64.000000	780.000000	3
710	6	0	3	1	84.728435	0.768484	84.093161	0.161595	27.957324	17.201673	-1000.000000	-1000.000000	-64.000000	-1000.000000	-64.000000	270.000000	3
711	7	0	3	1	82.092967	0.885622	81.976103	0.426387	35.435874	21.879527	-1000.000000	-1000.000000	-64.000000	-1000.000000	-64.000000	780.000000	3
768	0	1	0	1	82.328473	0.889066	82.749753	0.310174	20.437803	12.117881	-1000.000000	-1000.000000	-64.000000	-1000.000000	-64.000000	270.000000	3
769	1	1	0	1	82.631566	0.789608	83.065786	0.293404	22.412400	13.414538	-1000.000000	-1000.000000	-64.000000	-1000.000000	-64.000000	270.000000	3
770	2	1	0	1	85.762305	1.005865	85.739462	0.304156	34.138086	16.031897	-1000.000000	-1000.000000	-64.000000	-1000.000000	-64.000000	270.000000	3
771	3	1	0	1	83.306284	1.290664	83.604020	0.237459	34.251293	16.152173	-1000.000000	-1000.000000	-64.000000	-1000.000000	-64.000000	780.000000	3
772	4	1	0	1	81.950569	0.918631	81.923289	0.384703	34.264817	16.210160	-1000.000000	-1000.000000	-64.000000	-1000.000000	-64.000000	780.000000	3
773	5	1	0	1	84.706627	0.717575	84.074849	0.200137	37.397419	18.248069	-1000.000000	-1000.000000	-64.000000	-1000.000000	-64.000000	270.000000	3
774	6	1	0	1	83.034976	1.071734	83.503713	0.240204	32.833211	20.147720	-1000.000000	-1000.000000	-64.000000	-1000.000000	-64.000000	780.000000	3
775	7	1	0	1	81.404897	0.917676	81.051047	0.339043	34.964263	21.932788	-1000.000000	-1000.000000	-64.000000	-1000.000000	-64.000000	780.000000	3
832	0	1	1	1	81.934827	1.002415	82.212000	0.315061	22.524146	13.630143	-1000.000000	-1000.000000	-64.000000	-1000.000000	-64.000000	270.000000	3
833	1	1	1	1	82.388935	0.910060	82.767507	0.317867	23.840296	13.509245	-1000.000000	-1000.000000	-64.000000	-1000.000000	-64.000000	270.000000	3
834	2	1	1	1	82.555017	0.966931	82.919699	0.315285	31.750094	15.018381	-1000.000000	-1000.000000	-64.000000	-1000.000000	-64.000000	780.000000	3
835	3	1	1	1	64.730542	1.678781	64.822225	0.288421	34.347980	16.183276	-1000.000000	-1000.000000	-64.000000	-1000.000000	-64.000000	780.000000	3
836	4	1	1	1	82.587043	1.075500	83.095971	0.296905	33.976907	17.175975	-1000.000000	-1000.000000	-64.000000	-1000.000000	-64.000000	780.000000	3
837	5	1	1	1	83.212422	1.237984	83.538253	0.233529	42.251098	20.235593	-1000.000000	-1000.000000	-64.000000	-1000.000000	-64.000000	780.000000	3
838	6	1	1	1	83.085669	1.304948	83.357998	0.262037	32.580375	20.282149	-1000.000000	-1000.000000	-64.000000	-1000.000000	-64.000000	780.000000	3
839	7	1	1	1	82.597949	1.342009	82.917986	0.315367	32.013354	22.464824	-1000.000000	-1000.000000	-64.000000	-1000.000000	-64.000000	270.000000	3
896	0	1	2	1	83.102728	1.476967	83.364399	0.260896	20.545163	11.593311	-1000.000000	-1000.000000	-64.000000	-1000.000000	-64.000000	270.000000	3
897	1	1	2	1	81.179164	1.000534	80.919215	0.298219	22.109059	12.596472	-1000.000000	-1000.000000	-64.000000	-1000.000000	-64.000000	270.000000	3
898	2	1	2	1	83.721470	1.452213	83.658882	0.215181	30.226432	14.239524	-1000.000000	-1000.000000	-64.000000	-1000.000000	-64.000000	270.000000	3
899	3	1	2	1	83.184549	1.125658	83.511305	0.231158	32.233415	14.994825	-1000.000000	-1000.000000	-64.000000	-1000.000000	-64.000000	780.000000	3
900	4	1	2	1	82.993039	1.372623	83.288397	0.267750	37.930943	18.646750	-1000.000000	-1000.000000	-64.000000	-1000.000000	-64.000000	270.000000	3
901	5	1	2	1	82.353024	0.833767	82.921150	0.314325	40.012892	20.862157	-1000.000000	-1000.000000	-64.000000	-1000.000000	-64.000000	780.000000	3
902	6	1	2	1	84.036057	1.176525	83.879222	0.156033	33.009050	19.142173	-1000.000000	-1000.000000	-64.000000	-1000.000000	-64.000000	780.000000	3
903	7	1	2	1	81.674306	0.994126	81.421308	0.355620	37.141903	23.616156	-1000.000000	-1000.000000	-64.000000	-1000.000000	-64.000000	780.000000	3
960	0	1	3	1	80.242015	1.016442	80.030930	0.146119	21.002719	12.168501	-1000.000000	-1000.000000	-64.000000	-1000.000000	-64.000000	270.000000	3
961	1	1	3	1	81.259037	1.011180	81.176551	0.338633	23.064940	12.740843	-1000.000000	-1000.000000	-64.000000	-1000.000000	-64.000000	780.000000	3
962	2	1	3	1	81.733207	0.994400	81.934678	0.293189	31.553636	14.546919	-1000.000000	-1000.000000	-64.000000	-1000.000000	-64.000000	270.000000	3
963	3	1	3	1	82.308812	1.098026	82.552893	0.309840	29.915209	14.117997	-1000.000000	-1000.000000	-64.000000	-1000.000000	-64.000000	270.000000	3
964	4	1	3	1	83.875339	1.330223	83.920610	0.172205	34.911593	17.769957	-1000.000000	-1000.000000	-64.000000	-1000.000000	-64.000000	270.000000	3
965	5	1	3	1	83.124228	1.157495	83.670234	0.204630	40.394264	19.346082	-1000.000000	-1000.000000	-64.000000	-1000.000000	-64.000000	780.000000	3
966	6	1	3	1	82.397872	0.956937	82.588325	0.338625	30.992445	19.163704	-1000.000000	-1000.000000	-64.000000	-1000.000000	-64.000000	270.000000	3
967	7	1	3	1	30.775144	0.999320	-1000.000000	-1000.000000	-1000.000000	-1000.000000	-1000.000000	-1000.000000	-64.000000	-1000.000000	-64.000000	780.000000	0
1024	0	0	0	2	80.206359	1.174302	80.252199	0.196517	15.478992	9.489602	-1000.000000	-1000.000000	-64.000000	-1000.000000	-64.000000	270.000000	3
1025	1	0	0	2	93.965206	0.984189	93.983249	0.392321	23.942396	13.761853	-1000.000000	-1000.000000	-64.000000	-1000.000000	-64.000000	270.000000	3
1026	2	0	0	2	80.707205	0.428614	79.650958	0.250798	34.212873	16.983671	-1000.000000	-1000.000000	-64.000000	-1000.000000	-64.000000	270.000000	3
1027	3	0	0	2	82.132650	0.972071	82.090739	0.328925	34.816764	17.050030	-1000.000000	-1000.000000	-64.000000	-1000.000000	-64.000000	270.000000	3
1028	4	0	0	2	82.165022	0.970550	82.451358	0.330024	37.370812	18.238425	-1000.000000	-1000.000000	-64.000000	-1000.000000	-64.000000	270.000000	3
1029	5	0	0	2	84.835577	1.011357	84.385373	0.223830	45.885025	26.644512	-1000.000000	-1000.000000	-64.000000	-1000.000000	-64.000000	270.000000	3
1030	6	0	0	2	80.177984	1.002719	79.981576	0.122372	-1000.000000	-1000.000000	-1000.000000	-1000.000000	-64.000000	-1000.000000	-64.000000	270.000000	0
1031	7	0	0	2	24.976577	0.874426	40.000000	0.001006	-1000.000000	-1000.000000	-1000.000000	-1000.000000	-64.000000	-1000.000000	-64.000000	270.000000	0
1088	0	0	1	2	81.141318	0.896499	80.973779	0.296359	19.108303	11.720677	-1000.000000	-1000.000000	-64.000000	-1000.000000	-64.000000	270.000000	3
1089	1	0	1	2	81.003437	0.971512	80.452256	0.233402	25.581243	15.438829	-1000.000000	-1000.000000	-64.000000	-1000.000000	-64.000000	270.000000	3
1090	2	0	1	2	82.787062	1.426881	83.073044	0.295203	34.871891	18.247323	-1000.000000	-1000.000000	-64.000000	-1000.000000	-64.000000	270.000000	3
1091	3	0	1	2	83.836701	1.359839	83.904159	0.187361	35.103418	17.245649	-1000.000000	-1000.000000	-64.000000	-1000.000000	-64.000000	270.000000	3
1092	4	0	1	2	82.447091	0.733661	82.998232	0.308847	33.174568	17.201345	-1000.000000	-1000.000000	-64.000000	-1000.000000	-64.000000	270.000000	3
1093	5	0	1	2	84.668186	0.774935	84.064390	0.167718	42.517637	21.212026	-1000.000000	-1000.000000	-64.000000	-1000.000000	-64.000000	270.000000	3
1094	6	0	1	2	81.727162	0.804410	81.734846	0.381589	38.542406	26.089713	-1000.000000	-1000.000000	-64.000000	-1000.000000	-64.000000	270.000000	3
1095	7	0	1	2	82.722355	0.914151	83.297516	0.272745	37.309460	24.303591	-1000.000000	-1000.000000	-64.000000	-1000.000000	-64.000000	270.000000	3
1152	0	0	2	2	81.630905	1.093454	81.608858	0.318645	17.730894	11.272966	-1000.000000	-1000.000000	-64.000000	-1000.000000	-64.000000	270.000000	3
1153	1	0	2	2	81.653426	0.919887	81.227096	0.317110	24.312082	14.251637	-1000.000000	-1000.000000	-64.000000	-1000.000000	-64.000000	270.000000	3
1154	2	0	2	2	82.280387	0.904566	82.606377	0.343395	33.912185	17.031259	-1000.000000	-1000.000000	-64.000000	-1000.000000	-64.000000	270.000000	3
1155	3	0	2	2	81.688023	1.009055	81.698743	0.309430	36.577176	17.251374	-1000.000000	-1000.000000	-64.000000	-1000.000000	-64.000000	270.000000	3
1156	4	0	2	2	82.233388	0.910755	82.647988	0.335371	40.100771	20.637429	-1000.000000	-1000.000000	-64.000000	-1000.000000	-64.000000	270.000000	3
1157	5	0	2	2	84.266660	1.148635	83.929357	0.179151	44.645223	21.409384	-1000.000000	-1000.000000	-64.000000	-1000.000000	-64.000000	270.000000	3
1158	6	0	2	2	83.955249	1.334877	83.837759	0.185451	38.504157	24.560791	-1000.000000	-1000.000000	-64.000000	-1000.000000	-64.000000	270.000000	3
1159	7	0	2	2	81.862905	1.022318	82.031486	0.333528	37.854543	24.420121	-1000.000000	-1000.000000	-64.000000	-1000.000000	-64.000000	270.000000	3
1216	0	0	3	2	81.036819	0.973007	80.556658	0.251659	23.245941	14.540035	-1000.000000	-1000.000000	-64.000000	-1000.000000	-64.000000	270.000000	3
1217	1	0	3	2	81.431751	0.983635	81.075909	0.305597	24.104721	14.622628	-1000.000000	-1000.000000	-64.000000	-1000.000000	-64.000000	270.000000	3
1218	2	0	3	2	83.037695	1.416672	83.378580	0.272906	32.888252	16.968259	-1000.000000	-1000.000000	-64.000000	-1000.000000	-64.000000	270.000000	3
1219	3	0	3	2	84.527721	1.133297	84.123830	0.223180	34.439033	17.033984	-1000.000000	-1000.000000	-64.000000	-1000.000000	-64.000000	270.000000	3
1220	4	0	3	2	84.469847	1.094215	84.055383	0.194382	39.555022	19.219076	-1000.000000	-1000.000000	-64.000000	-1000.000000	-64.000000	270.000000	3
1221	5	0	3	2	83.243561	1.683892	83.131814	0.295760	41.144301	20.325011	-1000.000000	-1000.000000	-64.000000	-1000.000000	-64.000000	270.000000	3
1222	6	0	3	2	82.089634	0.982955	82.373905	0.337560	34.809435	21.844536	-1000.000000	-1000.000000	-64.000000	-1000.000000	-64.000000	270.000000	3
1223	7	0	3	2	83.630380	1.489590	83.697925	0.209515	35.063330	22.526019	-1000.000000	-1000.000000	-64.000000	-1000.000000	-64.000000	270.000000	3
1280	0	1	0	2	81.470427	1.092341	81.394473	0.348238	15.618057	9.991896	-1000.000000	-1000.000000	-64.000000	-1000.000000	-64.000000	270.000000	3
1281	1	1	0	2	80.544939	1.035715	80.206457	0.181270	22.803719	13.806196	-1000.000000	-1000.000000	-64.000000	-1000.000000	-64.000000	270.000000	3
1282	2	1	0	2	82.388632	0.896682	82.722397	0.330854	32.160645	15.816089	-1000.000000	-1000.000000	-64.000000	-1000.000000	-64.000000	270.000000	3
1283	3	1	0	2	81.238979	0.965796	81.038206	0.307654	34.244737	17.364588	-1000.000000	-1000.000000	-64.000000	-1000.000000	-64.000000	270.000000	3
1284	4	1	0	2	81.902745	1.046874	82.070380	0.353637	35.557076	18.237130	-1000.000000	-1000.000000	-64.000000	-1000.000000	-64.000000	270.000000	3
1285	5	1	0	2	81.853996	0.980468	81.867273	0.391470	44.871242	26.433995	-1000.000000	-1000.000000	-64.000000	-1000.000000	-64.000000	270.000000	3
1286	6	1	0	2	82.063393	1.016112	82.348931	0.348558	37.040680	23.445751	-1000.000000	-1000.000000	-64.000000	-1000.000000	-64.000000	270.000000	3
1287	7	1	0	2	88.191407	1.099148	87.975211	0.152884	37.578113	23.320051	-1000.000000	-1000.000000	-64.000000	-1000.000000	-64.000000	270.000000	3
1344	0	1	1	2	83.650461	1.450432	83.806904	0.205507	17.238168	10.960124	-1000.000000	-1000.000000	-64.000000	-1000.000000	-64.000000	270.000000	3
1345	1	1	1	2	81.446369	0.718802	81.020564	0.304855	25.450442	15.354036	-1000.000000	-1000.000000	-64.000000	-1000.000000	-64.000000	270.000000	3
1346	2	1	1	2	79.551234	1.242362	79.749625	0.198064	32.455742	15.773631	-1000.000000	-1000.000000	-64.000000	-1000.000000	-64.000000	270.000000	3
1347	3	1	1	2	81.878806	0.978748	81.841555	0.319632	33.382839	15.933228	-1000.000000	-1000.000000	-64.000000	-1000.000000	-64.000000	270.000000	3
1348	4	1	1	2	83.404832	1.364729	83.688657	0.228433	39.550681	20.589248	-1000.000000	-1000.000000	-64.000000	-1000.000000	-64.000000	270.000000	3
1349	5	1	1	2	94.496049	1.032856	95.068498	0.299971	42.784378	24.966066	-1000.000000	-1000.000000	-64.000000	-1000.000000	-64.000000	270.000000	3
1350	6	1	1	2	95.354351	0.648904	95.850182	0.174010	36.253137	23.576459	-1000.000000	-1000.000000	-64.000000	-1000.000000	-64.000000	270.000000	3
1351	7	1	1	2	81.987512	0.963266	81.940373	0.353567	37.479496	24.344737	-1000.000000	-1000.000000	-64.000000	-1000.000000	-64.000000	270.000000	3
1408	0	1	2	2	81.838526	0.977650	82.041200	0.365261	18.914317	12.410069	-1000.000000	-1000.000000	-64.000000	-1000.000000	-64.000000	270.000000	3
1409	1	1	2	2	82.422587	1.180092	82.714655	0.326541	25.677243	15.096699	-1000.000000	-1000.000000	-64.000000	-1000.000000	-64.000000	270.000000	3
1410	2	1	2	2	81.393299	1.143268	81.270010	0.315279	33.402708	16.222515	-1000.000000	-1000.000000	-64.000000	-1000.000000	-64.000000	270.000000	3
1411	3	1	2	2	84.093349	1.313602	84.115790	0.196140	32.719290	16.180550	-1000.000000	-1000.000000	-64.000000	-1000.000000	-64.000000	270.000000	3
1412	4	1	2	2	84.978659	0.829622	84.318154	0.213834	38.061024	17.778488	-1000.000000	-1000.000000	-64.000000	-1000.000000	-64.000000	270.000000	3
1413	5	1	2	2	82.566179	1.021523	83.121727	0.288544	38.864715	19.283857	-1000.000000	-1000.000000	-64.000000	-1000.000000	-64.000000	270.000000	3
1414	6	1	2	2	83.748315	1.430053	83.638857	0.214581	37.063454	22.678780	-1000.000000	-1000.000000	-64.000000	-1000.000000	-64.000000	270.000000	3
1415	7	1	2	2	80.355649	1.081463	80.065246	0.158009	37.374838	23.443988	-1000.000000	-1000.000000	-64.000000	-1000.000000	-64.000000	270.000000	3
1472	0	1	3	2	82.546462	1.111148	82.973034	0.311006	20.479076	12.377706	-1000.000000	-1000.000000	-64.000000	-1000.000000	-64.000000	270.000000	3
1473	1	1	3	2	86.157407	0.922473	86.627189	0.322292	24.712766	14.365692	-1000.000000	-1000.000000	-64.000000	-1000.000000	-64.000000	270.000000	3
1474	2	1	3	2	83.008705	1.449823	83.347762	0.276735	36.566982	19.002989	-1000.000000	-1000.000000	-64.000000	-1000.000000	-64.000000	270.000000	3
1475	3	1	3	2	80.760481	1.400961	80.777110	0.285337	37.968870	17.940393	-1000.000000	-1000.000000	-64.000000	-1000.000000	-64.000000	270.000000	3
1476	4	1	3	2	82.605101	1.283145	83.079967	0.299611	37.932896	19.390463	-1000.000000	-1000.000000	-64.000000	-1000.000000	-64.000000	270.000000	3
1477	5	1	3	2	83.025447	1.317225	83.457597	0.266058	47.556381	24.832349	-1000.000000	-1000.000000	-64.000000	-1000.000000	-64.000000	270.000000	3
1478	6	1	3	2	82.476039	0.754770	82.895803	0.317633	35.949793	21.955446	-1000.000000	-1000.000000	-64.000000	-1000.000000	-64.000000	270.000000	3
1479	7	1	3	2	81.878520	0.845247	82.015482	0.408312	36.414149	23.938526	-1000.000000	-1000.000000	-64.000000	-1000.000000	-64.000000	270.000000	3
1536	0	0	0	3	81.872420	1.104037	81.919865	0.313015	25.290818	13.783986	-1000.000000	-1000.000000	-64.000000	-1000.000000	-64.000000	780.000000	3
1537	1	0	0	3	81.820560	1.068489	81.942420	0.353723	23.640933	13.729782	-1000.000000	-1000.000000	-64.000000	-1000.000000	-64.000000	780.000000	3
1538	2	0	0	3	83.309332	1.373815	83.608561	0.257047	31.795793	15.458312	-1000.000000	-1000.000000	-64.000000	-1000.000000	-64.000000	780.000000	3
1539	3	0	0	3	84.577768	1.433830	84.424118	0.257916	32.100187	15.935238	-1000.000000	-1000.000000	-64.000000	-1000.000000	-64.000000	780.000000	3
1540	4	0	0	3	49.749495	0.873967	49.201044	0.294099	36.874356	17.702317	-1000.000000	-1000.000000	-64.000000	-1000.000000	-64.000000	270.000000	3
1541	5	0	0	3	85.434334	0.795299	85.017363	0.304306	38.489350	19.399621	-1000.000000	-1000.000000	-64.000000	-1000.000000	-64.000000	270.000000	3
1542	6	0	0	3	84.480456	1.226712	84.150144	0.169051	31.473469	18.910219	-1000.000000	-1000.000000	-64.000000	-1000.000000	-64.000000	270.000000	3
1543	7	0	0	3	82.080105	0.902356	82.179657	0.424693	34.050334	21.931557	-1000.000000	-1000.000000	-64.000000	-1000.000000	-64.000000	270.000000	3
1600	0	0	1	3	80.795678	0.822338	80.513408	0.250240	26.050913	14.584626	-1000.000000	-1000.000000	-64.000000	-1000.000000	-64.000000	780.000000	3
1601	1	0	1	3	81.197349	1.024605	81.045464	0.293836	24.783753	15.706821	-1000.000000	-1000.000000	-64.000000	-1000.000000	-64.000000	780.000000	3
1602	2	0	1	3	-1000.000000	-1000.000000	95.658241	0.203938	-1000.000000	-1000.000000	-1000.000000	-1000.000000	-64.000000	-1000.000000	-64.000000	270.000000	3
1603	3	0	1	3	82.645777	0.991624	83.186452	0.284194	27.164226	12.945693	-1000.000000	-1000.000000	-64.000000	-1000.000000	-64.000000	270.000000	3
1604	4	0	1	3	82.501323	1.158107	82.912068	0.315697	33.977062	15.471373	-1000.000000	-1000.000000	-64.000000	-1000.000000	-64.000000	270.000000	3
1605	5	0	1	3	83.409987	1.498363	83.557309	0.264433	43.502093	20.481076	-1000.000000	-1000.000000	-64.000000	-1000.000000	-64.000000	780.000000	3
1606	6	0	1	3	83.268114	1.358301	83.586861	0.221333	32.358918	19.699122	-1000.000000	-1000.000000	-64.000000	-1000.000000	-64.000000	270.000000	3
1607	7	0	1	3	81.411492	1.054539	81.049781	0.307013	38.460176	24.888618	-1000.000000	-1000.000000	-64.000000	-1000.000000	-64.000000	780.000000	3
1664	0	0	2	3	81.781298	1.115884	81.917855	0.309230	24.833197	13.963794	-1000.000000	-1000.000000	-64.000000	-1000.000000	-64.000000	780.000000	3
1665	1	0	2	3	82.847281	1.192784	83.217270	0.285459	23.456825	13.925585	-1000.000000	-1000.000000	-64.000000	-1000.000000	-64.000000	780.000000	3
1666	2	0	2	3	82.007925	0.923035	81.975657	0.365271	27.333785	12.463593	-1000.000000	-1000.000000	-64.000000	-1000.000000	-64.000000	270.000000	3
1667	3	0	2	3	82.533399	1.110055	82.763301	0.309239	28.075771	13.499445	-1000.000000	-1000.000000	-64.000000	-1000.000000	-64.000000	780.000000	3
1668	4	0	2	3	81.738726	1.057319	81.772140	0.307429	36.466460	17.820970	-1000.000000	-1000.000000	-64.000000	-1000.000000	-64.000000	780.000000	3
1669	5	0	2	3	83.126519	1.295024	83.555634	0.226436	38.395481	17.723104	-1000.000000	-1000.000000	-64.000000	-1000.000000	-64.000000	270.000000	3
1670	6	0	2	3	84.083522	1.310969	83.952359	0.189797	33.835345	20.497579	-1000.000000	-1000.000000	-64.000000	-1000.000000	-64.000000	780.000000	3
1671	7	0	2	3	81.212669	0.865515	80.913967	0.288706	34.777473	21.993032	-1000.000000	-1000.000000	-64.000000	-1000.000000	-64.000000	780.000000	3
1728	0	0	3	3	80.803867	0.888877	80.265784	0.182087	22.383340	13.616292	-1000.000000	-1000.000000	-64.000000	-1000.000000	-64.000000	270.000000	3
1729	1	0	3	3	82.800946	0.968152	83.348023	0.263236	23.932221	14.167162	-1000.000000	-1000.000000	-64.000000	-1000.000000	-64.000000	270.000000	3
1730	2	0	3	3	81.659377	0.888446	81.576067	0.390972	26.006055	12.182477	-1000.000000	-1000.000000	-64.000000	-1000.000000	-64.000000	270.000000	3
1731	3	0	3	3	81.695053	1.103489	81.814459	0.305648	30.815178	15.250853	-1000.000000	-1000.000000	-64.000000	-1000.000000	-64.000000	780.000000	3
1732	4	0	3	3	90.563658	0.987803	91.115697	0.294632	37.135074	19.161371	-1000.000000	-1000.000000	-64.000000	-1000.000000	-64.000000	270.000000	3
1733	5	0	3	3	83.518513	1.211865	83.811259	0.166767	39.817147	19.420574	-1000.000000	-1000.000000	-64.000000	-1000.000000	-64.000000	270.000000	3
1734	6	0	3	3	82.981362	1.332703	83.469917	0.246429	32.447950	19.762899	-1000.000000	-1000.000000	-64.000000	-1000.000000	-64.000000	780.000000	3
1735	7	0	3	3	81.201593	0.926529	80.761068	0.297033	35.325073	21.962572	-1000.000000	-1000.000000	-64.000000	-1000.000000	-64.000000	270.000000	3
1792	0	1	0	3	81.097695	1.083006	80.902131	0.289148	25.261571	13.683708	-1000.000000	-1000.000000	-64.000000	-1000.000000	-64.000000	780.000000	3
1793	1	1	0	3	82.665695	0.940066	83.125710	0.299698	25.018417	14.957992	-1000.000000	-1000.000000	-64.000000	-1000.000000	-64.000000	780.000000	3
1794	2	1	0	3	81.993090	1.113236	82.228712	0.308748	27.159201	13.326360	-1000.000000	-1000.000000	-64.000000	-1000.000000	-64.000000	780.000000	3
1795	3	1	0	3	85.015812	1.104603	84.671629	0.265402	27.996429	13.319814	-1000.000000	-1000.000000	-64.000000	-1000.000000	-64.000000	270.000000	3
1796	4	1	0	3	85.038752	0.899094	84.458249	0.233365	36.593940	17.406846	-1000.000000	-1000.000000	-64.000000	-1000.000000	-64.000000	270.000000	3
1797	5	1	0	3	84.569012	1.304472	84.134028	0.230716	43.477926	21.070333	-1000.000000	-1000.000000	-64.000000	-1000.000000	-64.000000	780.000000	3
1798	6	1	0	3	83.793845	1.162784	83.912310	0.154103	30.885750	18.410220	-1000.000000	-1000.000000	-64.000000	-1000.000000	-64.000000	270.000000	3
1799	7	1	0	3	65.069066	0.846666	64.429559	0.221271	31.948547	20.000561	-1000.000000	-1000.000000	-64.000000	-1000.000000	-64.000000	270.000000	3
1856	0	1	1	3	81.932613	1.048026	82.152412	0.337558	21.824904	12.501608	-1000.000000	-1000.000000	-64.000000	-1000.000000	-64.000000	780.000000	3
1857	1	1	1	3	82.865191	1.208253	83.265693	0.284123	24.817075	14.298888	-1000.000000	-1000.000000	-64.000000	-1000.000000	-64.000000	780.000000	3
1858	2	1	1	3	82.493414	1.004442	82.827319	0.322608	27.825642	13.133091	-1000.000000	-1000.000000	-64.000000	-1000.000000	-64.000000	270.000000	3
1859	3	1	1	3	84.235712	1.254787	84.151707	0.176151	26.062529	12.543753	-1000.000000	-1000.000000	-64.000000	-1000.000000	-64.000000	270.000000	3
1860	4	1	1	3	84.674519	0.880786	84.165181	0.167865	33.223130	15.503966	-1000.000000	-1000.000000	-64.000000	-1000.000000	-64.000000	270.000000	3
1861	5	1	1	3	83.384385	1.280052	83.644478	0.209913	40.215988	19.036867	-1000.000000	-1000.000000	-64.000000	-1000.000000	-64.000000	270.000000	3
1862	6	1	1	3	85.243841	0.839835	84.779715	0.281377	34.795042	20.161519	-1000.000000	-1000.000000	-64.000000	-1000.000000	-64.000000	270.000000	3
1863	7	1	1	3	80.879951	0.526531	80.400298	0.219742	34.571117	22.970148	-1000.000000	-1000.000000	-64.000000	-1000.000000	-64.000000	780.000000	3
1920	0	1	2	3	80.651433	0.688730	80.113185	0.189529	24.153075	13.684724	-1000.000000	-1000.000000	-64.000000	-1000.000000	-64.000000	780.000000	3
1921	1	1	2	3	81.684239	0.974522	81.459384	0.316927	25.075734	14.156426	-1000.000000	-1000.000000	-64.000000	-1000.000000	-64.000000	780.000000	3
1922	2	1	2	3	81.126301	0.923383	80.852182	0.264961	31.329688	15.372055	-1000.000000	-1000.000000	-64.000000	-1000.000000	-64.000000	780.000000	3
1923	3	1	2	3	-1000.000000	-1000.000000	95.699629	0.193310	-1000.000000	-1000.000000	-1000.000000	-1000.000000	-64.000000	-1000.000000	-64.000000	270.000000	3
1924	4	1	2	3	83.550256	1.515926	83.800354	0.238422	37.388003	17.527484	-1000.000000	-1000.000000	-64.000000	-1000.000000	-64.000000	780.000000	3
1925	5	1	2	3	83.300101	1.267605	83.649763	0.205671	41.015116	19.082688	-1000.000000	-1000.000000	-64.000000	-1000.000000	-64.000000	270.000000	3
1926	6	1	2	3	83.144661	1.350269	83.374300	0.258577	29.230803	17.687122	-1000.000000	-1000.000000	-64.000000	-1000.000000	-64.000000	270.000000	3
1927	7	1	2	3	81.104593	0.800752	80.597525	0.260705	33.219457	20.680734	-1000.000000	-1000.000000	-64.000000	-1000.000000	-64.000000	270.000000	3
1984	0	1	3	3	81.119548	0.980099	80.991458	0.301756	25.056923	13.880291	-1000.000000	-1000.000000	-64.000000	-1000.000000	-64.000000	780.000000	3
1985	1	1	3	3	82.450777	0.918222	82.855681	0.336065	24.630310	14.141259	-1000.000000	-1000.000000	-64.000000	-1000.000000	-64.000000	270.000000	3
1986	2	1	3	3	82.039445	1.314303	82.347181	0.310966	31.511271	15.537741	-1000.000000	-1000.000000	-64.000000	-1000.000000	-64.000000	780.000000	3
1987	3	1	3	3	82.371654	1.173804	82.453629	0.326918	27.944611	13.880671	-1000.000000	-1000.000000	-64.000000	-1000.000000	-64.000000	780.000000	3
1988	4	1	3	3	81.785558	1.035152	81.762389	0.310685	38.635040	18.567921	-1000.000000	-1000.000000	-64.000000	-1000.000000	-64.000000	780.000000	3
1989	5	1	3	3	84.297859	1.176078	84.002382	0.147904	41.470477	22.004471	-1000.000000	-1000.000000	-64.000000	-1000.000000	-64.000000	270.000000	3
1990	6	1	3	3	82.899265	1.118171	83.253224	0.279592	31.392726	19.196771	-1000.000000	-1000.000000	-64.000000	-1000.000000	-64.000000	780.000000	3
1991	7	1	3	3	80.850316	1.025937	80.337095	0.199699	35.052656	22.718306	-1000.000000	-1000.000000	-64.000000	-1000.000000	-64.000000	270.000000	3
2048	0	0	0	4	79.270109	0.938398	79.350963	0.260074	18.065265	11.696451	-1000.000000	-1000.000000	-64.000000	-1000.000000	-64.000000	528.000000	3
2049	1	0	0	4	81.550109	1.005887	81.359374	0.330030	26.913736	15.975751	-1000.000000	-1000.000000	-64.000000	-1000.000000	-64.000000	528.000000	3
2050	2	0	0	4	81.170102	0.887687	80.979883	0.295094	30.144483	17.802712	-1000.000000	-1000.000000	-64.000000	-1000.000000	-64.000000	528.000000	3
2051	3	0	0	4	81.364168	1.118739	80.976905	0.307310	32.155928	14.815028	-1000.000000	-1000.000000	-64.000000	-1000.000000	-64.000000	528.000000	3
2052	4	0	0	4	82.259613	0.958198	82.626103	0.322549	36.855214	18.237891	-1000.000000	-1000.000000	-64.000000	-1000.000000	-64.000000	528.000000	3
2053	5	0	0	4	82.205133	0.942677	82.557173	0.345365	41.117699	20.346618	-1000.000000	-1000.000000	-64.000000	-1000.000000	-64.000000	528.000000	3
2054	6	0	0	4	81.542295	0.946424	81.331385	0.328673	31.573704	19.230058	-1000.000000	-1000.000000	-64.000000	-1000.000000	-64.000000	528.000000	3
2055	7	0	0	4	82.132776	0.955584	82.298722	0.349827	31.635694	20.195270	-1000.000000	-1000.000000	-64.000000	-1000.000000	-64.000000	528.000000	3
2112	0	0	1	4	80.919442	0.539138	80.361584	0.209133	-1000.000000	-1000.000000	-1000.000000	-1000.000000	-64.000000	-1000.000000	-64.000000	528.000000	0
2113	1	0	1	4	81.334340	0.933120	80.808821	0.280941	18.642531	12.659448	-1000.000000	-1000.000000	-64.000000	-1000.000000	-64.000000	528.000000	3
2114	2	0	1	4	81.914752	1.073512	81.907284	0.309159	28.615188	15.888619	-1000.000000	-1000.000000	-64.000000	-1000.000000	-64.000000	528.000000	3
2115	3	0	1	4	82.721633	1.064016	83.079780	0.300229	30.840280	15.639079	-1000.000000	-1000.000000	-64.000000	-1000.000000	-64.000000	528.000000	3
2116	4	0	1	4	81.931552	1.035886	81.894593	0.312507	32.986756	15.475348	-1000.000000	-1000.000000	-64.000000	-1000.000000	-64.000000	528.000000	3
2117	5	0	1	4	77.567710	0.839218	77.461697	0.335818	45.010701	21.104247	-1000.000000	-1000.000000	-64.000000	-1000.000000	-64.000000	528.000000	3
2118	6	0	1	4	82.897824	1.376465	83.279241	0.274380	30.358428	18.624784	-1000.000000	-1000.000000	-64.000000	-1000.000000	-64.000000	528.000000	3
2119	7	0	1	4	81.947978	1.000072	82.098407	0.377619	33.965050	21.578116	-1000.000000	-1000.000000	-64.000000	-1000.000000	-64.000000	528.000000	3
2176	0	0	2	4	80.494468	0.640356	79.966651	0.136427	-1000.000000	-1000.000000	-1000.000000	-1000.000000	-64.000000	-1000.000000	-64.000000	528.000000	0
2177	1	0	2	4	82.812274	1.002724	83.329376	0.268601	17.242768	13.670689	-1000.000000	-1000.000000	-64.000000	-1000.000000	-64.000000	528.000000	3
2178	2	0	2	4	83.562532	1.233315	83.809733	0.187781	28.301211	15.183719	-1000.000000	-1000.000000	-64.000000	-1000.000000	-64.000000	528.000000	3
2179	3	0	2	4	81.698679	1.019057	81.655084	0.297802	32.847734	15.428254	-1000.000000	-1000.000000	-64.000000	-1000.000000	-64.000000	528.000000	3
2180	4	0	2	4	81.469113	1.103782	81.250395	0.283876	39.122373	18.352371	-1000.000000	-1000.000000	-64.000000	-1000.000000	-64.000000	528.000000	3
2181	5	0	2	4	81.421784	1.039397	81.314190	0.290616	42.335821	20.532989	-1000.000000	-1000.000000	-64.000000	-1000.000000	-64.000000	528.000000	3
2182	6	0	2	4	82.540163	1.105523	83.042189	0.302804	30.561348	18.438336	-1000.000000	-1000.000000	-64.000000	-1000.000000	-64.000000	528.000000	3
2183	7	0	2	4	81.670190	0.930541	81.474979	0.309629	33.747714	20.826653	-1000.000000	-1000.000000	-64.000000	-1000.000000	-64.000000	528.000000	3
2240	0	0	3	4	82.782460	1.003776	83.194417	0.284939	-1000.000000	-1000.000000	-1000.000000	-1000.000000	-64.000000	-1000.000000	-64.000000	528.000000	0
2241	1	0	3	4	81.222868	0.991641	80.761626	0.279163	14.312370	11.925374	-1000.000000	-1000.000000	-64.000000	-1000.000000	-64.000000	528.000000	3
2242	2	0	3	4	81.648069	1.066644	81.642839	0.304392	25.061150	12.867824	-1000.000000	-1000.000000	-64.000000	-1000.000000	-64.000000	528.000000	3
2243	3	0	3	4	83.041518	1.077171	83.478515	0.256654	32.808827	15.526858	-1000.000000	-1000.000000	-64.000000	-1000.000000	-64.000000	528.000000	3
2244	4	0	3	4	81.976895	0.959832	82.115118	0.364761	36.171506	16.365586	-1000.000000	-1000.000000	-64.000000	-1000.000000	-64.000000	528.000000	3
2245	5	0	3	4	81.630534	1.072201	81.738196	0.305924	44.176937	20.836603	-1000.000000	-1000.000000	-64.000000	-1000.000000	-64.000000	528.000000	3
2246	6	0	3	4	82.884370	1.088708	83.290593	0.276020	30.423483	18.573037	-1000.000000	-1000.000000	-64.000000	-1000.000000	-64.000000	528.000000	3
2247	7	0	3	4	80.895484	0.531846	80.437704	0.225535	34.909634	21.402558	-1000.000000	-1000.000000	-64.000000	-1000.000000	-64.000000	528.000000	3
2304	0	1	0	4	80.531938	0.803286	80.165032	0.167481	12.548463	10.309378	-1000.000000	-1000.000000	-64.000000	-1000.000000	-64.000000	528.000000	3
2305	1	1	0	4	81.230714	0.977060	80.861115	0.291623	22.227735	14.116263	-1000.000000	-1000.000000	-64.000000	-1000.000000	-64.000000	528.000000	3
2306	2	1	0	4	80.835506	0.978591	80.431972	0.228318	30.624165	14.337535	-1000.000000	-1000.000000	-64.000000	-1000.000000	-64.000000	528.000000	3
2307	3	1	0	4	81.672980	1.092915	81.608076	0.315163	30.913398	14.607328	-1000.000000	-1000.000000	-64.000000	-1000.000000	-64.000000	528.000000	3
2308	4	1	0	4	82.253049	1.034872	82.351648	0.359681	36.454216	18.574993	-1000.000000	-1000.000000	-64.000000	-1000.000000	-64.000000	528.000000	3
2309	5	1	0	4	82.323902	0.956072	82.565584	0.344854	42.020557	20.499667	-1000.000000	-1000.000000	-64.000000	-1000.000000	-64.000000	528.000000	3
2310	6	1	0	4	81.106229	0.812833	80.805657	0.286349	32.332450	18.873898	-1000.000000	-1000.000000	-64.000000	-1000.000000	-64.000000	528.000000	3
2311	7	1	0	4	81.479384	0.997018	81.257058	0.344994	34.460035	21.554909	-1000.000000	-1000.000000	-64.000000	-1000.000000	-64.000000	528.000000	3
2368	0	1	1	4	81.118162	0.871335	80.720685	0.276363	17.192748	11.784509	-1000.000000	-1000.000000	-64.000000	-1000.000000	-64.000000	528.000000	3
2369	1	1	1	4	81.655883	1.061774	81.422648	0.339133	23.508434	13.794101	-1000.000000	-1000.000000	-64.000000	-1000.000000	-64.000000	528.000000	3
2370	2	1	1	4	81.475763	0.988911	81.379101	0.326519	33.143943	15.763066	-1000.000000	-1000.000000	-64.000000	-1000.000000	-64.000000	528.000000	3
2371	3	1	1	4	81.888714	1.078920	81.750478	0.303437	32.797366	15.299966	-1000.000000	-1000.000000	-64.000000	-1000.000000	-64.000000	528.000000	3
2372	4	1	1	4	80.850459	1.226328	80.598976	0.262773	39.796271	18.613848	-1000.000000	-1000.000000	-64.000000	-1000.000000	-64.000000	528.000000	3
2373	5	1	1	4	85.128871	0.897117	84.771713	0.282255	42.933410	20.626028	-1000.000000	-1000.000000	-64.000000	-1000.000000	-64.000000	528.000000	3
2374	6	1	1	4	82.474752	1.018406	82.832977	0.322369	26.691391	17.785876	-1000.000000	-1000.000000	-64.000000	-1000.000000	-64.000000	528.000000	3
2375	7	1	1	4	81.536465	0.988311	81.183139	0.313601	32.311689	20.232919	-1000.000000	-1000.000000	-64.000000	-1000.000000	-64.000000	528.000000	3
2432	0	1	2	4	80.426903	0.753660	79.971713	0.145824	13.147753	9.922255	-1000.000000	-1000.000000	-64.000000	-1000.000000	-64.000000	528.000000	3
2433	1	1	2	4	81.252260	1.062194	81.022574	0.310395	24.638217	14.085584	-1000.000000	-1000.000000	-64.000000	-1000.000000	-64.000000	528.000000	3
2434	2	1	2	4	80.751828	0.905594	80.311265	0.204880	32.364365	14.976274	-1000.000000	-1000.000000	-64.000000	-1000.000000	-64.000000	528.000000	3
2435	3	1	2	4	82.783199	1.151172	83.128724	0.297520	34.099862	16.243668	-1000.000000	-1000.000000	-64.000000	-1000.000000	-64.000000	528.000000	3
2436	4	1	2	4	85.077111	0.874647	84.670662	0.268937	37.465566	17.016708	-1000.000000	-1000.000000	-64.000000	-1000.000000	-64.000000	528.000000	3
2437	5	1	2	4	82.420487	1.185990	82.994175	0.299464	41.818043	19.982847	-1000.000000	-1000.000000	-64.000000	-1000.000000	-64.000000	528.000000	3
2438	6	1	2	4	81.171339	0.837970	80.853671	0.285987	30.625568	17.814703	-1000.000000	-1000.000000	-64.000000	-1000.000000	-64.000000	528.000000	3
2439	7	1	2	4	81.030365	0.884699	80.646022	0.261853	29.192398	17.921960	-1000.000000	-1000.000000	-64.000000	-1000.000000	-64.000000	528.000000	3
2496	0	1	3	4	81.183191	0.933176	80.664558	0.265565	12.293097	9.579944	-1000.000000	-1000.000000	-64.000000	-1000.000000	-64.000000	528.000000	3
2497	1	1	3	4	81.642660	1.081572	81.464669	0.313168	22.768187	13.686994	-1000.000000	-1000.000000	-64.000000	-1000.000000	-64.000000	528.000000	3
2498	2	1	3	4	81.094623	1.035886	80.874104	0.297151	29.435489	14.538626	-1000.000000	-1000.000000	-64.000000	-1000.000000	-64.000000	528.000000	3
2499	3	1	3	4	78.716585	1.128771	78.902503	0.284369	29.570868	13.249836	-1000.000000	-1000.000000	-64.000000	-1000.000000	-64.000000	528.000000	3
2500	4	1	3	4	82.740131	1.115827	83.063739	0.304208	38.046913	18.553948	-1000.000000	-1000.000000	-64.000000	-1000.000000	-64.000000	528.000000	3
2501	5	1	3	4	81.273356	1.064879	80.904997	0.289089	42.425229	19.686352	-1000.000000	-1000.000000	-64.000000	-1000.000000	-64.000000	528.000000	3
2502	6	1	3	4	81.795402	0.977640	81.923810	0.365033	31.192611	18.674245	-1000.000000	-1000.000000	-64.000000	-1000.000000	-64.000000	528.000000	3
2503	7	1	3	4	82.161490	0.859498	82.622009	0.341832	35.526626	24.810266	-1000.000000	-1000.000000	-64.000000	-1000.000000	-64.000000	528.000000	3
2560	0	0	0	5	80.104137	1.133427	80.130157	0.184154	22.479273	13.453404	-1000.000000	-1000.000000	-64.000000	-1000.000000	-64.000000	10.000000	3
2561	1	0	0	5	81.397350	1.058414	81.501032	0.314670	27.399851	19.056846	-1000.000000	-1000.000000	-64.000000	-1000.000000	-64.000000	10.000000	3
2562	2	0	0	5	81.252603	1.299291	81.106244	0.284970	39.969040	20.341235	-1000.000000	-1000.000000	-64.000000	-1000.000000	-64.000000	10.000000	3
2563	3	0	0	5	82.066855	1.199827	82.117016	0.310588	44.161422	21.977369	-1000.000000	-1000.000000	-64.000000	-1000.000000	-64.000000	10.000000	3
2564	4	0	0	5	83.309340	1.452371	83.569368	0.231030	39.982503	21.471559	-1000.000000	-1000.000000	-64.000000	-1000.000000	-64.000000	10.000000	3
2565	5	0	0	5	84.487443	1.071120	83.991067	0.164176	44.034684	22.735043	-1000.000000	-1000.000000	-64.000000	-1000.000000	-64.000000	10.000000	3
2566	6	0	0	5	83.114637	0.887982	83.692044	0.199037	35.419605	22.787636	-1000.000000	-1000.000000	-64.000000	-1000.000000	-64.000000	10.000000	3
2567	7	0	0	5	81.515935	0.880380	81.227059	0.369001	33.417599	21.311273	-1000.000000	-1000.000000	-64.000000	-1000.000000	-64.000000	10.000000	3
2624	0	0	1	5	82.371967	0.746417	83.119122	0.297840	22.147999	13.107714	-1000.000000	-1000.000000	-64.000000	-1000.000000	-64.000000	10.000000	3
2625	1	0	1	5	84.152472	1.351784	84.151224	0.207555	26.894309	15.897360	-1000.000000	-1000.000000	-64.000000	-1000.000000	-64.000000	10.000000	3
2626	2	0	1	5	87.537247	1.263112	87.734772	0.197706	30.945695	16.562835	-1000.000000	-1000.000000	-64.000000	-1000.000000	-64.000000	10.000000	3
2627	3	0	1	5	82.460091	1.107821	82.810645	0.314577	38.381529	18.329881	-1000.000000	-1000.000000	-64.000000	-1000.000000	-64.000000	10.000000	3
2628	4	0	1	5	83.532885	1.531525	83.566651	0.228063	41.214185	27.111390	-1000.000000	-1000.000000	-64.000000	-1000.000000	-64.000000	10.000000	3
2629	5	0	1	5	80.924132	0.521652	80.716814	0.277114	46.050639	22.399189	-1000.000000	-1000.000000	-64.000000	-1000.000000	-64.000000	10.000000	3
2630	6	0	1	5	84.077558	1.216584	83.851642	0.165034	31.431748	19.493587	-1000.000000	-1000.000000	-64.000000	-1000.000000	-64.000000	10.000000	3
2631	7	0	1	5	79.953072	1.090194	80.039341	0.159711	41.018487	26.746315	-1000.000000	-1000.000000	-64.000000	-1000.000000	-64.000000	10.000000	3
2688	0	0	2	5	81.506847	1.109584	81.544989	0.325318	26.320140	15.866607	-1000.000000	-1000.000000	-64.000000	-1000.000000	-64.000000	10.000000	3
2689	1	0	2	5	81.030161	1.208491	80.841798	0.290615	25.532030	16.119347	-1000.000000	-1000.000000	-64.000000	-1000.000000	-64.000000	10.000000	3
2690	2	0	2	5	80.589780	1.012360	80.343943	0.207768	35.294014	18.290353	-1000.000000	-1000.000000	-64.000000	-1000.000000	-64.000000	10.000000	3
2691	3	0	2	5	81.699792	1.117333	81.713929	0.307181	47.132819	24.321756	-1000.000000	-1000.000000	-64.000000	-1000.000000	-64.000000	10.000000	3
2692	4	0	2	5	81.286210	1.201852	81.108477	0.290501	50.220485	29.777823	-1000.000000	-1000.000000	-64.000000	-1000.000000	-64.000000	10.000000	3
2693	5	0	2	5	83.676375	1.366914	83.771508	0.181266	41.916868	23.267008	-1000.000000	-1000.000000	-64.000000	-1000.000000	-64.000000	10.000000	3
2694	6	0	2	5	81.481529	0.993929	81.339239	0.324197	37.400024	23.794984	-1000.000000	-1000.000000	-64.000000	-1000.000000	-64.000000	10.000000	3
2695	7	0	2	5	81.496511	1.013789	81.590620	0.346403	45.127686	30.490349	-1000.000000	-1000.000000	-64.000000	-1000.000000	-64.000000	10.000000	3
2752	0	0	3	5	63.404557	0.581637	63.959877	0.142411	19.709360	10.889868	-1000.000000	-1000.000000	-64.000000	-1000.000000	-64.000000	10.000000	3
2753	1	0	3	5	79.966029	1.056917	79.952173	0.140544	22.239706	14.169062	-1000.000000	-1000.000000	-64.000000	-1000.000000	-64.000000	10.000000	3
2754	2	0	3	5	81.758740	0.967497	81.629217	0.365065	30.355482	14.756359	-1000.000000	-1000.000000	-64.000000	-1000.000000	-64.000000	10.000000	3
2755	3	0	3	5	88.963449	1.002743	88.799328	0.296186	47.979824	24.611594	-1000.000000	-1000.000000	-64.000000	-1000.000000	-64.000000	10.000000	3
2756	4	0	3	5	82.346362	0.788137	82.757793	0.327618	37.287679	17.612007	-1000.000000	-1000.000000	-64.000000	-1000.000000	-64.000000	10.000000	3
2757	5	0	3	5	81.083877	0.871785	80.636606	0.259892	41.759133	21.574728	-1000.000000	-1000.000000	-64.000000	-1000.000000	-64.000000	10.000000	3
2758	6	0	3	5	80.900623	0.533503	80.588406	0.254662	39.338666	26.375009	-1000.000000	-1000.000000	-64.000000	-1000.000000	-64.000000	10.000000	3
2759	7	0	3	5	91.641967	1.191596	91.810477	0.174070	42.269713	27.926625	-1000.000000	-1000.000000	-64.000000	-1000.000000	-64.000000	10.000000	3
2816	0	1	0	5	80.415450	1.101054	80.281714	0.205375	23.220908	14.241433	-1000.000000	-1000.000000	-64.000000	-1000.000000	-64.000000	10.000000	3
2817	1	1	0	5	80.998167	1.278812	80.953457	0.298430	25.031965	15.047675	-1000.000000	-1000.000000	-64.000000	-1000.000000	-64.000000	10.000000	3
2818	2	1	0	5	81.022178	1.037134	80.779231	0.276610	37.848825	19.520760	-1000.000000	-1000.000000	-64.000000	-1000.000000	-64.000000	10.000000	3
2819	3	1	0	5	82.263153	0.874370	82.552744	0.320956	39.875540	19.626410	-1000.000000	-1000.000000	-64.000000	-1000.000000	-64.000000	10.000000	3
2820	4	1	0	5	84.343969	1.025560	83.982209	0.153096	40.874577	26.329658	-1000.000000	-1000.000000	-64.000000	-1000.000000	-64.000000	10.000000	3
2821	5	1	0	5	81.371369	1.000520	81.552656	0.299324	52.086838	31.507992	-1000.000000	-1000.000000	-64.000000	-1000.000000	-64.000000	10.000000	3
2822	6	1	0	5	80.876416	1.095665	80.341710	0.204065	35.564006	22.954402	-1000.000000	-1000.000000	-64.000000	-1000.000000	-64.000000	10.000000	3
2823	7	1	0	5	81.257717	0.919501	80.924798	0.303441	38.660874	24.213150	-1000.000000	-1000.000000	-64.000000	-1000.000000	-64.000000	10.000000	3
2880	0	1	1	5	78.997489	1.457024	79.297627	0.271039	21.887737	15.389553	-1000.000000	-1000.000000	-64.000000	-1000.000000	-64.000000	10.000000	3
2881	1	1	1	5	79.507698	1.101886	79.823281	0.200263	27.547491	18.359200	-1000.000000	-1000.000000	-64.000000	-1000.000000	-64.000000	10.000000	3
2882	2	1	1	5	82.080936	0.926146	82.156916	0.332579	34.288364	22.334183	-1000.000000	-1000.000000	-64.000000	-1000.000000	-64.000000	10.000000	3
2883	3	1	1	5	75.526416	1.234734	75.759821	0.197400	37.335956	21.343386	-1000.000000	-1000.000000	-64.000000	-1000.000000	-64.000000	10.000000	3
2884	4	1	1	5	82.387365	0.836598	82.892826	0.312392	45.923692	25.205133	-1000.000000	-1000.000000	-64.000000	-1000.000000	-64.000000	10.000000	3
2885	5	1	1	5	83.645856	1.246880	83.752340	0.187320	40.270003	30.452359	-1000.000000	-1000.000000	-64.000000	-1000.000000	-64.000000	10.000000	3
2886	6	1	1	5	83.190359	1.358352	83.518191	0.233806	36.673022	31.921809	-1000.000000	-1000.000000	-64.000000	-1000.000000	-64.000000	10.000000	3
2887	7	1	1	5	80.901962	0.533927	80.421401	0.224813	42.161835	34.780331	-1000.000000	-1000.000000	-64.000000	-1000.000000	-64.000000	10.000000	3
2944	0	1	2	5	80.869265	0.578437	80.583642	0.259777	26.950966	19.658997	-1000.000000	-1000.000000	-64.000000	-1000.000000	-64.000000	10.000000	3
2945	1	1	2	5	80.265077	1.191622	80.177872	0.196253	28.886347	23.153680	-1000.000000	-1000.000000	-64.000000	-1000.000000	-64.000000	10.000000	3
2946	2	1	2	5	80.682785	0.604405	80.382315	0.240713	39.805400	28.523721	-1000.000000	-1000.000000	-64.000000	-1000.000000	-64.000000	10.000000	3
2947	3	1	2	5	83.507732	1.286231	83.751633	0.195733	38.319223	28.794381	-1000.000000	-1000.000000	-64.000000	-1000.000000	-64.000000	10.000000	3
2948	4	1	2	5	82.880692	1.359628	83.193933	0.288216	39.553764	28.095288	-1000.000000	-1000.000000	-64.000000	-1000.000000	-64.000000	10.000000	3
2949	5	1	2	5	83.073696	1.423229	83.250172	0.277816	40.989534	27.753934	-1000.000000	-1000.000000	-64.000000	-1000.000000	-64.000000	10.000000	3
2950	6	1	2	5	83.127142	1.409393	83.312180	0.268801	36.068733	29.280006	-1000.000000	-1000.000000	-64.000000	-1000.000000	-64.000000	10.000000	3
2951	7	1	2	5	82.314973	0.724368	82.398991	0.377280	44.601545	44.132683	-1000.000000	-1000.000000	-64.000000	-1000.000000	-64.000000	10.000000	3
3008	0	1	3	5	80.093187	1.175179	79.967172	0.181476	27.767691	18.080341	-1000.000000	-1000.000000	-64.000000	-1000.000000	-64.000000	10.000000	3
3009	1	1	3	5	81.521632	0.926854	81.297850	0.374618	21.037374	19.041389	-1000.000000	-1000.000000	-64.000000	-1000.000000	-64.000000	10.000000	3
3010	2	1	3	5	73.905558	1.226193	74.024379	0.307968	38.292472	35.949383	-1000.000000	-1000.000000	-64.000000	-1000.000000	-64.000000	10.000000	3
3011	3	1	3	5	76.372527	1.366358	76.111436	0.242181	42.875904	35.934113	-1000.000000	-1000.000000	-64.000000	-1000.000000	-64.000000	10.000000	3
3012	4	1	3	5	80.317995	1.223705	80.376211	0.232992	51.950572	42.529313	-1000.000000	-1000.000000	-64.000000	-1000.000000	-64.000000	10.000000	3
3013	5	1	3	5	82.449617	0.754157	83.031358	0.303792	43.440509	33.144154	-1000.000000	-1000.000000	-64.000000	-1000.000000	-64.000000	10.000000	3
3014	6	1	3	5	80.304772	1.147005	80.233813	0.184452	33.508571	28.385388	-1000.000000	-1000.000000	-64.000000	-1000.000000	-64.000000	10.000000	3
3015	7	1	3	5	82.044265	0.887406	82.470377	0.367579	37.991698	38.831207	-1000.000000	-1000.000000	-64.000000	-1000.000000	-64.000000	10.000000	3
