#****************************************************************************************************************************************************************************************************************
#Calib info:
 	 RunNr: 421	 start time:0x7ffc7701f980	 RunNrPed: 420	 start time:0x7ffc7701f990	 RunNrMip: 421	 start time:0x7ffc7701f9a0	 Vop: 44	 Vov: 5.7	 BC calib set: 1
#****************************************************************************************************************************************************************************************************************
#cellID	layer	row	column	module	ped mean H	ped sig H	ped mean L	ped sig L	mip Scale H	mip Width H	mip Scale L	mip Width L	LG-HG	HG-LG	BC
#****************************************************************************************************************************************************************************************************************
0	0	0	0	0	80.667432	1.147709	80.460454	0.219250	13.264735	7.497642	-1000.000000	-1000.000000	-64.000000	-1000.000000	-64.000000	780.000000	3
1	1	0	0	0	89.909961	0.902048	90.043148	0.378021	12.968777	8.962295	-1000.000000	-1000.000000	-64.000000	-1000.000000	-64.000000	528.000000	3
2	2	0	0	0	81.048306	0.817556	80.726892	0.264802	16.934227	10.649932	-1000.000000	-1000.000000	-64.000000	-1000.000000	-64.000000	780.000000	3
3	3	0	0	0	75.146238	1.332757	75.505012	0.231167	18.275008	11.057176	-1000.000000	-1000.000000	-64.000000	-1000.000000	-64.000000	528.000000	3
4	4	0	0	0	81.131641	1.228596	81.040556	0.258598	26.218216	15.567878	-1000.000000	-1000.000000	-64.000000	-1000.000000	-64.000000	780.000000	3
5	5	0	0	0	78.542911	1.094126	79.065104	0.257833	25.779676	14.037031	-1000.000000	-1000.000000	-64.000000	-1000.000000	-64.000000	780.000000	3
6	6	0	0	0	81.976424	0.953288	82.320484	0.334436	31.542627	17.162669	-1000.000000	-1000.000000	-64.000000	-1000.000000	-64.000000	528.000000	3
7	7	0	0	0	80.747069	1.257448	80.412464	0.199623	36.246599	24.077292	-1000.000000	-1000.000000	-64.000000	-1000.000000	-64.000000	780.000000	3
64	0	0	1	0	-1000.000000	-1000.000000	79.714506	0.203263	-1000.000000	-1000.000000	-1000.000000	-1000.000000	-64.000000	-1000.000000	-64.000000	780.000000	3
65	1	0	1	0	79.435630	0.833863	79.840404	0.176981	14.056379	8.798183	-1000.000000	-1000.000000	-64.000000	-1000.000000	-64.000000	780.000000	3
66	2	0	1	0	80.813186	0.636228	80.614446	0.259522	20.720692	14.824425	-1000.000000	-1000.000000	-64.000000	-1000.000000	-64.000000	780.000000	3
67	3	0	1	0	81.649925	1.003034	81.207661	0.341234	18.631395	12.308400	-1000.000000	-1000.000000	-64.000000	-1000.000000	-64.000000	528.000000	3
68	4	0	1	0	89.467309	1.016333	89.291974	0.316734	24.169334	14.703875	-1000.000000	-1000.000000	-64.000000	-1000.000000	-64.000000	528.000000	3
69	5	0	1	0	81.300520	1.058431	81.115075	0.305303	29.770328	18.177981	-1000.000000	-1000.000000	-64.000000	-1000.000000	-64.000000	780.000000	3
70	6	0	1	0	82.364293	0.774859	82.842958	0.321076	27.798512	14.640531	-1000.000000	-1000.000000	-64.000000	-1000.000000	-64.000000	528.000000	3
71	7	0	1	0	77.725626	0.768634	77.509096	0.373262	33.537721	18.397924	-1000.000000	-1000.000000	-64.000000	-1000.000000	-64.000000	528.000000	3
128	0	0	2	0	80.751790	0.699453	80.213759	0.190821	15.285235	9.874831	-1000.000000	-1000.000000	-64.000000	-1000.000000	-64.000000	780.000000	3
129	1	0	2	0	80.752755	0.943872	80.386005	0.223220	16.101567	11.032860	-1000.000000	-1000.000000	-64.000000	-1000.000000	-64.000000	780.000000	3
130	2	0	2	0	81.877976	0.943169	81.806784	0.383188	15.568184	10.089729	-1000.000000	-1000.000000	-64.000000	-1000.000000	-64.000000	528.000000	3
131	3	0	2	0	81.837853	0.997337	81.787344	0.327287	20.652325	13.402203	-1000.000000	-1000.000000	-64.000000	-1000.000000	-64.000000	780.000000	3
132	4	0	2	0	83.181517	1.412919	83.442729	0.252971	23.024176	11.050501	-1000.000000	-1000.000000	-64.000000	-1000.000000	-64.000000	528.000000	3
133	5	0	2	0	81.384605	0.994056	81.193368	0.352383	26.283910	15.085750	-1000.000000	-1000.000000	-64.000000	-1000.000000	-64.000000	528.000000	3
134	6	0	2	0	81.871468	0.985518	82.028090	0.392313	32.588138	17.428990	-1000.000000	-1000.000000	-64.000000	-1000.000000	-64.000000	528.000000	3
135	7	0	2	0	82.596562	1.083312	83.105051	0.291600	34.382934	19.921745	-1000.000000	-1000.000000	-64.000000	-1000.000000	-64.000000	528.000000	3
192	0	0	3	0	81.771494	1.057652	81.924565	0.328990	13.718208	8.947117	-1000.000000	-1000.000000	-64.000000	-1000.000000	-64.000000	780.000000	3
193	1	0	3	0	81.000240	1.136054	80.874976	0.294183	14.270296	10.026650	-1000.000000	-1000.000000	-64.000000	-1000.000000	-64.000000	780.000000	3
194	2	0	3	0	81.538730	0.952532	81.193558	0.319264	18.773118	14.509325	-1000.000000	-1000.000000	-64.000000	-1000.000000	-64.000000	780.000000	3
195	3	0	3	0	80.731236	0.450602	80.096360	0.144809	16.218766	10.422358	-1000.000000	-1000.000000	-64.000000	-1000.000000	-64.000000	528.000000	3
196	4	0	3	0	81.447102	0.886550	81.072842	0.284535	23.636484	10.229518	-1000.000000	-1000.000000	-64.000000	-1000.000000	-64.000000	528.000000	3
197	5	0	3	0	81.437850	0.992682	81.179226	0.322838	29.163124	21.678568	-1000.000000	-1000.000000	-64.000000	-1000.000000	-64.000000	528.000000	3
198	6	0	3	0	80.802664	0.493242	80.296891	0.222289	33.567765	19.302483	-1000.000000	-1000.000000	-64.000000	-1000.000000	-64.000000	780.000000	3
199	7	0	3	0	82.488872	1.162856	82.872194	0.305379	35.701943	20.500573	-1000.000000	-1000.000000	-64.000000	-1000.000000	-64.000000	528.000000	3
256	0	1	0	0	82.489559	0.875077	82.834305	0.308234	13.266955	7.899431	-1000.000000	-1000.000000	-64.000000	-1000.000000	-64.000000	528.000000	3
257	1	1	0	0	90.579931	1.050309	91.236859	0.265241	14.534397	9.147016	-1000.000000	-1000.000000	-64.000000	-1000.000000	-64.000000	528.000000	3
258	2	1	0	0	81.330730	0.975010	80.859767	0.291335	18.640445	12.836630	-1000.000000	-1000.000000	-64.000000	-1000.000000	-64.000000	528.000000	3
259	3	1	0	0	81.512896	1.015574	81.336192	0.356676	18.622414	10.874315	-1000.000000	-1000.000000	-64.000000	-1000.000000	-64.000000	528.000000	3
260	4	1	0	0	76.342778	1.224962	75.974119	0.200317	24.234521	11.892554	-1000.000000	-1000.000000	-64.000000	-1000.000000	-64.000000	780.000000	3
261	5	1	0	0	90.410768	0.910947	90.685992	0.332880	29.883275	16.308281	-1000.000000	-1000.000000	-64.000000	-1000.000000	-64.000000	528.000000	3
262	6	1	0	0	82.105252	0.932252	82.252522	0.375099	32.934695	16.953681	-1000.000000	-1000.000000	-64.000000	-1000.000000	-64.000000	528.000000	3
263	7	1	0	0	82.277067	1.151005	82.523494	0.322567	37.433174	19.215791	-1000.000000	-1000.000000	-64.000000	-1000.000000	-64.000000	780.000000	3
320	0	1	1	0	80.518929	0.586554	79.981246	0.163604	14.151125	7.726810	-1000.000000	-1000.000000	-64.000000	-1000.000000	-64.000000	780.000000	3
321	1	1	1	0	81.490385	1.093071	81.429922	0.329313	14.330481	8.462658	-1000.000000	-1000.000000	-64.000000	-1000.000000	-64.000000	780.000000	3
322	2	1	1	0	81.106908	1.022927	80.683019	0.268345	19.330403	11.393080	-1000.000000	-1000.000000	-64.000000	-1000.000000	-64.000000	528.000000	3
323	3	1	1	0	81.364697	0.944106	81.140080	0.315168	17.997918	10.838485	-1000.000000	-1000.000000	-64.000000	-1000.000000	-64.000000	780.000000	3
324	4	1	1	0	81.402133	1.270920	81.233733	0.299770	26.992711	12.587354	-1000.000000	-1000.000000	-64.000000	-1000.000000	-64.000000	780.000000	3
325	5	1	1	0	82.297117	1.102027	82.625798	0.310860	29.768209	14.525060	-1000.000000	-1000.000000	-64.000000	-1000.000000	-64.000000	780.000000	3
326	6	1	1	0	82.746503	1.188797	83.293082	0.272180	28.796396	15.041349	-1000.000000	-1000.000000	-64.000000	-1000.000000	-64.000000	528.000000	3
327	7	1	1	0	80.888693	0.576342	80.693958	0.272715	37.491012	19.736763	-1000.000000	-1000.000000	-64.000000	-1000.000000	-64.000000	780.000000	3
384	0	1	2	0	81.388678	0.875627	81.261178	0.319593	14.370800	7.930103	-1000.000000	-1000.000000	-64.000000	-1000.000000	-64.000000	780.000000	3
385	1	1	2	0	82.435638	1.040570	82.828512	0.323842	16.894075	10.837051	-1000.000000	-1000.000000	-64.000000	-1000.000000	-64.000000	780.000000	3
386	2	1	2	0	80.770835	1.030913	80.424166	0.222945	17.336429	10.332597	-1000.000000	-1000.000000	-64.000000	-1000.000000	-64.000000	528.000000	3
387	3	1	2	0	65.034395	1.730046	65.151100	0.321061	17.466542	10.431812	-1000.000000	-1000.000000	-64.000000	-1000.000000	-64.000000	780.000000	3
388	4	1	2	0	82.350309	1.144509	82.539960	0.331101	24.313042	11.178221	-1000.000000	-1000.000000	-64.000000	-1000.000000	-64.000000	528.000000	3
389	5	1	2	0	81.593432	0.909309	81.455879	0.340385	29.214528	16.283725	-1000.000000	-1000.000000	-64.000000	-1000.000000	-64.000000	528.000000	3
390	6	1	2	0	81.664620	1.135695	81.697312	0.306097	36.515531	19.113654	-1000.000000	-1000.000000	-64.000000	-1000.000000	-64.000000	780.000000	3
391	7	1	2	0	81.805174	0.870449	81.858737	0.377136	35.696597	18.637182	-1000.000000	-1000.000000	-64.000000	-1000.000000	-64.000000	528.000000	3
448	0	1	3	0	86.462256	1.088900	86.801715	0.311297	15.716222	9.293390	-1000.000000	-1000.000000	-64.000000	-1000.000000	-64.000000	780.000000	3
449	1	1	3	0	81.566693	0.851516	81.505469	0.337728	15.411320	9.374944	-1000.000000	-1000.000000	-64.000000	-1000.000000	-64.000000	780.000000	3
450	2	1	3	0	81.555336	1.099096	81.360777	0.330370	18.429238	10.945696	-1000.000000	-1000.000000	-64.000000	-1000.000000	-64.000000	780.000000	3
451	3	1	3	0	81.817528	0.950777	81.961348	0.416983	16.693957	9.886452	-1000.000000	-1000.000000	-64.000000	-1000.000000	-64.000000	528.000000	3
452	4	1	3	0	82.581720	1.212530	83.028588	0.311353	24.860836	12.092989	-1000.000000	-1000.000000	-64.000000	-1000.000000	-64.000000	780.000000	3
453	5	1	3	0	73.733106	0.943896	73.584677	0.309974	29.372898	15.033041	-1000.000000	-1000.000000	-64.000000	-1000.000000	-64.000000	528.000000	3
454	6	1	3	0	80.658050	1.008560	80.294871	0.198211	30.907615	15.630601	-1000.000000	-1000.000000	-64.000000	-1000.000000	-64.000000	528.000000	3
455	7	1	3	0	81.010440	1.096782	80.816200	0.286203	34.183710	17.709389	-1000.000000	-1000.000000	-64.000000	-1000.000000	-64.000000	528.000000	3
512	0	0	0	1	81.862033	1.085676	81.862892	0.342439	13.557261	8.311995	-1000.000000	-1000.000000	-64.000000	-1000.000000	-64.000000	780.000000	3
513	1	0	0	1	95.523463	0.567022	96.049971	0.146274	15.392174	10.929145	-1000.000000	-1000.000000	-64.000000	-1000.000000	-64.000000	780.000000	3
514	2	0	0	1	82.167772	0.953780	82.356200	0.337938	17.413336	10.937461	-1000.000000	-1000.000000	-64.000000	-1000.000000	-64.000000	780.000000	3
515	3	0	0	1	81.384649	0.878077	80.948123	0.310894	20.698447	13.142714	-1000.000000	-1000.000000	-64.000000	-1000.000000	-64.000000	780.000000	3
516	4	0	0	1	83.690220	1.478481	83.783457	0.213663	22.477382	13.359239	-1000.000000	-1000.000000	-64.000000	-1000.000000	-64.000000	780.000000	3
517	5	0	0	1	82.208932	0.997853	82.529668	0.326778	22.184540	10.276983	-1000.000000	-1000.000000	-64.000000	-1000.000000	-64.000000	780.000000	3
518	6	0	0	1	84.135838	1.229032	84.021346	0.169150	29.290288	15.969465	-1000.000000	-1000.000000	-64.000000	-1000.000000	-64.000000	780.000000	3
519	7	0	0	1	82.219812	0.894495	82.509734	0.347631	32.310931	18.736598	-1000.000000	-1000.000000	-64.000000	-1000.000000	-64.000000	780.000000	3
576	0	0	1	1	90.814789	0.966639	91.520983	0.232651	14.745462	10.717999	-1000.000000	-1000.000000	-64.000000	-1000.000000	-64.000000	780.000000	3
577	1	0	1	1	81.718584	0.995335	81.715684	0.339751	16.174661	11.139384	-1000.000000	-1000.000000	-64.000000	-1000.000000	-64.000000	780.000000	3
578	2	0	1	1	80.925164	0.908848	80.603697	0.258341	17.679779	11.848842	-1000.000000	-1000.000000	-64.000000	-1000.000000	-64.000000	780.000000	3
579	3	0	1	1	82.386866	0.912762	82.663763	0.339474	17.100867	10.742784	-1000.000000	-1000.000000	-64.000000	-1000.000000	-64.000000	780.000000	3
580	4	0	1	1	81.687037	0.943760	81.498608	0.332300	21.698018	11.176063	-1000.000000	-1000.000000	-64.000000	-1000.000000	-64.000000	780.000000	3
581	5	0	1	1	82.604756	1.212518	82.932723	0.313846	25.802735	12.448728	-1000.000000	-1000.000000	-64.000000	-1000.000000	-64.000000	780.000000	3
582	6	0	1	1	84.752228	0.729043	84.210787	0.198005	29.923630	16.240944	-1000.000000	-1000.000000	-64.000000	-1000.000000	-64.000000	780.000000	3
583	7	0	1	1	82.870656	1.265901	83.225348	0.280821	34.526290	17.920650	-1000.000000	-1000.000000	-64.000000	-1000.000000	-64.000000	780.000000	3
640	0	0	2	1	83.235820	1.365726	83.668306	0.208505	7.595243	18.918743	-1000.000000	-1000.000000	-64.000000	-1000.000000	-64.000000	780.000000	3
641	1	0	2	1	80.877781	1.033047	80.563141	0.249165	16.984695	11.406061	-1000.000000	-1000.000000	-64.000000	-1000.000000	-64.000000	780.000000	3
642	2	0	2	1	81.061932	0.920439	80.625653	0.258352	16.423108	16.811186	-1000.000000	-1000.000000	-64.000000	-1000.000000	-64.000000	780.000000	3
643	3	0	2	1	82.222719	0.982756	82.457056	0.344529	15.458800	9.767089	-1000.000000	-1000.000000	-64.000000	-1000.000000	-64.000000	780.000000	3
644	4	0	2	1	82.856206	1.222661	83.367372	0.262589	22.466248	10.517304	-1000.000000	-1000.000000	-64.000000	-1000.000000	-64.000000	780.000000	3
645	5	0	2	1	82.370614	0.931378	82.653662	0.312275	24.093216	10.967424	-1000.000000	-1000.000000	-64.000000	-1000.000000	-64.000000	780.000000	3
646	6	0	2	1	82.490185	1.013422	82.749533	0.333371	33.088645	17.217697	-1000.000000	-1000.000000	-64.000000	-1000.000000	-64.000000	780.000000	3
647	7	0	2	1	83.450635	1.443583	83.645740	0.215831	30.503380	18.822405	-1000.000000	-1000.000000	-64.000000	-1000.000000	-64.000000	780.000000	3
704	0	0	3	1	81.188926	1.009500	80.845321	0.289370	10.749391	0.535726	-1000.000000	-1000.000000	-64.000000	-1000.000000	-64.000000	780.000000	3
705	1	0	3	1	84.657348	0.977650	84.259958	0.189147	16.131213	11.715648	-1000.000000	-1000.000000	-64.000000	-1000.000000	-64.000000	780.000000	3
706	2	0	3	1	82.163237	0.890456	82.215053	0.369380	15.583173	10.421885	-1000.000000	-1000.000000	-64.000000	-1000.000000	-64.000000	780.000000	3
707	3	0	3	1	81.960573	0.909503	81.786811	0.414685	16.212999	9.561188	-1000.000000	-1000.000000	-64.000000	-1000.000000	-64.000000	780.000000	3
708	4	0	3	1	83.523166	1.374918	83.760282	0.204883	24.604558	13.849992	-1000.000000	-1000.000000	-64.000000	-1000.000000	-64.000000	780.000000	3
709	5	0	3	1	83.825669	1.251486	84.054774	0.147503	25.450829	13.103392	-1000.000000	-1000.000000	-64.000000	-1000.000000	-64.000000	780.000000	3
710	6	0	3	1	83.198406	1.173392	83.687974	0.196103	27.234758	18.223122	-1000.000000	-1000.000000	-64.000000	-1000.000000	-64.000000	780.000000	3
711	7	0	3	1	84.575427	0.759547	83.969087	0.152272	31.151110	15.247626	-1000.000000	-1000.000000	-64.000000	-1000.000000	-64.000000	780.000000	3
768	0	1	0	1	82.414731	0.848326	82.871736	0.314624	14.031686	8.418925	-1000.000000	-1000.000000	-64.000000	-1000.000000	-64.000000	780.000000	3
769	1	1	0	1	82.568460	0.810353	82.969621	0.306153	16.740930	10.621647	-1000.000000	-1000.000000	-64.000000	-1000.000000	-64.000000	780.000000	3
770	2	1	0	1	85.357831	0.926622	84.956318	0.294790	18.705768	10.731296	-1000.000000	-1000.000000	-64.000000	-1000.000000	-64.000000	780.000000	3
771	3	1	0	1	81.441145	0.879034	81.024014	0.318942	17.658924	10.651522	-1000.000000	-1000.000000	-64.000000	-1000.000000	-64.000000	780.000000	3
772	4	1	0	1	82.683500	1.109045	83.127006	0.290525	23.489991	11.121278	-1000.000000	-1000.000000	-64.000000	-1000.000000	-64.000000	780.000000	3
773	5	1	0	1	81.691211	0.909318	81.441738	0.392070	24.154616	12.185454	-1000.000000	-1000.000000	-64.000000	-1000.000000	-64.000000	780.000000	3
774	6	1	0	1	84.228539	1.101542	83.734706	0.205768	27.339432	15.085533	-1000.000000	-1000.000000	-64.000000	-1000.000000	-64.000000	780.000000	3
775	7	1	0	1	83.100834	1.090368	83.587231	0.225955	33.586604	17.789343	-1000.000000	-1000.000000	-64.000000	-1000.000000	-64.000000	780.000000	3
832	0	1	1	1	82.057863	0.944255	82.405980	0.318180	15.445001	9.122724	-1000.000000	-1000.000000	-64.000000	-1000.000000	-64.000000	780.000000	3
833	1	1	1	1	82.270477	0.889044	82.582498	0.338676	16.532931	10.424194	-1000.000000	-1000.000000	-64.000000	-1000.000000	-64.000000	780.000000	3
834	2	1	1	1	81.992055	0.945197	81.913625	0.348003	16.498473	9.757075	-1000.000000	-1000.000000	-64.000000	-1000.000000	-64.000000	780.000000	3
835	3	1	1	1	82.365917	1.206150	82.676417	0.333219	15.599774	9.279081	-1000.000000	-1000.000000	-64.000000	-1000.000000	-64.000000	780.000000	3
836	4	1	1	1	-1000.000000	-1000.000000	64.282493	0.194496	-1000.000000	-1000.000000	-1000.000000	-1000.000000	-64.000000	-1000.000000	-64.000000	780.000000	3
837	5	1	1	1	82.282231	0.948089	82.775300	0.321378	24.348306	12.253861	-1000.000000	-1000.000000	-64.000000	-1000.000000	-64.000000	780.000000	3
838	6	1	1	1	82.791316	1.067527	83.193787	0.285521	29.467412	14.952302	-1000.000000	-1000.000000	-64.000000	-1000.000000	-64.000000	780.000000	3
839	7	1	1	1	82.900036	1.250414	83.203507	0.283656	32.520004	16.969180	-1000.000000	-1000.000000	-64.000000	-1000.000000	-64.000000	780.000000	3
896	0	1	2	1	83.239749	1.483689	83.427597	0.249303	21.600511	0.641356	-1000.000000	-1000.000000	-64.000000	-1000.000000	-64.000000	780.000000	3
897	1	1	2	1	80.997434	0.969813	80.689079	0.268597	14.863546	8.188784	-1000.000000	-1000.000000	-64.000000	-1000.000000	-64.000000	780.000000	3
898	2	1	2	1	83.627683	1.379838	83.619020	0.218553	16.391962	10.128366	-1000.000000	-1000.000000	-64.000000	-1000.000000	-64.000000	780.000000	3
899	3	1	2	1	81.410689	0.999915	81.004879	0.311890	17.702887	10.716323	-1000.000000	-1000.000000	-64.000000	-1000.000000	-64.000000	780.000000	3
900	4	1	2	1	82.758934	1.067368	83.114351	0.295562	22.188716	10.415573	-1000.000000	-1000.000000	-64.000000	-1000.000000	-64.000000	780.000000	3
901	5	1	2	1	82.420609	1.148067	82.725862	0.303738	28.045950	15.886982	-1000.000000	-1000.000000	-64.000000	-1000.000000	-64.000000	780.000000	3
902	6	1	2	1	82.156521	0.855303	82.556274	0.369819	27.273725	13.749536	-1000.000000	-1000.000000	-64.000000	-1000.000000	-64.000000	780.000000	3
903	7	1	2	1	83.945940	1.245765	83.854584	0.163671	34.233427	17.235589	-1000.000000	-1000.000000	-64.000000	-1000.000000	-64.000000	780.000000	3
960	0	1	3	1	80.320130	0.959511	80.051649	0.142961	14.347634	7.829262	-1000.000000	-1000.000000	-64.000000	-1000.000000	-64.000000	780.000000	3
961	1	1	3	1	81.171528	0.855968	80.940919	0.310045	17.495322	11.068271	-1000.000000	-1000.000000	-64.000000	-1000.000000	-64.000000	780.000000	3
962	2	1	3	1	81.643159	0.840115	81.652029	0.328701	17.528959	9.833741	-1000.000000	-1000.000000	-64.000000	-1000.000000	-64.000000	780.000000	3
963	3	1	3	1	80.697123	0.932228	80.282902	0.188090	15.625832	8.874378	-1000.000000	-1000.000000	-64.000000	-1000.000000	-64.000000	780.000000	3
964	4	1	3	1	82.237863	0.930472	82.544839	0.317727	21.340252	9.888650	-1000.000000	-1000.000000	-64.000000	-1000.000000	-64.000000	780.000000	3
965	5	1	3	1	83.552387	1.319546	83.772060	0.193584	24.526901	11.402074	-1000.000000	-1000.000000	-64.000000	-1000.000000	-64.000000	780.000000	3
966	6	1	3	1	82.852213	1.058021	83.488736	0.240372	28.070267	14.395246	-1000.000000	-1000.000000	-64.000000	-1000.000000	-64.000000	780.000000	3
967	7	1	3	1	25.622385	0.799823	40.000000	0.001196	-1000.000000	-1000.000000	-1000.000000	-1000.000000	-64.000000	-1000.000000	-64.000000	780.000000	0
1024	0	0	0	2	80.503857	1.218525	80.407128	0.205644	12.311937	7.277860	-1000.000000	-1000.000000	-64.000000	-1000.000000	-64.000000	780.000000	3
1025	1	0	0	2	94.008550	1.000025	94.078405	0.348750	16.017134	9.551793	-1000.000000	-1000.000000	-64.000000	-1000.000000	-64.000000	10.000000	3
1026	2	0	0	2	-1000.000000	-1000.000000	79.620055	0.204266	-1000.000000	-1000.000000	-1000.000000	-1000.000000	-64.000000	-1000.000000	-64.000000	780.000000	3
1027	3	0	0	2	81.012455	1.048858	80.615704	0.220905	19.169432	11.683544	-1000.000000	-1000.000000	-64.000000	-1000.000000	-64.000000	10.000000	3
1028	4	0	0	2	81.930435	0.984611	81.698341	0.289582	24.856890	11.300159	-1000.000000	-1000.000000	-64.000000	-1000.000000	-64.000000	780.000000	3
1029	5	0	0	2	82.230610	0.955413	82.567823	0.294813	26.025980	12.514338	-1000.000000	-1000.000000	-64.000000	-1000.000000	-64.000000	780.000000	3
1030	6	0	0	2	84.955257	1.019919	84.483819	0.208291	32.198260	18.288715	-1000.000000	-1000.000000	-64.000000	-1000.000000	-64.000000	10.000000	3
1031	7	0	0	2	80.199138	1.022470	79.994587	0.121921	-1000.000000	-1000.000000	-1000.000000	-1000.000000	-64.000000	-1000.000000	-64.000000	780.000000	0
1088	0	0	1	2	81.098382	0.882222	80.938098	0.297010	13.389057	7.647265	-1000.000000	-1000.000000	-64.000000	-1000.000000	-64.000000	780.000000	3
1089	1	0	1	2	81.210343	0.867213	80.617381	0.259405	17.657258	10.769872	-1000.000000	-1000.000000	-64.000000	-1000.000000	-64.000000	780.000000	3
1090	2	0	1	2	82.692132	1.296213	83.048866	0.303414	17.681257	11.954364	-1000.000000	-1000.000000	-64.000000	-1000.000000	-64.000000	780.000000	3
1091	3	0	1	2	82.749858	0.965404	83.338860	0.266178	18.227207	11.920668	-1000.000000	-1000.000000	-64.000000	-1000.000000	-64.000000	10.000000	3
1092	4	0	1	2	83.502294	1.361296	83.771107	0.197026	24.499594	11.393016	-1000.000000	-1000.000000	-64.000000	-1000.000000	-64.000000	10.000000	3
1093	5	0	1	2	82.322179	0.731722	82.656254	0.334662	23.174778	11.027696	-1000.000000	-1000.000000	-64.000000	-1000.000000	-64.000000	780.000000	3
1094	6	0	1	2	84.691595	0.767517	84.105470	0.170007	29.629886	14.766895	-1000.000000	-1000.000000	-64.000000	-1000.000000	-64.000000	10.000000	3
1095	7	0	1	2	81.947741	0.896950	82.170609	0.352535	38.522666	21.154404	-1000.000000	-1000.000000	-64.000000	-1000.000000	-64.000000	10.000000	3
1152	0	0	2	2	81.732919	1.030901	81.709548	0.350023	12.453684	7.410969	-1000.000000	-1000.000000	-64.000000	-1000.000000	-64.000000	780.000000	3
1153	1	0	2	2	81.491599	0.852167	80.962836	0.303289	17.680354	10.436877	-1000.000000	-1000.000000	-64.000000	-1000.000000	-64.000000	780.000000	3
1154	2	0	2	2	81.804303	0.993190	81.711758	0.355640	17.532972	10.916458	-1000.000000	-1000.000000	-64.000000	-1000.000000	-64.000000	10.000000	3
1155	3	0	2	2	82.124599	0.870094	82.451682	0.329896	19.374675	11.867496	-1000.000000	-1000.000000	-64.000000	-1000.000000	-64.000000	780.000000	3
1156	4	0	2	2	81.485237	1.012023	81.372708	0.317115	25.244076	11.519062	-1000.000000	-1000.000000	-64.000000	-1000.000000	-64.000000	10.000000	3
1157	5	0	2	2	81.856485	0.992453	81.917551	0.348085	28.204693	13.195388	-1000.000000	-1000.000000	-64.000000	-1000.000000	-64.000000	10.000000	3
1158	6	0	2	2	83.960044	1.290840	83.832628	0.180306	31.710616	16.602347	-1000.000000	-1000.000000	-64.000000	-1000.000000	-64.000000	10.000000	3
1159	7	0	2	2	83.774764	1.388833	83.775453	0.194138	39.159163	21.606170	-1000.000000	-1000.000000	-64.000000	-1000.000000	-64.000000	10.000000	3
1216	0	0	3	2	80.732585	1.027665	80.284922	0.200159	15.208209	8.969402	-1000.000000	-1000.000000	-64.000000	-1000.000000	-64.000000	780.000000	3
1217	1	0	3	2	81.116709	0.941962	80.635373	0.257877	17.572522	10.642801	-1000.000000	-1000.000000	-64.000000	-1000.000000	-64.000000	780.000000	3
1218	2	0	3	2	81.881336	1.002114	81.873031	0.370812	17.738435	11.181380	-1000.000000	-1000.000000	-64.000000	-1000.000000	-64.000000	780.000000	3
1219	3	0	3	2	83.782648	1.409450	83.760053	0.194813	18.586623	11.862164	-1000.000000	-1000.000000	-64.000000	-1000.000000	-64.000000	10.000000	3
1220	4	0	3	2	82.820077	1.355180	83.091786	0.300586	23.242049	11.023582	-1000.000000	-1000.000000	-64.000000	-1000.000000	-64.000000	10.000000	3
1221	5	0	3	2	83.699662	1.420042	83.755174	0.200911	28.031680	13.739896	-1000.000000	-1000.000000	-64.000000	-1000.000000	-64.000000	10.000000	3
1222	6	0	3	2	81.897652	1.001287	82.050884	0.320811	28.978349	14.502965	-1000.000000	-1000.000000	-64.000000	-1000.000000	-64.000000	780.000000	3
1223	7	0	3	2	82.090316	0.985509	82.400644	0.331787	36.320212	19.886892	-1000.000000	-1000.000000	-64.000000	-1000.000000	-64.000000	10.000000	3
1280	0	1	0	2	81.302606	1.115605	81.147132	0.320079	11.514904	7.492575	-1000.000000	-1000.000000	-64.000000	-1000.000000	-64.000000	10.000000	3
1281	1	1	0	2	80.428519	1.060420	80.143891	0.166598	15.202132	9.157969	-1000.000000	-1000.000000	-64.000000	-1000.000000	-64.000000	10.000000	3
1282	2	1	0	2	82.359349	0.818091	82.540417	0.351869	16.460297	10.411597	-1000.000000	-1000.000000	-64.000000	-1000.000000	-64.000000	10.000000	3
1283	3	1	0	2	88.027672	1.195118	87.911149	0.160450	18.164423	10.513437	-1000.000000	-1000.000000	-64.000000	-1000.000000	-64.000000	10.000000	3
1284	4	1	0	2	81.002534	0.846757	80.703564	0.258988	25.118953	12.292218	-1000.000000	-1000.000000	-64.000000	-1000.000000	-64.000000	780.000000	3
1285	5	1	0	2	81.760542	1.107961	81.830149	0.376700	25.141815	11.681393	-1000.000000	-1000.000000	-64.000000	-1000.000000	-64.000000	10.000000	3
1286	6	1	0	2	81.882370	0.963565	81.945186	0.371364	30.773016	15.185213	-1000.000000	-1000.000000	-64.000000	-1000.000000	-64.000000	10.000000	3
1287	7	1	0	2	82.734562	1.470862	82.970459	0.311920	39.371786	21.505776	-1000.000000	-1000.000000	-64.000000	-1000.000000	-64.000000	780.000000	3
1344	0	1	1	2	83.527759	1.517258	83.754412	0.206057	22.018428	0.634319	-1000.000000	-1000.000000	-64.000000	-1000.000000	-64.000000	780.000000	3
1345	1	1	1	2	81.374632	0.711350	80.855956	0.291669	19.683197	14.241462	-1000.000000	-1000.000000	-64.000000	-1000.000000	-64.000000	780.000000	3
1346	2	1	1	2	79.280437	1.128956	79.647879	0.210239	16.061860	9.309822	-1000.000000	-1000.000000	-64.000000	-1000.000000	-64.000000	10.000000	3
1347	3	1	1	2	81.862797	0.959284	81.725671	0.340032	20.542266	14.063961	-1000.000000	-1000.000000	-64.000000	-1000.000000	-64.000000	780.000000	3
1348	4	1	1	2	81.691450	0.951766	81.448294	0.308439	23.041858	10.318565	-1000.000000	-1000.000000	-64.000000	-1000.000000	-64.000000	780.000000	3
1349	5	1	1	2	83.142664	1.233355	83.538250	0.244080	27.049327	13.002581	-1000.000000	-1000.000000	-64.000000	-1000.000000	-64.000000	780.000000	3
1350	6	1	1	2	94.335644	1.085865	94.873752	0.323406	30.347747	17.507961	-1000.000000	-1000.000000	-64.000000	-1000.000000	-64.000000	10.000000	3
1351	7	1	1	2	95.248380	0.652824	95.731038	0.199264	37.819698	24.474028	-1000.000000	-1000.000000	-64.000000	-1000.000000	-64.000000	780.000000	3
1408	0	1	2	2	81.822113	0.964558	81.982731	0.378109	13.722120	7.816749	-1000.000000	-1000.000000	-64.000000	-1000.000000	-64.000000	780.000000	3
1409	1	1	2	2	82.301631	1.114596	82.628695	0.336241	18.309678	11.456658	-1000.000000	-1000.000000	-64.000000	-1000.000000	-64.000000	780.000000	3
1410	2	1	2	2	80.854839	1.072617	80.586773	0.252751	17.621679	10.739254	-1000.000000	-1000.000000	-64.000000	-1000.000000	-64.000000	10.000000	3
1411	3	1	2	2	80.204227	1.080231	80.020507	0.157756	18.076045	11.379474	-1000.000000	-1000.000000	-64.000000	-1000.000000	-64.000000	780.000000	3
1412	4	1	2	2	83.644797	1.348920	83.919116	0.187862	23.140050	10.638532	-1000.000000	-1000.000000	-64.000000	-1000.000000	-64.000000	10.000000	3
1413	5	1	2	2	84.684376	0.817789	84.058205	0.180194	26.018209	12.037332	-1000.000000	-1000.000000	-64.000000	-1000.000000	-64.000000	10.000000	3
1414	6	1	2	2	82.430956	0.699462	83.047532	0.304451	26.920314	13.778206	-1000.000000	-1000.000000	-64.000000	-1000.000000	-64.000000	780.000000	3
1415	7	1	2	2	83.399417	1.496061	83.525481	0.235218	37.985777	21.493518	-1000.000000	-1000.000000	-64.000000	-1000.000000	-64.000000	10.000000	3
1472	0	1	3	2	82.323740	0.924337	82.809872	0.324329	13.950112	8.825322	-1000.000000	-1000.000000	-64.000000	-1000.000000	-64.000000	780.000000	3
1473	1	1	3	2	85.919692	0.956129	86.207661	0.341564	17.897855	11.423504	-1000.000000	-1000.000000	-64.000000	-1000.000000	-64.000000	780.000000	3
1474	2	1	3	2	81.931294	0.964140	82.223363	0.351667	18.168115	11.612632	-1000.000000	-1000.000000	-64.000000	-1000.000000	-64.000000	780.000000	3
1475	3	1	3	2	82.023967	0.901958	82.281186	0.350259	19.054777	11.822037	-1000.000000	-1000.000000	-64.000000	-1000.000000	-64.000000	10.000000	3
1476	4	1	3	2	79.771587	1.118881	80.104402	0.201593	25.995992	12.781728	-1000.000000	-1000.000000	-64.000000	-1000.000000	-64.000000	780.000000	3
1477	5	1	3	2	81.910645	0.948741	82.212004	0.341616	25.964716	12.300905	-1000.000000	-1000.000000	-64.000000	-1000.000000	-64.000000	10.000000	3
1478	6	1	3	2	82.451109	1.052020	82.939889	0.315557	33.213063	16.590313	-1000.000000	-1000.000000	-64.000000	-1000.000000	-64.000000	10.000000	3
1479	7	1	3	2	82.307295	0.762502	82.532985	0.341243	37.519559	20.736019	-1000.000000	-1000.000000	-64.000000	-1000.000000	-64.000000	10.000000	3
1536	0	0	0	3	81.568989	1.074341	81.372937	0.312813	18.146425	10.467397	-1000.000000	-1000.000000	-64.000000	-1000.000000	-64.000000	528.000000	3
1537	1	0	0	3	81.546382	1.064250	81.522622	0.319759	16.667442	10.284998	-1000.000000	-1000.000000	-64.000000	-1000.000000	-64.000000	528.000000	3
1538	2	0	0	3	82.459115	1.018575	82.782809	0.326895	18.650263	11.042493	-1000.000000	-1000.000000	-64.000000	-1000.000000	-64.000000	528.000000	3
1539	3	0	0	3	82.072453	0.902332	82.112900	0.425738	15.042933	9.703353	-1000.000000	-1000.000000	-64.000000	-1000.000000	-64.000000	780.000000	3
1540	4	0	0	3	83.587031	1.403731	83.797789	0.233823	23.004869	10.825660	-1000.000000	-1000.000000	-64.000000	-1000.000000	-64.000000	528.000000	3
1541	5	0	0	3	48.547775	1.352289	48.259088	0.188667	26.077752	12.349144	-1000.000000	-1000.000000	-64.000000	-1000.000000	-64.000000	780.000000	3
1542	6	0	0	3	84.603291	1.204098	84.267810	0.189610	26.992526	13.305715	-1000.000000	-1000.000000	-64.000000	-1000.000000	-64.000000	780.000000	3
1543	7	0	0	3	84.313315	1.257346	84.091252	0.156088	32.203972	17.311261	-1000.000000	-1000.000000	-64.000000	-1000.000000	-64.000000	780.000000	3
1600	0	0	1	3	80.724666	0.740446	80.408386	0.228211	18.548865	10.761832	-1000.000000	-1000.000000	-64.000000	-1000.000000	-64.000000	528.000000	3
1601	1	0	1	3	80.962801	0.942832	80.708633	0.272557	18.875461	13.045855	-1000.000000	-1000.000000	-64.000000	-1000.000000	-64.000000	528.000000	3
1602	2	0	1	3	94.655549	0.988018	95.042077	0.317242	17.568386	10.371939	-1000.000000	-1000.000000	-64.000000	-1000.000000	-64.000000	780.000000	3
1603	3	0	1	3	81.108643	1.051634	80.706499	0.273306	15.900299	11.364801	-1000.000000	-1000.000000	-64.000000	-1000.000000	-64.000000	528.000000	3
1604	4	0	1	3	82.474425	0.915795	82.946026	0.313315	20.009771	9.249575	-1000.000000	-1000.000000	-64.000000	-1000.000000	-64.000000	780.000000	3
1605	5	0	1	3	82.167093	0.975139	82.525819	0.341506	24.349908	12.143056	-1000.000000	-1000.000000	-64.000000	-1000.000000	-64.000000	780.000000	3
1606	6	0	1	3	82.763051	1.300136	83.025843	0.303175	30.656046	15.634304	-1000.000000	-1000.000000	-64.000000	-1000.000000	-64.000000	528.000000	3
1607	7	0	1	3	82.712103	1.144548	83.195388	0.284375	33.426767	16.861887	-1000.000000	-1000.000000	-64.000000	-1000.000000	-64.000000	780.000000	3
1664	0	0	2	3	81.685338	1.031479	81.728301	0.313782	17.940520	10.626256	-1000.000000	-1000.000000	-64.000000	-1000.000000	-64.000000	528.000000	3
1665	1	0	2	3	82.694123	1.126268	83.005756	0.307803	16.881401	11.230814	-1000.000000	-1000.000000	-64.000000	-1000.000000	-64.000000	528.000000	3
1666	2	0	2	3	81.880768	0.897931	81.706498	0.403876	17.273788	10.009690	-1000.000000	-1000.000000	-64.000000	-1000.000000	-64.000000	780.000000	3
1667	3	0	2	3	80.888808	0.633447	80.573432	0.249481	13.420042	7.960410	-1000.000000	-1000.000000	-64.000000	-1000.000000	-64.000000	528.000000	3
1668	4	0	2	3	82.549227	1.114828	82.784944	0.319769	20.131153	9.321192	-1000.000000	-1000.000000	-64.000000	-1000.000000	-64.000000	528.000000	3
1669	5	0	2	3	81.436322	1.068447	81.309548	0.294284	25.381770	11.981821	-1000.000000	-1000.000000	-64.000000	-1000.000000	-64.000000	528.000000	3
1670	6	0	2	3	82.886929	1.177208	83.391843	0.255632	26.867360	13.100383	-1000.000000	-1000.000000	-64.000000	-1000.000000	-64.000000	780.000000	3
1671	7	0	2	3	83.958168	1.403753	83.907566	0.220765	36.227690	19.078324	-1000.000000	-1000.000000	-64.000000	-1000.000000	-64.000000	528.000000	3
1728	0	0	3	3	80.742765	0.883415	80.219286	0.168961	15.272584	8.521998	-1000.000000	-1000.000000	-64.000000	-1000.000000	-64.000000	780.000000	3
1729	1	0	3	3	82.917809	0.981805	83.445512	0.246787	17.279682	11.155909	-1000.000000	-1000.000000	-64.000000	-1000.000000	-64.000000	780.000000	3
1730	2	0	3	3	81.637874	0.895058	81.489727	0.379344	16.015445	9.298148	-1000.000000	-1000.000000	-64.000000	-1000.000000	-64.000000	780.000000	3
1731	3	0	3	3	81.149339	0.915125	80.699562	0.282442	13.784393	9.486154	-1000.000000	-1000.000000	-64.000000	-1000.000000	-64.000000	780.000000	3
1732	4	0	3	3	81.491661	1.063498	81.465370	0.295582	22.289686	11.705124	-1000.000000	-1000.000000	-64.000000	-1000.000000	-64.000000	528.000000	3
1733	5	0	3	3	90.388507	0.948884	90.895559	0.321783	27.190551	14.389532	-1000.000000	-1000.000000	-64.000000	-1000.000000	-64.000000	780.000000	3
1734	6	0	3	3	83.317387	1.187454	83.736306	0.184907	27.613129	13.497419	-1000.000000	-1000.000000	-64.000000	-1000.000000	-64.000000	780.000000	3
1735	7	0	3	3	82.496076	1.231407	83.030341	0.304818	35.535469	19.054287	-1000.000000	-1000.000000	-64.000000	-1000.000000	-64.000000	528.000000	3
1792	0	1	0	3	80.679441	0.985093	80.401487	0.225430	17.639807	10.313946	-1000.000000	-1000.000000	-64.000000	-1000.000000	-64.000000	528.000000	3
1793	1	1	0	3	82.194766	1.021834	82.387532	0.332547	18.632570	11.961041	-1000.000000	-1000.000000	-64.000000	-1000.000000	-64.000000	528.000000	3
1794	2	1	0	3	81.396706	1.003641	81.239718	0.304656	17.787730	10.579102	-1000.000000	-1000.000000	-64.000000	-1000.000000	-64.000000	528.000000	3
1795	3	1	0	3	65.114188	0.834925	64.443880	0.223977	12.810757	7.723237	-1000.000000	-1000.000000	-64.000000	-1000.000000	-64.000000	780.000000	3
1796	4	1	0	3	84.090490	1.297460	84.091633	0.166122	19.358627	9.410743	-1000.000000	-1000.000000	-64.000000	-1000.000000	-64.000000	780.000000	3
1797	5	1	0	3	84.419233	1.046029	84.017953	0.151778	24.848595	11.821417	-1000.000000	-1000.000000	-64.000000	-1000.000000	-64.000000	780.000000	3
1798	6	1	0	3	84.042865	1.376695	83.838917	0.224367	31.401152	15.274401	-1000.000000	-1000.000000	-64.000000	-1000.000000	-64.000000	528.000000	3
1799	7	1	0	3	83.707113	1.196543	83.882905	0.157384	32.355562	16.737845	-1000.000000	-1000.000000	-64.000000	-1000.000000	-64.000000	780.000000	3
1856	0	1	1	3	81.770348	1.007615	81.925022	0.353494	16.446534	9.484323	-1000.000000	-1000.000000	-64.000000	-1000.000000	-64.000000	528.000000	3
1857	1	1	1	3	82.572068	1.078771	82.900743	0.314336	19.279149	13.118343	-1000.000000	-1000.000000	-64.000000	-1000.000000	-64.000000	528.000000	3
1858	2	1	1	3	81.861029	0.914063	81.711110	0.421946	18.988277	12.601523	-1000.000000	-1000.000000	-64.000000	-1000.000000	-64.000000	780.000000	3
1859	3	1	1	3	80.937469	0.543900	80.597370	0.249571	14.353672	9.778662	-1000.000000	-1000.000000	-64.000000	-1000.000000	-64.000000	528.000000	3
1860	4	1	1	3	84.084515	1.304101	84.076806	0.160734	18.604657	9.089038	-1000.000000	-1000.000000	-64.000000	-1000.000000	-64.000000	780.000000	3
1861	5	1	1	3	83.615256	1.295929	83.792758	0.173602	23.627644	10.970300	-1000.000000	-1000.000000	-64.000000	-1000.000000	-64.000000	780.000000	3
1862	6	1	1	3	82.949952	1.170213	83.358529	0.261337	28.057895	13.797502	-1000.000000	-1000.000000	-64.000000	-1000.000000	-64.000000	780.000000	3
1863	7	1	1	3	85.310034	0.833042	84.860149	0.291643	36.261287	18.176152	-1000.000000	-1000.000000	-64.000000	-1000.000000	-64.000000	780.000000	3
1920	0	1	2	3	80.540029	0.681419	79.987650	0.178550	18.881082	13.387234	-1000.000000	-1000.000000	-64.000000	-1000.000000	-64.000000	528.000000	3
1921	1	1	2	3	81.704024	0.969888	81.452944	0.340378	18.282852	11.115702	-1000.000000	-1000.000000	-64.000000	-1000.000000	-64.000000	528.000000	3
1922	2	1	2	3	80.911646	0.637250	80.491290	0.240603	19.743188	11.505527	-1000.000000	-1000.000000	-64.000000	-1000.000000	-64.000000	528.000000	3
1923	3	1	2	3	81.140444	0.899436	80.677606	0.278924	13.378960	9.118721	-1000.000000	-1000.000000	-64.000000	-1000.000000	-64.000000	780.000000	3
1924	4	1	2	3	-1000.000000	-1000.000000	95.463458	0.242536	-1000.000000	-1000.000000	-1000.000000	-1000.000000	-64.000000	-1000.000000	-64.000000	780.000000	3
1925	5	1	2	3	83.382130	1.473377	83.683629	0.243180	26.750310	13.125720	-1000.000000	-1000.000000	-64.000000	-1000.000000	-64.000000	528.000000	3
1926	6	1	2	3	83.155145	1.195934	83.526015	0.231598	28.661448	13.695324	-1000.000000	-1000.000000	-64.000000	-1000.000000	-64.000000	780.000000	3
1927	7	1	2	3	82.979590	1.332215	83.246808	0.277458	30.574968	15.162007	-1000.000000	-1000.000000	-64.000000	-1000.000000	-64.000000	780.000000	3
1984	0	1	3	3	81.222974	0.972692	81.073108	0.309197	16.752956	10.675327	-1000.000000	-1000.000000	-64.000000	-1000.000000	-64.000000	528.000000	3
1985	1	1	3	3	82.651409	1.076868	83.086640	0.302039	16.762807	10.803832	-1000.000000	-1000.000000	-64.000000	-1000.000000	-64.000000	780.000000	3
1986	2	1	3	3	82.095831	1.017065	82.420655	0.332366	20.578113	12.437308	-1000.000000	-1000.000000	-64.000000	-1000.000000	-64.000000	528.000000	3
1987	3	1	3	3	81.001539	1.003566	80.455841	0.226446	13.463170	7.996696	-1000.000000	-1000.000000	-64.000000	-1000.000000	-64.000000	780.000000	3
1988	4	1	3	3	82.165775	1.110927	82.239944	0.341939	20.038860	9.385529	-1000.000000	-1000.000000	-64.000000	-1000.000000	-64.000000	528.000000	3
1989	5	1	3	3	81.749349	1.019267	81.691023	0.312858	27.603875	12.786655	-1000.000000	-1000.000000	-64.000000	-1000.000000	-64.000000	528.000000	3
1990	6	1	3	3	83.927267	1.292302	83.899409	0.153273	29.200735	13.931781	-1000.000000	-1000.000000	-64.000000	-1000.000000	-64.000000	780.000000	3
1991	7	1	3	3	82.778948	1.125993	83.091900	0.300683	33.741864	17.759528	-1000.000000	-1000.000000	-64.000000	-1000.000000	-64.000000	528.000000	3
2048	0	0	0	4	79.174080	1.011769	79.249514	0.274081	12.226783	8.117527	-1000.000000	-1000.000000	-64.000000	-1000.000000	-64.000000	780.000000	3
2049	1	0	0	4	81.376429	1.048179	81.109167	0.312274	19.213394	11.304350	-1000.000000	-1000.000000	-64.000000	-1000.000000	-64.000000	780.000000	3
2050	2	0	0	4	81.101608	0.820538	80.792262	0.280852	12.746637	8.311260	-1000.000000	-1000.000000	-64.000000	-1000.000000	-64.000000	780.000000	3
2051	3	0	0	4	82.242202	0.949116	82.519491	0.336576	14.370854	9.023980	-1000.000000	-1000.000000	-64.000000	-1000.000000	-64.000000	780.000000	3
2052	4	0	0	4	81.239418	1.136757	80.848332	0.293454	22.353680	12.396003	-1000.000000	-1000.000000	-64.000000	-1000.000000	-64.000000	780.000000	3
2053	5	0	0	4	82.131187	0.980969	82.461402	0.325072	23.780225	12.713850	-1000.000000	-1000.000000	-64.000000	-1000.000000	-64.000000	780.000000	3
2054	6	0	0	4	82.285779	0.894972	82.703983	0.336938	25.798544	13.019806	-1000.000000	-1000.000000	-64.000000	-1000.000000	-64.000000	780.000000	3
2055	7	0	0	4	81.752620	1.011745	81.699027	0.329897	28.002835	15.147889	-1000.000000	-1000.000000	-64.000000	-1000.000000	-64.000000	780.000000	3
2112	0	0	1	4	81.032119	0.797035	80.686678	0.273821	14.384716	8.582379	-1000.000000	-1000.000000	-64.000000	-1000.000000	-64.000000	780.000000	3
2113	1	0	1	4	81.591413	0.942428	81.270669	0.324750	16.161087	10.052316	-1000.000000	-1000.000000	-64.000000	-1000.000000	-64.000000	780.000000	3
2114	2	0	1	4	81.875589	1.023481	81.808308	0.341720	14.740235	9.014142	-1000.000000	-1000.000000	-64.000000	-1000.000000	-64.000000	780.000000	3
2115	3	0	1	4	81.603741	1.066299	81.639565	0.401611	18.625293	11.090434	-1000.000000	-1000.000000	-64.000000	-1000.000000	-64.000000	780.000000	3
2116	4	0	1	4	82.342537	1.032468	82.593742	0.333098	21.346025	10.127224	-1000.000000	-1000.000000	-64.000000	-1000.000000	-64.000000	780.000000	3
2117	5	0	1	4	81.914346	1.022258	81.830797	0.328084	22.592012	11.554717	-1000.000000	-1000.000000	-64.000000	-1000.000000	-64.000000	780.000000	3
2118	6	0	1	4	77.444757	0.838113	77.191843	0.324037	29.542814	16.336731	-1000.000000	-1000.000000	-64.000000	-1000.000000	-64.000000	780.000000	3
2119	7	0	1	4	82.836829	1.359357	83.245702	0.279154	28.815656	14.775487	-1000.000000	-1000.000000	-64.000000	-1000.000000	-64.000000	780.000000	3
2176	0	0	2	4	80.694399	0.675257	80.178959	0.191353	13.443016	8.496551	-1000.000000	-1000.000000	-64.000000	-1000.000000	-64.000000	780.000000	3
2177	1	0	2	4	83.049235	1.058627	83.534706	0.239144	15.777536	9.944115	-1000.000000	-1000.000000	-64.000000	-1000.000000	-64.000000	780.000000	3
2178	2	0	2	4	80.611446	0.786685	80.198856	0.170170	12.914567	8.980013	-1000.000000	-1000.000000	-64.000000	-1000.000000	-64.000000	780.000000	3
2179	3	0	2	4	84.380320	1.246199	83.957080	0.207973	19.089265	11.685985	-1000.000000	-1000.000000	-64.000000	-1000.000000	-64.000000	780.000000	3
2180	4	0	2	4	81.137127	1.031554	80.842996	0.281693	22.806427	14.683940	-1000.000000	-1000.000000	-64.000000	-1000.000000	-64.000000	780.000000	3
2181	5	0	2	4	81.386810	1.078046	81.166533	0.317037	24.991906	12.909461	-1000.000000	-1000.000000	-64.000000	-1000.000000	-64.000000	780.000000	3
2182	6	0	2	4	81.029940	0.823905	80.710844	0.272325	28.074516	16.286366	-1000.000000	-1000.000000	-64.000000	-1000.000000	-64.000000	780.000000	3
2183	7	0	2	4	82.275246	0.817830	82.784258	0.325808	29.758251	20.087324	-1000.000000	-1000.000000	-64.000000	-1000.000000	-64.000000	780.000000	3
2240	0	0	3	4	82.397296	0.941102	82.721593	0.316409	14.027687	9.034597	-1000.000000	-1000.000000	-64.000000	-1000.000000	-64.000000	780.000000	3
2241	1	0	3	4	81.137855	1.036726	80.771717	0.282670	17.716226	12.757048	-1000.000000	-1000.000000	-64.000000	-1000.000000	-64.000000	780.000000	3
2242	2	0	3	4	81.668854	0.991017	81.584295	0.313674	11.812742	8.257086	-1000.000000	-1000.000000	-64.000000	-1000.000000	-64.000000	780.000000	3
2243	3	0	3	4	80.913092	0.537313	80.535620	0.243814	16.600106	9.377837	-1000.000000	-1000.000000	-64.000000	-1000.000000	-64.000000	780.000000	3
2244	4	0	3	4	82.560479	1.047825	82.913551	0.307248	21.456441	9.923691	-1000.000000	-1000.000000	-64.000000	-1000.000000	-64.000000	780.000000	3
2245	5	0	3	4	81.355239	0.931180	81.047265	0.316333	24.151133	13.537891	-1000.000000	-1000.000000	-64.000000	-1000.000000	-64.000000	780.000000	3
2246	6	0	3	4	81.229835	0.897693	81.077416	0.297308	28.319779	17.226418	-1000.000000	-1000.000000	-64.000000	-1000.000000	-64.000000	780.000000	3
2247	7	0	3	4	82.692234	1.088802	83.094111	0.294122	30.437154	16.891508	-1000.000000	-1000.000000	-64.000000	-1000.000000	-64.000000	780.000000	3
2304	0	1	0	4	80.401960	0.786744	80.098914	0.160801	14.046416	11.293749	-1000.000000	-1000.000000	-64.000000	-1000.000000	-64.000000	780.000000	3
2305	1	1	0	4	81.151776	0.977116	80.765390	0.279669	18.490348	14.150417	-1000.000000	-1000.000000	-64.000000	-1000.000000	-64.000000	780.000000	3
2306	2	1	0	4	80.618879	0.874876	80.205717	0.171533	12.395470	8.024796	-1000.000000	-1000.000000	-64.000000	-1000.000000	-64.000000	780.000000	3
2307	3	1	0	4	81.517770	0.968563	81.336192	0.363237	17.193745	9.818754	-1000.000000	-1000.000000	-64.000000	-1000.000000	-64.000000	780.000000	3
2308	4	1	0	4	81.649937	1.092493	81.577739	0.326430	20.604781	12.840194	-1000.000000	-1000.000000	-64.000000	-1000.000000	-64.000000	780.000000	3
2309	5	1	0	4	81.912283	0.986355	81.812082	0.390587	23.793774	11.429567	-1000.000000	-1000.000000	-64.000000	-1000.000000	-64.000000	780.000000	3
2310	6	1	0	4	82.206618	0.957775	82.352235	0.359681	26.317784	13.484873	-1000.000000	-1000.000000	-64.000000	-1000.000000	-64.000000	780.000000	3
2311	7	1	0	4	81.014150	0.782195	80.787459	0.282278	30.514348	19.222792	-1000.000000	-1000.000000	-64.000000	-1000.000000	-64.000000	780.000000	3
2368	0	1	1	4	81.075125	0.847327	80.688508	0.272858	13.868953	8.452848	-1000.000000	-1000.000000	-64.000000	-1000.000000	-64.000000	780.000000	3
2369	1	1	1	4	81.768673	1.039650	81.605908	0.341559	16.636322	10.358843	-1000.000000	-1000.000000	-64.000000	-1000.000000	-64.000000	780.000000	3
2370	2	1	1	4	81.381451	0.961022	81.140842	0.314864	14.674163	9.371403	-1000.000000	-1000.000000	-64.000000	-1000.000000	-64.000000	780.000000	3
2371	3	1	1	4	81.665735	1.002589	81.421421	0.319863	16.210569	9.663039	-1000.000000	-1000.000000	-64.000000	-1000.000000	-64.000000	780.000000	3
2372	4	1	1	4	82.196772	1.108771	82.222219	0.311060	20.247875	9.435404	-1000.000000	-1000.000000	-64.000000	-1000.000000	-64.000000	780.000000	3
2373	5	1	1	4	80.586964	1.159569	80.361726	0.233935	25.497324	12.861976	-1000.000000	-1000.000000	-64.000000	-1000.000000	-64.000000	780.000000	3
2374	6	1	1	4	85.087158	0.897809	84.700858	0.272206	26.756188	12.817953	-1000.000000	-1000.000000	-64.000000	-1000.000000	-64.000000	780.000000	3
2375	7	1	1	4	82.631720	1.110872	83.007166	0.307364	25.093866	18.197537	-1000.000000	-1000.000000	-64.000000	-1000.000000	-64.000000	780.000000	3
2432	0	1	2	4	80.545573	0.757391	80.072422	0.164561	12.384984	8.171504	-1000.000000	-1000.000000	-64.000000	-1000.000000	-64.000000	780.000000	3
2433	1	1	2	4	81.356337	1.056746	81.162264	0.321858	17.343604	10.851982	-1000.000000	-1000.000000	-64.000000	-1000.000000	-64.000000	780.000000	3
2434	2	1	2	4	80.622440	0.815691	80.185744	0.168864	13.189913	8.607905	-1000.000000	-1000.000000	-64.000000	-1000.000000	-64.000000	780.000000	3
2435	3	1	2	4	81.116012	0.929472	80.864570	0.292247	15.350953	8.737348	-1000.000000	-1000.000000	-64.000000	-1000.000000	-64.000000	780.000000	3
2436	4	1	2	4	82.429347	1.087960	82.683850	0.314497	22.304514	10.491536	-1000.000000	-1000.000000	-64.000000	-1000.000000	-64.000000	780.000000	3
2437	5	1	2	4	81.956023	0.926906	82.179262	0.352495	22.767162	11.211731	-1000.000000	-1000.000000	-64.000000	-1000.000000	-64.000000	780.000000	3
2438	6	1	2	4	82.183257	1.009416	82.831751	0.305866	26.659391	16.753553	-1000.000000	-1000.000000	-64.000000	-1000.000000	-64.000000	780.000000	3
2439	7	1	2	4	80.895103	0.531722	80.460797	0.230038	28.265341	17.457287	-1000.000000	-1000.000000	-64.000000	-1000.000000	-64.000000	780.000000	3
2496	0	1	3	4	81.241268	0.955671	80.816619	0.287420	13.624162	7.826393	-1000.000000	-1000.000000	-64.000000	-1000.000000	-64.000000	780.000000	3
2497	1	1	3	4	81.518189	1.066077	81.269945	0.325170	15.887233	9.862655	-1000.000000	-1000.000000	-64.000000	-1000.000000	-64.000000	780.000000	3
2498	2	1	3	4	81.077196	0.961034	80.794054	0.283500	13.341555	10.776037	-1000.000000	-1000.000000	-64.000000	-1000.000000	-64.000000	780.000000	3
2499	3	1	3	4	82.252083	0.866060	82.816962	0.323361	17.061592	9.924544	-1000.000000	-1000.000000	-64.000000	-1000.000000	-64.000000	780.000000	3
2500	4	1	3	4	78.714219	1.072928	78.905470	0.298410	18.540915	9.119624	-1000.000000	-1000.000000	-64.000000	-1000.000000	-64.000000	780.000000	3
2501	5	1	3	4	82.437847	1.083102	82.640778	0.335967	24.759966	12.114721	-1000.000000	-1000.000000	-64.000000	-1000.000000	-64.000000	780.000000	3
2502	6	1	3	4	80.806647	1.049434	80.405413	0.222753	25.232061	14.015357	-1000.000000	-1000.000000	-64.000000	-1000.000000	-64.000000	780.000000	3
2503	7	1	3	4	81.413486	1.039716	81.313627	0.332397	27.590619	14.740578	-1000.000000	-1000.000000	-64.000000	-1000.000000	-64.000000	780.000000	3
2560	0	0	0	5	79.690270	1.120525	79.920259	0.169730	15.945521	8.828465	-1000.000000	-1000.000000	-64.000000	-1000.000000	-64.000000	780.000000	3
2561	1	0	0	5	80.798346	0.670349	80.695674	0.272324	19.610060	12.158598	-1000.000000	-1000.000000	-64.000000	-1000.000000	-64.000000	780.000000	3
2562	2	0	0	5	80.267514	1.138797	80.164779	0.186561	20.318447	12.427485	-1000.000000	-1000.000000	-64.000000	-1000.000000	-64.000000	780.000000	3
2563	3	0	0	5	81.452899	0.867734	81.113055	0.366047	16.058719	9.610517	-1000.000000	-1000.000000	-64.000000	-1000.000000	-64.000000	780.000000	3
2564	4	0	0	5	81.381045	1.162180	81.081113	0.294085	30.818720	14.397736	-1000.000000	-1000.000000	-64.000000	-1000.000000	-64.000000	780.000000	3
2565	5	0	0	5	82.967597	1.294828	83.338060	0.266911	26.939967	13.156496	-1000.000000	-1000.000000	-64.000000	-1000.000000	-64.000000	780.000000	3
2566	6	0	0	5	84.321493	1.153482	83.899409	0.165327	28.325598	14.450290	-1000.000000	-1000.000000	-64.000000	-1000.000000	-64.000000	780.000000	3
2567	7	0	0	5	83.180055	0.882833	83.750486	0.186418	35.959589	19.746032	-1000.000000	-1000.000000	-64.000000	-1000.000000	-64.000000	780.000000	3
2624	0	0	1	5	82.000915	1.013657	82.581278	0.333999	16.268326	10.346425	-1000.000000	-1000.000000	-64.000000	-1000.000000	-64.000000	780.000000	3
2625	1	0	1	5	83.520160	1.318478	83.812274	0.203456	19.678278	11.638018	-1000.000000	-1000.000000	-64.000000	-1000.000000	-64.000000	780.000000	3
2626	2	0	1	5	87.298612	1.214987	87.612349	0.216773	15.379681	9.328957	-1000.000000	-1000.000000	-64.000000	-1000.000000	-64.000000	780.000000	3
2627	3	0	1	5	79.505607	1.089773	79.840100	0.181255	20.922738	12.476834	-1000.000000	-1000.000000	-64.000000	-1000.000000	-64.000000	780.000000	3
2628	4	0	1	5	82.249080	0.976394	82.572207	0.315746	25.959130	12.025030	-1000.000000	-1000.000000	-64.000000	-1000.000000	-64.000000	780.000000	3
2629	5	0	1	5	83.083499	1.409257	83.271508	0.267235	27.942352	14.283592	-1000.000000	-1000.000000	-64.000000	-1000.000000	-64.000000	780.000000	3
2630	6	0	1	5	80.818714	0.501105	80.264073	0.183836	31.900586	16.491895	-1000.000000	-1000.000000	-64.000000	-1000.000000	-64.000000	780.000000	3
2631	7	0	1	5	83.977813	1.359027	83.784410	0.172104	31.922670	16.983113	-1000.000000	-1000.000000	-64.000000	-1000.000000	-64.000000	780.000000	3
2688	0	0	2	5	80.958504	0.904467	80.786850	0.284689	18.972959	10.915704	-1000.000000	-1000.000000	-64.000000	-1000.000000	-64.000000	780.000000	3
2689	1	0	2	5	80.585904	1.212118	80.477835	0.234149	17.429463	10.721839	-1000.000000	-1000.000000	-64.000000	-1000.000000	-64.000000	780.000000	3
2690	2	0	2	5	80.638358	1.008594	80.293460	0.192386	17.584307	10.316624	-1000.000000	-1000.000000	-64.000000	-1000.000000	-64.000000	780.000000	3
2691	3	0	2	5	81.186228	0.917758	81.132952	0.310378	21.268932	12.995650	-1000.000000	-1000.000000	-64.000000	-1000.000000	-64.000000	780.000000	3
2692	4	0	2	5	81.335775	1.130203	81.136726	0.297180	32.522572	15.570644	-1000.000000	-1000.000000	-64.000000	-1000.000000	-64.000000	780.000000	3
2693	5	0	2	5	80.796069	1.295396	80.580103	0.264649	36.266344	18.819833	-1000.000000	-1000.000000	-64.000000	-1000.000000	-64.000000	780.000000	3
2694	6	0	2	5	83.330887	1.348514	83.601105	0.217530	28.387261	14.237387	-1000.000000	-1000.000000	-64.000000	-1000.000000	-64.000000	780.000000	3
2695	7	0	2	5	81.035776	0.841161	80.852144	0.292311	42.991427	29.199869	-1000.000000	-1000.000000	-64.000000	-1000.000000	-64.000000	780.000000	3
2752	0	0	3	5	63.441345	0.580905	63.994168	0.139542	15.973305	10.908883	-1000.000000	-1000.000000	-64.000000	-1000.000000	-64.000000	780.000000	3
2753	1	0	3	5	79.932528	1.053452	79.938212	0.141124	15.281200	9.039607	-1000.000000	-1000.000000	-64.000000	-1000.000000	-64.000000	780.000000	3
2754	2	0	3	5	81.732822	0.944497	81.530588	0.388889	14.388983	8.241053	-1000.000000	-1000.000000	-64.000000	-1000.000000	-64.000000	780.000000	3
2755	3	0	3	5	91.556827	1.196545	91.759329	0.185578	19.319337	11.692004	-1000.000000	-1000.000000	-64.000000	-1000.000000	-64.000000	780.000000	3
2756	4	0	3	5	88.649173	0.802503	88.325213	0.248172	33.625340	16.187894	-1000.000000	-1000.000000	-64.000000	-1000.000000	-64.000000	780.000000	3
2757	5	0	3	5	82.551942	0.810587	83.130398	0.292742	25.753464	12.876766	-1000.000000	-1000.000000	-64.000000	-1000.000000	-64.000000	780.000000	3
2758	6	0	3	5	81.333332	0.960124	80.929788	0.308785	29.793362	15.019093	-1000.000000	-1000.000000	-64.000000	-1000.000000	-64.000000	780.000000	3
2759	7	0	3	5	80.796385	0.490022	80.242995	0.200078	43.483754	29.431135	-1000.000000	-1000.000000	-64.000000	-1000.000000	-64.000000	780.000000	3
2816	0	1	0	5	79.926608	1.129380	80.018525	0.169357	15.793338	9.775744	-1000.000000	-1000.000000	-64.000000	-1000.000000	-64.000000	780.000000	3
2817	1	1	0	5	80.493092	1.101692	80.469068	0.237584	17.687244	11.016688	-1000.000000	-1000.000000	-64.000000	-1000.000000	-64.000000	780.000000	3
2818	2	1	0	5	80.599523	0.750556	80.193367	0.185162	18.517825	11.484558	-1000.000000	-1000.000000	-64.000000	-1000.000000	-64.000000	780.000000	3
2819	3	1	0	5	81.350762	0.878253	81.062207	0.322802	18.396808	11.508779	-1000.000000	-1000.000000	-64.000000	-1000.000000	-64.000000	780.000000	3
2820	4	1	0	5	82.134853	0.900617	82.240249	0.382261	26.425387	11.858027	-1000.000000	-1000.000000	-64.000000	-1000.000000	-64.000000	780.000000	3
2821	5	1	0	5	84.522619	0.814427	84.027444	0.150012	26.124082	12.137460	-1000.000000	-1000.000000	-64.000000	-1000.000000	-64.000000	780.000000	3
2822	6	1	0	5	81.070552	0.834932	81.030227	0.303411	35.799219	19.729530	-1000.000000	-1000.000000	-64.000000	-1000.000000	-64.000000	780.000000	3
2823	7	1	0	5	81.058171	1.070325	80.495140	0.236349	36.477122	20.424839	-1000.000000	-1000.000000	-64.000000	-1000.000000	-64.000000	780.000000	3
2880	0	1	1	5	78.795152	1.455699	79.082180	0.295332	21.792877	0.483205	-1000.000000	-1000.000000	-64.000000	-1000.000000	-64.000000	780.000000	3
2881	1	1	1	5	79.406438	1.062129	79.758797	0.201935	20.282027	12.559672	-1000.000000	-1000.000000	-64.000000	-1000.000000	-64.000000	780.000000	3
2882	2	1	1	5	81.882662	0.981300	81.769162	0.389686	17.244181	10.944921	-1000.000000	-1000.000000	-64.000000	-1000.000000	-64.000000	780.000000	3
2883	3	1	1	5	80.817509	0.500532	80.210557	0.186668	20.113178	11.764783	-1000.000000	-1000.000000	-64.000000	-1000.000000	-64.000000	780.000000	3
2884	4	1	1	5	75.609791	1.210956	75.809567	0.185476	25.692437	13.830274	-1000.000000	-1000.000000	-64.000000	-1000.000000	-64.000000	780.000000	3
2885	5	1	1	5	82.298126	0.889925	82.694523	0.342661	30.964782	15.019789	-1000.000000	-1000.000000	-64.000000	-1000.000000	-64.000000	780.000000	3
2886	6	1	1	5	83.548498	1.238018	83.710882	0.194977	28.532255	14.567835	-1000.000000	-1000.000000	-64.000000	-1000.000000	-64.000000	780.000000	3
2887	7	1	1	5	83.495509	1.327882	83.648828	0.207747	32.610844	18.037714	-1000.000000	-1000.000000	-64.000000	-1000.000000	-64.000000	780.000000	3
2944	0	1	2	5	80.838295	0.510011	80.310879	0.212732	18.933279	11.511002	-1000.000000	-1000.000000	-64.000000	-1000.000000	-64.000000	780.000000	3
2945	1	1	2	5	79.843173	1.098400	79.970345	0.180715	20.492217	13.104341	-1000.000000	-1000.000000	-64.000000	-1000.000000	-64.000000	780.000000	3
2946	2	1	2	5	80.498699	0.589642	80.019135	0.163340	19.054911	12.177535	-1000.000000	-1000.000000	-64.000000	-1000.000000	-64.000000	780.000000	3
2947	3	1	2	5	82.100337	0.915376	82.075470	0.426114	19.365007	12.503403	-1000.000000	-1000.000000	-64.000000	-1000.000000	-64.000000	780.000000	3
2948	4	1	2	5	83.479184	1.265731	83.731275	0.196578	26.452847	12.357604	-1000.000000	-1000.000000	-64.000000	-1000.000000	-64.000000	780.000000	3
2949	5	1	2	5	82.543579	1.204083	82.882180	0.320126	30.363206	17.208183	-1000.000000	-1000.000000	-64.000000	-1000.000000	-64.000000	780.000000	3
2950	6	1	2	5	83.615447	1.510186	83.544197	0.230028	28.042185	16.116350	-1000.000000	-1000.000000	-64.000000	-1000.000000	-64.000000	780.000000	3
2951	7	1	2	5	83.266969	1.503525	83.394282	0.255795	37.134404	20.181282	-1000.000000	-1000.000000	-64.000000	-1000.000000	-64.000000	780.000000	3
3008	0	1	3	5	79.937825	1.126534	79.890833	0.185600	17.978418	10.845849	-1000.000000	-1000.000000	-64.000000	-1000.000000	-64.000000	780.000000	3
3009	1	1	3	5	81.540162	0.839908	81.331389	0.369744	15.695625	10.857156	-1000.000000	-1000.000000	-64.000000	-1000.000000	-64.000000	780.000000	3
3010	2	1	3	5	73.746482	1.012513	73.626186	0.311488	18.922018	12.478494	-1000.000000	-1000.000000	-64.000000	-1000.000000	-64.000000	780.000000	3
3011	3	1	3	5	81.977637	0.902760	82.299977	0.380694	19.543195	12.795421	-1000.000000	-1000.000000	-64.000000	-1000.000000	-64.000000	780.000000	3
3012	4	1	3	5	75.948686	1.495197	75.848332	0.235845	30.620743	14.786790	-1000.000000	-1000.000000	-64.000000	-1000.000000	-64.000000	780.000000	3
3013	5	1	3	5	80.100546	1.215313	80.214788	0.215826	35.771141	18.220665	-1000.000000	-1000.000000	-64.000000	-1000.000000	-64.000000	780.000000	3
3014	6	1	3	5	82.377429	0.767552	82.847379	0.325844	27.651700	16.589574	-1000.000000	-1000.000000	-64.000000	-1000.000000	-64.000000	780.000000	3
3015	7	1	3	5	80.021968	1.140771	80.132113	0.185056	41.219428	24.039092	-1000.000000	-1000.000000	-64.000000	-1000.000000	-64.000000	780.000000	3
