#****************************************************************************************************************************************************************************************************************
#Calib info:
 	 RunNr: 195	 start time:0x7ffcac0392d0	 RunNrPed: 188	 start time:0x7ffcac0392e0	 RunNrMip: 195	 start time:0x7ffcac0392f0	 Vop: 43	 Vov: 4.7	 BC calib set: 1
#****************************************************************************************************************************************************************************************************************
#cellID	layer	row	column	module	ped mean H	ped sig H	ped mean L	ped sig L	mip Scale H	mip Width H	mip Scale L	mip Width L	LG-HG	HG-LG	BC
#****************************************************************************************************************************************************************************************************************
0	0	0	0	0	81.243559	1.538027	81.583304	0.222565	-1000.000000	-1000.000000	-1000.000000	-1000.000000	-64.000000	-1000.000000	-64.000000	270.000000	1
1	1	0	0	0	95.364788	0.640756	95.985859	0.155761	-1000.000000	-1000.000000	-1000.000000	-1000.000000	-64.000000	-1000.000000	-64.000000	270.000000	1
2	2	0	0	0	80.807303	0.495568	80.338856	0.202478	-1000.000000	-1000.000000	-1000.000000	-1000.000000	-64.000000	-1000.000000	-64.000000	270.000000	1
3	3	0	0	0	81.597844	1.196295	81.833351	0.207115	-1000.000000	-1000.000000	-1000.000000	-1000.000000	-64.000000	-1000.000000	-64.000000	270.000000	1
4	4	0	0	0	80.793030	1.998835	81.220278	0.236280	-1000.000000	-1000.000000	-1000.000000	-1000.000000	-64.000000	-1000.000000	-64.000000	270.000000	1
5	5	0	0	0	80.059226	1.619310	80.500248	0.191111	-1000.000000	-1000.000000	-1000.000000	-1000.000000	-64.000000	-1000.000000	-64.000000	270.000000	1
6	6	0	0	0	83.084035	1.629249	83.677225	0.182021	-1000.000000	-1000.000000	-1000.000000	-1000.000000	-64.000000	-1000.000000	-64.000000	270.000000	1
7	7	0	0	0	81.445792	1.652714	81.591957	0.204178	-1000.000000	-1000.000000	-1000.000000	-1000.000000	-64.000000	-1000.000000	-64.000000	270.000000	1
64	0	0	1	0	81.256886	1.135890	81.394587	0.208586	-1000.000000	-1000.000000	-1000.000000	-1000.000000	-64.000000	-1000.000000	-64.000000	270.000000	1
65	1	0	1	0	80.498539	1.620671	80.857290	0.198463	-1000.000000	-1000.000000	-1000.000000	-1000.000000	-64.000000	-1000.000000	-64.000000	270.000000	1
66	2	0	1	0	81.023736	1.053018	81.060187	0.189790	-1000.000000	-1000.000000	-1000.000000	-1000.000000	-64.000000	-1000.000000	-64.000000	270.000000	1
67	3	0	1	0	80.748447	1.117215	80.542672	0.241525	-1000.000000	-1000.000000	-1000.000000	-1000.000000	-64.000000	-1000.000000	-64.000000	270.000000	1
68	4	0	1	0	81.950142	1.325511	82.426525	0.203120	-1000.000000	-1000.000000	-1000.000000	-1000.000000	-64.000000	-1000.000000	-64.000000	270.000000	1
69	5	0	1	0	80.715423	0.702590	80.615819	0.190292	-1000.000000	-1000.000000	-1000.000000	-1000.000000	-64.000000	-1000.000000	-64.000000	270.000000	1
70	6	0	1	0	80.802034	0.492923	80.450238	0.237794	-1000.000000	-1000.000000	-1000.000000	-1000.000000	-64.000000	-1000.000000	-64.000000	270.000000	1
71	7	0	1	0	63.889089	1.397173	63.679169	0.203668	-1000.000000	-1000.000000	-1000.000000	-1000.000000	-64.000000	-1000.000000	-64.000000	270.000000	1
128	0	0	2	0	79.700563	1.771865	79.544654	0.189314	-1000.000000	-1000.000000	-1000.000000	-1000.000000	-64.000000	-1000.000000	-64.000000	270.000000	1
129	1	0	2	0	78.658395	1.515967	79.038879	0.193755	-1000.000000	-1000.000000	-1000.000000	-1000.000000	-64.000000	-1000.000000	-64.000000	270.000000	1
130	2	0	2	0	80.854440	1.317637	80.818715	0.173787	-1000.000000	-1000.000000	-1000.000000	-1000.000000	-64.000000	-1000.000000	-64.000000	270.000000	1
131	3	0	2	0	80.749704	0.463174	79.892929	0.200508	-1000.000000	-1000.000000	-1000.000000	-1000.000000	-64.000000	-1000.000000	-64.000000	270.000000	1
132	4	0	2	0	80.410960	1.518390	80.619554	0.244004	-1000.000000	-1000.000000	-1000.000000	-1000.000000	-64.000000	-1000.000000	-64.000000	270.000000	1
133	5	0	2	0	82.239049	1.403392	82.957271	0.266314	-1000.000000	-1000.000000	-1000.000000	-1000.000000	-64.000000	-1000.000000	-64.000000	270.000000	1
134	6	0	2	0	81.711024	1.205281	82.278899	0.349494	-1000.000000	-1000.000000	-1000.000000	-1000.000000	-64.000000	-1000.000000	-64.000000	270.000000	1
135	7	0	2	0	80.769068	0.601309	80.638269	0.226557	-1000.000000	-1000.000000	-1000.000000	-1000.000000	-64.000000	-1000.000000	-64.000000	270.000000	1
192	0	0	3	0	80.996057	1.576311	81.432132	0.214165	-1000.000000	-1000.000000	-1000.000000	-1000.000000	-64.000000	-1000.000000	-64.000000	270.000000	1
193	1	0	3	0	80.210498	1.567637	80.565771	0.190504	-1000.000000	-1000.000000	-1000.000000	-1000.000000	-64.000000	-1000.000000	-64.000000	270.000000	1
194	2	0	3	0	80.621479	0.723196	80.063465	0.194510	-1000.000000	-1000.000000	-1000.000000	-1000.000000	-64.000000	-1000.000000	-64.000000	270.000000	1
195	3	0	3	0	81.112104	0.906608	81.229617	0.247025	-1000.000000	-1000.000000	-1000.000000	-1000.000000	-64.000000	-1000.000000	-64.000000	270.000000	1
196	4	0	3	0	81.992577	1.506015	82.523341	0.278452	-1000.000000	-1000.000000	-1000.000000	-1000.000000	-64.000000	-1000.000000	-64.000000	270.000000	1
197	5	0	3	0	80.793665	0.604015	80.722089	0.237615	-1000.000000	-1000.000000	-1000.000000	-1000.000000	-64.000000	-1000.000000	-64.000000	270.000000	1
198	6	0	3	0	80.862376	0.762371	81.201868	0.284119	-1000.000000	-1000.000000	-1000.000000	-1000.000000	-64.000000	-1000.000000	-64.000000	270.000000	1
199	7	0	3	0	79.707034	1.461728	80.091062	0.252283	-1000.000000	-1000.000000	-1000.000000	-1000.000000	-64.000000	-1000.000000	-64.000000	270.000000	1
256	0	1	0	0	80.698088	1.308413	80.693082	0.192105	-1000.000000	-1000.000000	-1000.000000	-1000.000000	-64.000000	-1000.000000	-64.000000	270.000000	1
257	1	1	0	0	90.673033	1.426498	91.294263	0.183845	-1000.000000	-1000.000000	-1000.000000	-1000.000000	-64.000000	-1000.000000	-64.000000	270.000000	1
258	2	1	0	0	78.976300	1.356162	79.243530	0.179565	-1000.000000	-1000.000000	-1000.000000	-1000.000000	-64.000000	-1000.000000	-64.000000	270.000000	1
259	3	1	0	0	80.663385	0.833730	80.459196	0.180981	-1000.000000	-1000.000000	-1000.000000	-1000.000000	-64.000000	-1000.000000	-64.000000	270.000000	1
260	4	1	0	0	80.785166	1.314765	80.753459	0.203598	-1000.000000	-1000.000000	-1000.000000	-1000.000000	-64.000000	-1000.000000	-64.000000	270.000000	1
261	5	1	0	0	86.678781	1.434889	87.100438	0.269109	-1000.000000	-1000.000000	-1000.000000	-1000.000000	-64.000000	-1000.000000	-64.000000	270.000000	1
262	6	1	0	0	81.965449	1.324227	82.367635	0.278975	-1000.000000	-1000.000000	-1000.000000	-1000.000000	-64.000000	-1000.000000	-64.000000	270.000000	1
263	7	1	0	0	80.771248	0.476256	80.059196	0.200545	-1000.000000	-1000.000000	-1000.000000	-1000.000000	-64.000000	-1000.000000	-64.000000	270.000000	1
320	0	1	1	0	80.719934	0.666240	80.597789	0.189976	20.743371	14.652067	-1000.000000	-1000.000000	-64.000000	-1000.000000	-64.000000	270.000000	3
321	1	1	1	0	80.366655	1.636510	80.812845	0.186913	21.958357	14.992872	-1000.000000	-1000.000000	-64.000000	-1000.000000	-64.000000	270.000000	3
322	2	1	1	0	82.089500	1.211991	82.439675	0.193792	27.231529	19.719252	-1000.000000	-1000.000000	-64.000000	-1000.000000	-64.000000	270.000000	3
323	3	1	1	0	80.702934	0.618093	80.456451	0.257398	25.944523	15.202580	-1000.000000	-1000.000000	-64.000000	-1000.000000	-64.000000	270.000000	3
324	4	1	1	0	81.708805	1.949891	82.137295	0.240619	37.552972	29.452620	-1000.000000	-1000.000000	-64.000000	-1000.000000	-64.000000	270.000000	3
325	5	1	1	0	80.002360	1.790902	80.540042	0.276669	40.830085	26.578850	-1000.000000	-1000.000000	-64.000000	-1000.000000	-64.000000	270.000000	3
326	6	1	1	0	80.768691	0.647329	80.755556	0.236761	45.267715	30.377257	-1000.000000	-1000.000000	-64.000000	-1000.000000	-64.000000	270.000000	3
327	7	1	1	0	81.184275	1.108656	81.599313	0.220327	51.013533	38.077101	-1000.000000	-1000.000000	-64.000000	-1000.000000	-64.000000	270.000000	3
384	0	1	2	0	91.944559	1.978559	92.146788	0.301199	15.126217	0.970420	-1000.000000	-1000.000000	-64.000000	-1000.000000	-64.000000	270.000000	3
385	1	1	2	0	80.678545	1.600279	81.011702	0.436013	20.592466	13.744691	-1000.000000	-1000.000000	-64.000000	-1000.000000	-64.000000	270.000000	3
386	2	1	2	0	81.348195	1.310055	81.544044	0.263961	25.839806	16.080147	-1000.000000	-1000.000000	-64.000000	-1000.000000	-64.000000	270.000000	3
387	3	1	2	0	64.127882	1.807427	65.144849	0.333381	25.181701	16.524583	-1000.000000	-1000.000000	-64.000000	-1000.000000	-64.000000	270.000000	3
388	4	1	2	0	81.403823	1.353197	81.809604	0.349488	34.707538	17.679420	-1000.000000	-1000.000000	-64.000000	-1000.000000	-64.000000	270.000000	3
389	5	1	2	0	78.020830	1.335643	78.745569	0.399030	38.658803	25.060348	-1000.000000	-1000.000000	-64.000000	-1000.000000	-64.000000	270.000000	3
390	6	1	2	0	80.807877	0.693061	81.241052	0.524650	49.041238	27.838427	-1000.000000	-1000.000000	-64.000000	-1000.000000	-64.000000	270.000000	3
391	7	1	2	0	80.622572	0.598589	80.237049	0.312202	50.638835	29.774286	-1000.000000	-1000.000000	-64.000000	-1000.000000	-64.000000	270.000000	3
448	0	1	3	0	100.828153	1.665912	100.986278	0.204278	21.677134	14.032741	-1000.000000	-1000.000000	-64.000000	-1000.000000	-64.000000	270.000000	3
449	1	1	3	0	81.305433	1.089960	81.632475	0.379773	20.786851	14.725353	-1000.000000	-1000.000000	-64.000000	-1000.000000	-64.000000	270.000000	3
450	2	1	3	0	80.249847	1.531107	80.771717	0.528700	26.030721	16.819327	-1000.000000	-1000.000000	-64.000000	-1000.000000	-64.000000	270.000000	3
451	3	1	3	0	81.346981	1.005170	81.890430	0.528340	24.725794	13.982312	-1000.000000	-1000.000000	-64.000000	-1000.000000	-64.000000	270.000000	3
452	4	1	3	0	81.767406	1.758732	82.912899	0.617522	34.595278	17.626294	-1000.000000	-1000.000000	-64.000000	-1000.000000	-64.000000	270.000000	3
453	5	1	3	0	73.186434	1.151166	73.787104	0.652502	41.294810	25.006037	-1000.000000	-1000.000000	-64.000000	-1000.000000	-64.000000	270.000000	3
454	6	1	3	0	81.461398	1.295568	82.255222	0.622439	42.762720	25.928494	-1000.000000	-1000.000000	-64.000000	-1000.000000	-64.000000	270.000000	3
455	7	1	3	0	83.277227	1.284023	84.481212	0.563681	49.849154	29.392485	-1000.000000	-1000.000000	-64.000000	-1000.000000	-64.000000	270.000000	3
512	0	0	0	1	81.738191	1.328033	81.897159	0.225925	-1000.000000	-1000.000000	-1000.000000	-1000.000000	-64.000000	-1000.000000	-64.000000	270.000000	1
513	1	0	0	1	90.905791	1.436468	91.352354	0.236005	-1000.000000	-1000.000000	-1000.000000	-1000.000000	-64.000000	-1000.000000	-64.000000	270.000000	1
514	2	0	0	1	80.341627	1.288556	80.382041	0.182716	-1000.000000	-1000.000000	-1000.000000	-1000.000000	-64.000000	-1000.000000	-64.000000	270.000000	1
515	3	0	0	1	80.863848	0.520535	80.533567	0.319298	-1000.000000	-1000.000000	-1000.000000	-1000.000000	-64.000000	-1000.000000	-64.000000	780.000000	1
516	4	0	0	1	72.000079	1.769950	72.147361	0.223036	-1000.000000	-1000.000000	-1000.000000	-1000.000000	-64.000000	-1000.000000	-64.000000	270.000000	1
517	5	0	0	1	81.426801	1.323410	81.862968	0.443641	-1000.000000	-1000.000000	-1000.000000	-1000.000000	-64.000000	-1000.000000	-64.000000	780.000000	1
518	6	0	0	1	80.812551	1.314908	80.871393	0.218729	-1000.000000	-1000.000000	-1000.000000	-1000.000000	-64.000000	-1000.000000	-64.000000	780.000000	1
519	7	0	0	1	81.561799	1.234565	81.817952	0.267136	-1000.000000	-1000.000000	-1000.000000	-1000.000000	-64.000000	-1000.000000	-64.000000	780.000000	1
576	0	0	1	1	82.944456	1.448760	83.487783	0.208732	-1000.000000	-1000.000000	-1000.000000	-1000.000000	-64.000000	-1000.000000	-64.000000	270.000000	1
577	1	0	1	1	79.397660	1.480797	79.710694	0.267758	-1000.000000	-1000.000000	-1000.000000	-1000.000000	-64.000000	-1000.000000	-64.000000	270.000000	1
578	2	0	1	1	81.219289	1.184884	81.357194	0.234235	-1000.000000	-1000.000000	-1000.000000	-1000.000000	-64.000000	-1000.000000	-64.000000	780.000000	1
579	3	0	1	1	83.059176	1.302469	83.490261	0.191752	-1000.000000	-1000.000000	-1000.000000	-1000.000000	-64.000000	-1000.000000	-64.000000	270.000000	1
580	4	0	1	1	81.034577	1.304083	81.043796	0.201285	-1000.000000	-1000.000000	-1000.000000	-1000.000000	-64.000000	-1000.000000	-64.000000	780.000000	1
581	5	0	1	1	81.350856	1.051774	81.600038	0.258110	-1000.000000	-1000.000000	-1000.000000	-1000.000000	-64.000000	-1000.000000	-64.000000	780.000000	1
582	6	0	1	1	80.783610	0.483208	80.361040	0.212609	-1000.000000	-1000.000000	-1000.000000	-1000.000000	-64.000000	-1000.000000	-64.000000	270.000000	1
583	7	0	1	1	80.746361	0.620595	80.438727	0.266495	-1000.000000	-1000.000000	-1000.000000	-1000.000000	-64.000000	-1000.000000	-64.000000	780.000000	1
640	0	0	2	1	82.670544	1.540201	83.195655	0.205366	-1000.000000	-1000.000000	-1000.000000	-1000.000000	-64.000000	-1000.000000	-64.000000	270.000000	1
641	1	0	2	1	80.897407	1.339739	80.980522	0.197016	-1000.000000	-1000.000000	-1000.000000	-1000.000000	-64.000000	-1000.000000	-64.000000	270.000000	1
642	2	0	2	1	80.854231	1.229647	80.759520	0.172408	-1000.000000	-1000.000000	-1000.000000	-1000.000000	-64.000000	-1000.000000	-64.000000	780.000000	1
643	3	0	2	1	80.679438	0.683092	80.230264	0.218244	-1000.000000	-1000.000000	-1000.000000	-1000.000000	-64.000000	-1000.000000	-64.000000	270.000000	1
644	4	0	2	1	81.381213	1.322575	81.682904	0.239036	-1000.000000	-1000.000000	-1000.000000	-1000.000000	-64.000000	-1000.000000	-64.000000	270.000000	1
645	5	0	2	1	79.399139	1.436758	79.640066	0.181369	-1000.000000	-1000.000000	-1000.000000	-1000.000000	-64.000000	-1000.000000	-64.000000	270.000000	1
646	6	0	2	1	80.742218	0.600056	80.331081	0.310053	-1000.000000	-1000.000000	-1000.000000	-1000.000000	-64.000000	-1000.000000	-64.000000	780.000000	1
647	7	0	2	1	80.933071	0.875652	80.970726	0.210041	-1000.000000	-1000.000000	-1000.000000	-1000.000000	-64.000000	-1000.000000	-64.000000	270.000000	1
704	0	0	3	1	79.697295	1.328481	79.890376	0.150164	-1000.000000	-1000.000000	-1000.000000	-1000.000000	-64.000000	-1000.000000	-64.000000	780.000000	1
705	1	0	3	1	97.385637	1.983406	97.861140	0.222796	-1000.000000	-1000.000000	-1000.000000	-1000.000000	-64.000000	-1000.000000	-64.000000	780.000000	1
706	2	0	3	1	81.015453	1.110264	80.723995	0.180362	-1000.000000	-1000.000000	-1000.000000	-1000.000000	-64.000000	-1000.000000	-64.000000	780.000000	1
707	3	0	3	1	81.575977	1.076645	81.487021	0.195691	-1000.000000	-1000.000000	-1000.000000	-1000.000000	-64.000000	-1000.000000	-64.000000	780.000000	1
708	4	0	3	1	81.583867	1.267498	81.864226	0.215711	-1000.000000	-1000.000000	-1000.000000	-1000.000000	-64.000000	-1000.000000	-64.000000	270.000000	1
709	5	0	3	1	81.075752	1.289993	81.077111	0.263839	-1000.000000	-1000.000000	-1000.000000	-1000.000000	-64.000000	-1000.000000	-64.000000	780.000000	1
710	6	0	3	1	80.706341	0.734178	80.548428	0.184974	-1000.000000	-1000.000000	-1000.000000	-1000.000000	-64.000000	-1000.000000	-64.000000	780.000000	1
711	7	0	3	1	81.038726	0.826784	80.958414	0.181958	-1000.000000	-1000.000000	-1000.000000	-1000.000000	-64.000000	-1000.000000	-64.000000	270.000000	1
768	0	1	0	1	81.329875	1.307038	81.446045	0.203289	21.000132	12.595608	-1000.000000	-1000.000000	-64.000000	-1000.000000	-64.000000	270.000000	3
769	1	1	0	1	81.124296	1.327909	81.239298	0.312238	21.743627	13.098782	-1000.000000	-1000.000000	-64.000000	-1000.000000	-64.000000	270.000000	3
770	2	1	0	1	86.077885	1.340307	86.532238	0.383280	25.177418	16.031400	-1000.000000	-1000.000000	-64.000000	-1000.000000	-64.000000	270.000000	3
771	3	1	0	1	80.752544	0.464979	80.324412	0.454947	27.906600	17.245939	-1000.000000	-1000.000000	-64.000000	-1000.000000	-64.000000	780.000000	3
772	4	1	0	1	79.290045	1.500067	80.076047	0.541104	31.846420	18.786752	-1000.000000	-1000.000000	-64.000000	-1000.000000	-64.000000	780.000000	3
773	5	1	0	1	80.599902	0.642152	80.795068	0.669664	35.413083	21.362375	-1000.000000	-1000.000000	-64.000000	-1000.000000	-64.000000	780.000000	3
774	6	1	0	1	77.462038	0.963964	78.123787	0.564977	37.613788	22.720957	-1000.000000	-1000.000000	-64.000000	-1000.000000	-64.000000	270.000000	3
775	7	1	0	1	79.722428	1.395337	80.277037	0.527770	49.155014	30.639432	-1000.000000	-1000.000000	-64.000000	-1000.000000	-64.000000	780.000000	3
832	0	1	1	1	81.061633	1.020821	81.154831	0.215981	22.660586	14.086314	-1000.000000	-1000.000000	-64.000000	-1000.000000	-64.000000	270.000000	3
833	1	1	1	1	80.572563	1.394655	80.570154	0.226075	23.901155	16.081773	-1000.000000	-1000.000000	-64.000000	-1000.000000	-64.000000	270.000000	3
834	2	1	1	1	81.196684	1.149505	81.118849	0.337708	22.770705	13.950479	-1000.000000	-1000.000000	-64.000000	-1000.000000	-64.000000	780.000000	3
835	3	1	1	1	81.223800	0.926534	81.412731	0.299654	23.849649	13.708785	-1000.000000	-1000.000000	-64.000000	-1000.000000	-64.000000	270.000000	3
836	4	1	1	1	-1000.000000	-1000.000000	64.290040	0.280636	-1000.000000	-1000.000000	-1000.000000	-1000.000000	-64.000000	-1000.000000	-64.000000	780.000000	3
837	5	1	1	1	85.116098	1.077766	85.284010	0.366722	35.194205	21.696144	-1000.000000	-1000.000000	-64.000000	-1000.000000	-64.000000	780.000000	3
838	6	1	1	1	80.771262	0.834691	80.718849	0.382750	39.194039	20.377447	-1000.000000	-1000.000000	-64.000000	-1000.000000	-64.000000	780.000000	3
839	7	1	1	1	80.589597	0.689431	80.341907	0.363693	45.954840	24.523574	-1000.000000	-1000.000000	-64.000000	-1000.000000	-64.000000	780.000000	3
896	0	1	2	1	81.151366	0.921192	81.209072	0.207972	21.642208	17.543160	-1000.000000	-1000.000000	-64.000000	-1000.000000	-64.000000	270.000000	3
897	1	1	2	1	81.739143	1.215629	82.121553	0.234183	23.682994	16.903256	-1000.000000	-1000.000000	-64.000000	-1000.000000	-64.000000	270.000000	3
898	2	1	2	1	81.770394	1.111188	81.958298	0.206469	24.923568	31.284210	-1000.000000	-1000.000000	-64.000000	-1000.000000	-64.000000	270.000000	3
899	3	1	2	1	80.604600	1.063922	80.469111	0.367038	27.060024	16.712026	-1000.000000	-1000.000000	-64.000000	-1000.000000	-64.000000	780.000000	3
900	4	1	2	1	81.074067	1.168012	80.987193	0.234269	31.643850	17.333885	-1000.000000	-1000.000000	-64.000000	-1000.000000	-64.000000	780.000000	3
901	5	1	2	1	81.490923	1.115532	81.670744	0.220003	37.032156	19.404569	-1000.000000	-1000.000000	-64.000000	-1000.000000	-64.000000	270.000000	3
902	6	1	2	1	80.519384	0.521219	79.790624	0.246995	41.689551	30.509765	-1000.000000	-1000.000000	-64.000000	-1000.000000	-64.000000	780.000000	3
903	7	1	2	1	80.612266	0.581290	80.212120	0.277337	46.171309	39.982427	-1000.000000	-1000.000000	-64.000000	-1000.000000	-64.000000	780.000000	3
960	0	1	3	1	80.902293	1.129996	80.641662	0.183996	-1000.000000	-1000.000000	-1000.000000	-1000.000000	-64.000000	-1000.000000	-64.000000	270.000000	1
961	1	1	3	1	80.659250	0.694183	80.404422	0.158899	-1000.000000	-1000.000000	-1000.000000	-1000.000000	-64.000000	-1000.000000	-64.000000	780.000000	1
962	2	1	3	1	80.835808	0.508921	80.401982	0.169899	-1000.000000	-1000.000000	-1000.000000	-1000.000000	-64.000000	-1000.000000	-64.000000	270.000000	1
963	3	1	3	1	79.880961	1.301535	79.974652	0.141205	-1000.000000	-1000.000000	-1000.000000	-1000.000000	-64.000000	-1000.000000	-64.000000	780.000000	1
964	4	1	3	1	80.915846	1.434468	80.980141	0.267650	-1000.000000	-1000.000000	-1000.000000	-1000.000000	-64.000000	-1000.000000	-64.000000	270.000000	1
965	5	1	3	1	80.478295	1.318975	80.555022	0.188541	-1000.000000	-1000.000000	-1000.000000	-1000.000000	-64.000000	-1000.000000	-64.000000	270.000000	1
966	6	1	3	1	81.288330	1.120139	81.451534	0.203487	-1000.000000	-1000.000000	-1000.000000	-1000.000000	-64.000000	-1000.000000	-64.000000	780.000000	1
967	7	1	3	1	-1000.000000	-1000.000000	-1000.000000	-1000.000000	-1000.000000	-1000.000000	-1000.000000	-1000.000000	-64.000000	-1000.000000	-64.000000	270.000000	1
1024	0	0	0	2	78.635072	1.297601	79.020812	0.208458	-1000.000000	-1000.000000	-1000.000000	-1000.000000	-64.000000	-1000.000000	-64.000000	780.000000	1
1025	1	0	0	2	84.069871	1.519789	84.091748	0.181114	-1000.000000	-1000.000000	-1000.000000	-1000.000000	-64.000000	-1000.000000	-64.000000	10.000000	1
1026	2	0	0	2	72.774564	0.478157	71.984106	0.225068	-1000.000000	-1000.000000	-1000.000000	-1000.000000	-64.000000	-1000.000000	-64.000000	780.000000	1
1027	3	0	0	2	80.320148	1.504221	80.490604	0.242671	-1000.000000	-1000.000000	-1000.000000	-1000.000000	-64.000000	-1000.000000	-64.000000	10.000000	1
1028	4	0	0	2	81.080361	1.859089	81.239603	0.257267	-1000.000000	-1000.000000	-1000.000000	-1000.000000	-64.000000	-1000.000000	-64.000000	780.000000	1
1029	5	0	0	2	79.540109	1.391457	80.083629	0.250238	-1000.000000	-1000.000000	-1000.000000	-1000.000000	-64.000000	-1000.000000	-64.000000	780.000000	1
1030	6	0	0	2	81.000445	1.180106	81.015056	0.216206	-1000.000000	-1000.000000	-1000.000000	-1000.000000	-64.000000	-1000.000000	-64.000000	10.000000	1
1031	7	0	0	2	80.297611	1.116653	80.031065	0.100044	-1000.000000	-1000.000000	-1000.000000	-1000.000000	-64.000000	-1000.000000	-64.000000	780.000000	1
1088	0	0	1	2	80.590489	0.597970	80.089499	0.210837	17.233463	11.174973	-1000.000000	-1000.000000	-64.000000	-1000.000000	-64.000000	780.000000	3
1089	1	0	1	2	78.165409	1.390051	78.297657	0.232504	25.027298	16.155254	-1000.000000	-1000.000000	-64.000000	-1000.000000	-64.000000	780.000000	3
1090	2	0	1	2	81.501464	1.194981	81.892013	0.270162	27.489525	19.887144	-1000.000000	-1000.000000	-64.000000	-1000.000000	-64.000000	780.000000	3
1091	3	0	1	2	79.780338	1.443027	80.015819	0.232933	27.888968	16.592905	-1000.000000	-1000.000000	-64.000000	-1000.000000	-64.000000	10.000000	3
1092	4	0	1	2	80.663415	1.463210	80.988946	0.269415	35.898737	17.207201	-1000.000000	-1000.000000	-64.000000	-1000.000000	-64.000000	10.000000	3
1093	5	0	1	2	80.459266	1.223634	80.518087	0.341554	34.702703	16.924438	-1000.000000	-1000.000000	-64.000000	-1000.000000	-64.000000	780.000000	3
1094	6	0	1	2	-1000.000000	-1000.000000	80.067508	0.337931	-1000.000000	-1000.000000	-1000.000000	-1000.000000	-64.000000	-1000.000000	-64.000000	10.000000	3
1095	7	0	1	2	79.721063	1.777102	79.612278	0.362009	55.431455	28.986334	-1000.000000	-1000.000000	-64.000000	-1000.000000	-64.000000	10.000000	3
1152	0	0	2	2	78.219226	1.470435	78.594435	0.244271	18.142813	11.790343	-1000.000000	-1000.000000	-64.000000	-1000.000000	-64.000000	780.000000	3
1153	1	0	2	2	78.016451	1.306813	78.134097	0.354026	26.361353	16.236095	-1000.000000	-1000.000000	-64.000000	-1000.000000	-64.000000	780.000000	3
1154	2	0	2	2	80.764644	1.337948	80.915999	0.390488	24.098072	14.488224	-1000.000000	-1000.000000	-64.000000	-1000.000000	-64.000000	10.000000	3
1155	3	0	2	2	80.841731	0.511498	81.452792	0.477495	28.420881	17.191846	-1000.000000	-1000.000000	-64.000000	-1000.000000	-64.000000	780.000000	3
1156	4	0	2	2	80.744113	1.544749	81.734667	0.681005	34.003624	16.705624	-1000.000000	-1000.000000	-64.000000	-1000.000000	-64.000000	10.000000	3
1157	5	0	2	2	81.218731	1.109498	82.044366	0.606290	38.111614	18.798684	-1000.000000	-1000.000000	-64.000000	-1000.000000	-64.000000	10.000000	3
1158	6	0	2	2	81.366204	1.146853	81.956068	0.604449	44.579759	22.155433	-1000.000000	-1000.000000	-64.000000	-1000.000000	-64.000000	10.000000	3
1159	7	0	2	2	80.704001	0.638408	80.808805	0.482034	54.252740	36.604515	-1000.000000	-1000.000000	-64.000000	-1000.000000	-64.000000	10.000000	3
1216	0	0	3	2	80.509854	1.348548	80.771705	0.556257	22.362279	13.866768	-1000.000000	-1000.000000	-64.000000	-1000.000000	-64.000000	780.000000	3
1217	1	0	3	2	80.493599	1.277652	80.988506	0.604857	25.170744	15.446511	-1000.000000	-1000.000000	-64.000000	-1000.000000	-64.000000	780.000000	3
1218	2	0	3	2	81.026446	1.132459	81.850266	0.578423	25.626366	15.821048	-1000.000000	-1000.000000	-64.000000	-1000.000000	-64.000000	780.000000	3
1219	3	0	3	2	81.321233	0.967611	82.546448	0.675716	27.336804	16.903239	-1000.000000	-1000.000000	-64.000000	-1000.000000	-64.000000	10.000000	3
1220	4	0	3	2	78.627386	1.623422	80.854189	0.942008	32.337150	16.252734	-1000.000000	-1000.000000	-64.000000	-1000.000000	-64.000000	10.000000	3
1221	5	0	3	2	80.972213	0.837005	82.855877	0.902004	37.803627	18.535682	-1000.000000	-1000.000000	-64.000000	-1000.000000	-64.000000	10.000000	3
1222	6	0	3	2	80.838386	0.510051	81.986028	0.837156	39.916417	20.462100	-1000.000000	-1000.000000	-64.000000	-1000.000000	-64.000000	780.000000	3
1223	7	0	3	2	80.632149	1.483050	81.800659	0.789997	50.399246	29.352466	-1000.000000	-1000.000000	-64.000000	-1000.000000	-64.000000	10.000000	3
1280	0	1	0	2	79.495063	1.394660	79.917858	0.189065	-1000.000000	-1000.000000	-1000.000000	-1000.000000	-64.000000	-1000.000000	-64.000000	10.000000	1
1281	1	1	0	2	79.331809	1.497592	79.565847	0.270890	-1000.000000	-1000.000000	-1000.000000	-1000.000000	-64.000000	-1000.000000	-64.000000	10.000000	1
1282	2	1	0	2	80.677029	1.444075	80.643911	0.201562	-1000.000000	-1000.000000	-1000.000000	-1000.000000	-64.000000	-1000.000000	-64.000000	10.000000	1
1283	3	1	0	2	81.683063	1.137017	81.955249	0.208803	-1000.000000	-1000.000000	-1000.000000	-1000.000000	-64.000000	-1000.000000	-64.000000	10.000000	1
1284	4	1	0	2	80.022592	1.689517	79.929750	0.252206	-1000.000000	-1000.000000	-1000.000000	-1000.000000	-64.000000	-1000.000000	-64.000000	780.000000	1
1285	5	1	0	2	75.612878	1.658101	76.163674	0.220022	-1000.000000	-1000.000000	-1000.000000	-1000.000000	-64.000000	-1000.000000	-64.000000	10.000000	1
1286	6	1	0	2	79.954305	1.440962	79.955822	0.236523	-1000.000000	-1000.000000	-1000.000000	-1000.000000	-64.000000	-1000.000000	-64.000000	10.000000	1
1287	7	1	0	2	78.195899	1.883368	78.396913	0.245505	-1000.000000	-1000.000000	-1000.000000	-1000.000000	-64.000000	-1000.000000	-64.000000	780.000000	1
1344	0	1	1	2	79.349756	1.771706	79.487936	0.218713	15.593304	10.302718	-1000.000000	-1000.000000	-64.000000	-1000.000000	-64.000000	780.000000	3
1345	1	1	1	2	81.052840	1.056292	80.784715	0.220903	25.617175	15.655306	-1000.000000	-1000.000000	-64.000000	-1000.000000	-64.000000	780.000000	3
1346	2	1	1	2	77.648225	1.314235	77.757350	0.230365	26.494596	16.399824	-1000.000000	-1000.000000	-64.000000	-1000.000000	-64.000000	10.000000	3
1347	3	1	1	2	80.664447	0.715095	80.284885	0.307598	27.564211	17.088730	-1000.000000	-1000.000000	-64.000000	-1000.000000	-64.000000	780.000000	3
1348	4	1	1	2	79.297003	1.397430	79.825234	0.283786	34.407841	15.892733	-1000.000000	-1000.000000	-64.000000	-1000.000000	-64.000000	780.000000	3
1349	5	1	1	2	80.925354	1.750433	81.361730	0.379623	41.101363	20.953520	-1000.000000	-1000.000000	-64.000000	-1000.000000	-64.000000	780.000000	3
1350	6	1	1	2	85.464639	1.104833	86.093425	0.292077	41.514161	21.249255	-1000.000000	-1000.000000	-64.000000	-1000.000000	-64.000000	10.000000	3
1351	7	1	1	2	87.318319	1.945010	87.620354	0.332792	50.721483	29.015582	-1000.000000	-1000.000000	-64.000000	-1000.000000	-64.000000	780.000000	3
1408	0	1	2	2	80.837465	0.944650	80.803926	0.241474	21.214187	13.184292	-1000.000000	-1000.000000	-64.000000	-1000.000000	-64.000000	780.000000	3
1409	1	1	2	2	79.528943	1.511622	79.846197	0.448886	25.324710	15.444477	-1000.000000	-1000.000000	-64.000000	-1000.000000	-64.000000	780.000000	3
1410	2	1	2	2	80.378073	1.440985	80.786682	0.386636	26.829435	15.690448	-1000.000000	-1000.000000	-64.000000	-1000.000000	-64.000000	10.000000	3
1411	3	1	2	2	80.161238	1.379964	80.373239	0.412080	25.214911	15.379433	-1000.000000	-1000.000000	-64.000000	-1000.000000	-64.000000	780.000000	3
1412	4	1	2	2	79.719515	1.650023	80.802287	0.567850	37.161579	17.855564	-1000.000000	-1000.000000	-64.000000	-1000.000000	-64.000000	10.000000	3
1413	5	1	2	2	80.622325	0.552541	80.191812	0.540795	36.431529	17.577225	-1000.000000	-1000.000000	-64.000000	-1000.000000	-64.000000	10.000000	3
1414	6	1	2	2	79.963839	1.604656	80.082263	0.433619	40.190172	20.545081	-1000.000000	-1000.000000	-64.000000	-1000.000000	-64.000000	780.000000	3
1415	7	1	2	2	80.718115	0.671983	80.652321	0.439335	50.340900	26.534198	-1000.000000	-1000.000000	-64.000000	-1000.000000	-64.000000	10.000000	3
1472	0	1	3	2	84.215230	1.638787	84.438235	0.466909	21.844081	13.320310	-1000.000000	-1000.000000	-64.000000	-1000.000000	-64.000000	780.000000	3
1473	1	1	3	2	80.397764	1.263522	80.701012	0.505338	25.525606	15.751490	-1000.000000	-1000.000000	-64.000000	-1000.000000	-64.000000	780.000000	3
1474	2	1	3	2	80.646030	1.368359	81.262511	0.607688	25.076772	15.881569	-1000.000000	-1000.000000	-64.000000	-1000.000000	-64.000000	780.000000	3
1475	3	1	3	2	80.819235	0.501351	80.925149	0.604581	27.689182	16.152908	-1000.000000	-1000.000000	-64.000000	-1000.000000	-64.000000	10.000000	3
1476	4	1	3	2	69.859434	1.545038	71.797081	0.856595	34.535598	17.398256	-1000.000000	-1000.000000	-64.000000	-1000.000000	-64.000000	780.000000	3
1477	5	1	3	2	80.021705	1.650905	81.730740	0.849844	39.250442	20.102492	-1000.000000	-1000.000000	-64.000000	-1000.000000	-64.000000	10.000000	3
1478	6	1	3	2	79.385834	1.599797	80.860797	0.759991	44.561553	23.197208	-1000.000000	-1000.000000	-64.000000	-1000.000000	-64.000000	10.000000	3
1479	7	1	3	2	80.342812	1.473052	81.264667	0.688574	50.154324	29.123247	-1000.000000	-1000.000000	-64.000000	-1000.000000	-64.000000	10.000000	3
1536	0	0	0	3	80.410646	1.465876	80.699805	0.492458	24.883554	13.960791	-1000.000000	-1000.000000	-64.000000	-1000.000000	-64.000000	528.000000	3
1537	1	0	0	3	80.645285	1.130728	81.047773	0.630632	23.816618	15.059248	-1000.000000	-1000.000000	-64.000000	-1000.000000	-64.000000	528.000000	3
1538	2	0	0	3	81.903033	1.359403	82.817584	0.653810	25.204691	14.800147	-1000.000000	-1000.000000	-64.000000	-1000.000000	-64.000000	528.000000	3
1539	3	0	0	3	80.799701	0.636886	81.219615	0.678239	20.780217	13.545542	-1000.000000	-1000.000000	-64.000000	-1000.000000	-64.000000	780.000000	3
1540	4	0	0	3	73.759255	1.501438	75.435629	0.862097	29.138125	17.301468	-1000.000000	-1000.000000	-64.000000	-1000.000000	-64.000000	528.000000	3
1541	5	0	0	3	50.298751	1.386607	51.980149	0.902044	38.316797	19.111744	-1000.000000	-1000.000000	-64.000000	-1000.000000	-64.000000	780.000000	3
1542	6	0	0	3	80.425469	1.310119	81.603631	0.797811	37.098835	18.696830	-1000.000000	-1000.000000	-64.000000	-1000.000000	-64.000000	780.000000	3
1543	7	0	0	3	81.050310	1.084846	81.549446	0.609800	44.503926	24.136254	-1000.000000	-1000.000000	-64.000000	-1000.000000	-64.000000	780.000000	3
1600	0	0	1	3	80.891131	1.171542	80.844216	0.244578	24.968318	14.446925	-1000.000000	-1000.000000	-64.000000	-1000.000000	-64.000000	528.000000	3
1601	1	0	1	3	94.321120	1.286842	94.682558	0.301436	27.500506	16.352509	-1000.000000	-1000.000000	-64.000000	-1000.000000	-64.000000	528.000000	3
1602	2	0	1	3	87.076478	1.385661	87.676767	0.402533	25.912032	14.638073	-1000.000000	-1000.000000	-64.000000	-1000.000000	-64.000000	780.000000	3
1603	3	0	1	3	80.714417	1.438393	80.826377	0.313832	20.359070	13.354451	-1000.000000	-1000.000000	-64.000000	-1000.000000	-64.000000	528.000000	3
1604	4	0	1	3	81.500932	1.351444	82.220275	0.511708	27.183985	13.489466	-1000.000000	-1000.000000	-64.000000	-1000.000000	-64.000000	780.000000	3
1605	5	0	1	3	81.196424	0.988623	81.964529	0.605279	32.849110	15.689009	-1000.000000	-1000.000000	-64.000000	-1000.000000	-64.000000	780.000000	3
1606	6	0	1	3	81.257047	1.166799	81.863159	0.514360	43.022794	21.096943	-1000.000000	-1000.000000	-64.000000	-1000.000000	-64.000000	528.000000	3
1607	7	0	1	3	78.255135	1.513935	78.857862	0.433376	44.202459	21.637462	-1000.000000	-1000.000000	-64.000000	-1000.000000	-64.000000	780.000000	3
1664	0	0	2	3	80.625027	1.130080	80.529827	0.203774	24.888709	14.829534	-1000.000000	-1000.000000	-64.000000	-1000.000000	-64.000000	528.000000	3
1665	1	0	2	3	80.910315	1.385856	80.879741	0.211729	26.954032	16.041784	-1000.000000	-1000.000000	-64.000000	-1000.000000	-64.000000	528.000000	3
1666	2	0	2	3	81.789776	1.098371	81.809833	0.263943	25.564626	14.220412	-1000.000000	-1000.000000	-64.000000	-1000.000000	-64.000000	780.000000	3
1667	3	0	2	3	82.225010	1.503135	82.697000	0.209582	18.219376	12.523056	-1000.000000	-1000.000000	-64.000000	-1000.000000	-64.000000	528.000000	3
1668	4	0	2	3	83.544806	1.945816	83.840861	0.258844	28.815251	13.987364	-1000.000000	-1000.000000	-64.000000	-1000.000000	-64.000000	528.000000	3
1669	5	0	2	3	80.782554	1.723183	81.187536	0.286220	37.447470	18.358385	-1000.000000	-1000.000000	-64.000000	-1000.000000	-64.000000	528.000000	3
1670	6	0	2	3	81.962554	1.058002	82.473904	0.221852	39.840741	19.349606	-1000.000000	-1000.000000	-64.000000	-1000.000000	-64.000000	780.000000	3
1671	7	0	2	3	80.716358	0.661088	80.443758	0.312756	47.776518	24.431329	-1000.000000	-1000.000000	-64.000000	-1000.000000	-64.000000	528.000000	3
1728	0	0	3	3	81.490143	1.139720	81.297732	0.177636	-1000.000000	-1000.000000	-1000.000000	-1000.000000	-64.000000	-1000.000000	-64.000000	780.000000	1
1729	1	0	3	3	84.831480	1.390189	84.713360	0.171587	-1000.000000	-1000.000000	-1000.000000	-1000.000000	-64.000000	-1000.000000	-64.000000	780.000000	1
1730	2	0	3	3	80.765773	1.260385	80.668649	0.183037	-1000.000000	-1000.000000	-1000.000000	-1000.000000	-64.000000	-1000.000000	-64.000000	780.000000	1
1731	3	0	3	3	80.790276	0.648517	80.518239	0.161217	-1000.000000	-1000.000000	-1000.000000	-1000.000000	-64.000000	-1000.000000	-64.000000	780.000000	1
1732	4	0	3	3	80.460024	1.603333	80.562340	0.217515	-1000.000000	-1000.000000	-1000.000000	-1000.000000	-64.000000	-1000.000000	-64.000000	528.000000	1
1733	5	0	3	3	91.296678	1.368709	91.880922	0.171738	-1000.000000	-1000.000000	-1000.000000	-1000.000000	-64.000000	-1000.000000	-64.000000	780.000000	1
1734	6	0	3	3	81.019064	0.907837	80.933105	0.173414	-1000.000000	-1000.000000	-1000.000000	-1000.000000	-64.000000	-1000.000000	-64.000000	780.000000	1
1735	7	0	3	3	81.073682	0.931183	81.331923	0.296920	-1000.000000	-1000.000000	-1000.000000	-1000.000000	-64.000000	-1000.000000	-64.000000	528.000000	1
1792	0	1	0	3	79.593956	1.563127	79.954867	0.401359	25.386065	14.435281	-1000.000000	-1000.000000	-64.000000	-1000.000000	-64.000000	528.000000	3
1793	1	1	0	3	80.420410	1.369381	80.936691	0.716556	26.331534	16.050445	-1000.000000	-1000.000000	-64.000000	-1000.000000	-64.000000	528.000000	3
1794	2	1	0	3	79.382648	1.829048	79.889516	0.651268	26.278843	15.349040	-1000.000000	-1000.000000	-64.000000	-1000.000000	-64.000000	528.000000	3
1795	3	1	0	3	66.977335	1.511394	67.810076	0.639365	18.309714	11.804559	-1000.000000	-1000.000000	-64.000000	-1000.000000	-64.000000	780.000000	3
1796	4	1	0	3	75.154279	1.505866	77.086083	0.915398	25.175725	13.983038	-1000.000000	-1000.000000	-64.000000	-1000.000000	-64.000000	780.000000	3
1797	5	1	0	3	79.982924	1.380325	80.976683	0.802422	34.838583	16.701652	-1000.000000	-1000.000000	-64.000000	-1000.000000	-64.000000	780.000000	3
1798	6	1	0	3	81.477000	1.259060	82.494790	0.737452	41.234621	20.378003	-1000.000000	-1000.000000	-64.000000	-1000.000000	-64.000000	528.000000	3
1799	7	1	0	3	81.466097	1.276755	81.947846	0.648776	47.367596	25.350079	-1000.000000	-1000.000000	-64.000000	-1000.000000	-64.000000	780.000000	3
1856	0	1	1	3	80.533273	1.266482	80.512864	0.224841	24.749381	13.917724	-1000.000000	-1000.000000	-64.000000	-1000.000000	-64.000000	528.000000	3
1857	1	1	1	3	81.428835	1.344487	81.645069	0.378549	26.380376	15.880196	-1000.000000	-1000.000000	-64.000000	-1000.000000	-64.000000	528.000000	3
1858	2	1	1	3	80.937785	1.159743	80.865828	0.313986	28.796841	18.062190	-1000.000000	-1000.000000	-64.000000	-1000.000000	-64.000000	780.000000	3
1859	3	1	1	3	80.022495	1.651093	79.757005	0.261349	19.021498	12.120749	-1000.000000	-1000.000000	-64.000000	-1000.000000	-64.000000	528.000000	3
1860	4	1	1	3	81.535872	1.226754	82.075012	0.445870	25.899912	12.780776	-1000.000000	-1000.000000	-64.000000	-1000.000000	-64.000000	780.000000	3
1861	5	1	1	3	81.279409	0.947176	81.703884	0.530621	31.645490	15.006435	-1000.000000	-1000.000000	-64.000000	-1000.000000	-64.000000	780.000000	3
1862	6	1	1	3	82.077972	1.084924	82.725748	0.404055	39.550785	18.597274	-1000.000000	-1000.000000	-64.000000	-1000.000000	-64.000000	780.000000	3
1863	7	1	1	3	81.274046	0.991231	81.637926	0.443166	47.266938	23.639459	-1000.000000	-1000.000000	-64.000000	-1000.000000	-64.000000	780.000000	3
1920	0	1	2	3	80.235639	1.376812	79.804270	0.195583	24.796952	14.658458	-1000.000000	-1000.000000	-64.000000	-1000.000000	-64.000000	528.000000	3
1921	1	1	2	3	80.096874	1.522870	80.273945	0.224519	26.678040	15.829600	-1000.000000	-1000.000000	-64.000000	-1000.000000	-64.000000	528.000000	3
1922	2	1	2	3	81.236662	1.091984	81.276501	0.245666	27.815107	16.481526	-1000.000000	-1000.000000	-64.000000	-1000.000000	-64.000000	528.000000	3
1923	3	1	2	3	81.417859	1.042018	81.395540	0.189132	18.754515	11.893698	-1000.000000	-1000.000000	-64.000000	-1000.000000	-64.000000	780.000000	3
1924	4	1	2	3	86.593285	1.314162	87.074480	0.225657	24.860381	12.351314	-1000.000000	-1000.000000	-64.000000	-1000.000000	-64.000000	780.000000	3
1925	5	1	2	3	81.122980	1.104732	81.460949	0.272246	37.077260	17.136857	-1000.000000	-1000.000000	-64.000000	-1000.000000	-64.000000	528.000000	3
1926	6	1	2	3	80.577266	0.569510	80.097503	0.196571	40.617459	19.598515	-1000.000000	-1000.000000	-64.000000	-1000.000000	-64.000000	780.000000	3
1927	7	1	2	3	80.819446	0.501451	80.379221	0.184784	43.834806	21.535097	-1000.000000	-1000.000000	-64.000000	-1000.000000	-64.000000	780.000000	3
1984	0	1	3	3	79.690370	1.549052	79.885039	0.184198	-1000.000000	-1000.000000	-1000.000000	-1000.000000	-64.000000	-1000.000000	-64.000000	528.000000	1
1985	1	1	3	3	81.246863	1.008779	81.180941	0.184052	-1000.000000	-1000.000000	-1000.000000	-1000.000000	-64.000000	-1000.000000	-64.000000	780.000000	1
1986	2	1	3	3	80.852117	0.566790	80.734134	0.212229	-1000.000000	-1000.000000	-1000.000000	-1000.000000	-64.000000	-1000.000000	-64.000000	528.000000	1
1987	3	1	3	3	81.578856	1.152162	81.473451	0.199536	-1000.000000	-1000.000000	-1000.000000	-1000.000000	-64.000000	-1000.000000	-64.000000	780.000000	1
1988	4	1	3	3	80.651273	1.684177	80.738403	0.217910	-1000.000000	-1000.000000	-1000.000000	-1000.000000	-64.000000	-1000.000000	-64.000000	528.000000	1
1989	5	1	3	3	78.906618	1.672720	79.278216	0.220740	-1000.000000	-1000.000000	-1000.000000	-1000.000000	-64.000000	-1000.000000	-64.000000	528.000000	1
1990	6	1	3	3	81.134658	1.012463	80.975414	0.183303	-1000.000000	-1000.000000	-1000.000000	-1000.000000	-64.000000	-1000.000000	-64.000000	780.000000	1
1991	7	1	3	3	81.443863	1.368455	81.451305	0.215895	-1000.000000	-1000.000000	-1000.000000	-1000.000000	-64.000000	-1000.000000	-64.000000	528.000000	1
2048	0	0	0	4	78.867312	1.311216	78.861750	0.220267	-1000.000000	-1000.000000	-1000.000000	-1000.000000	-64.000000	-1000.000000	-64.000000	780.000000	1
2049	1	0	0	4	79.924037	1.547489	79.707188	0.184645	-1000.000000	-1000.000000	-1000.000000	-1000.000000	-64.000000	-1000.000000	-64.000000	780.000000	1
2050	2	0	0	4	80.774782	0.478281	80.002668	0.192718	-1000.000000	-1000.000000	-1000.000000	-1000.000000	-64.000000	-1000.000000	-64.000000	780.000000	1
2051	3	0	0	4	80.441124	1.327080	80.402401	0.168265	-1000.000000	-1000.000000	-1000.000000	-1000.000000	-64.000000	-1000.000000	-64.000000	780.000000	1
2052	4	0	0	4	81.229118	1.604000	81.257938	0.206391	-1000.000000	-1000.000000	-1000.000000	-1000.000000	-64.000000	-1000.000000	-64.000000	780.000000	1
2053	5	0	0	4	80.512658	1.387909	80.624471	0.193913	-1000.000000	-1000.000000	-1000.000000	-1000.000000	-64.000000	-1000.000000	-64.000000	780.000000	1
2054	6	0	0	4	81.126421	1.053238	81.231828	0.197055	-1000.000000	-1000.000000	-1000.000000	-1000.000000	-64.000000	-1000.000000	-64.000000	780.000000	1
2055	7	0	0	4	81.095388	1.194387	81.053707	0.301911	-1000.000000	-1000.000000	-1000.000000	-1000.000000	-64.000000	-1000.000000	-64.000000	780.000000	1
2112	0	0	1	4	80.844397	0.512636	80.341067	0.192063	18.020418	13.462551	-1000.000000	-1000.000000	-64.000000	-1000.000000	-64.000000	780.000000	3
2113	1	0	1	4	77.977282	1.382669	78.040024	0.222382	24.886867	17.069053	-1000.000000	-1000.000000	-64.000000	-1000.000000	-64.000000	780.000000	3
2114	2	0	1	4	81.076838	0.961823	80.957080	0.267178	20.803362	13.266765	-1000.000000	-1000.000000	-64.000000	-1000.000000	-64.000000	780.000000	3
2115	3	0	1	4	80.717612	0.855342	80.703692	0.301798	25.713359	14.422708	-1000.000000	-1000.000000	-64.000000	-1000.000000	-64.000000	780.000000	3
2116	4	0	1	4	80.376438	1.473220	80.563903	0.235092	30.524426	18.854545	-1000.000000	-1000.000000	-64.000000	-1000.000000	-64.000000	780.000000	3
2117	5	0	1	4	80.339346	1.550166	79.941643	0.262138	34.857359	19.182715	-1000.000000	-1000.000000	-64.000000	-1000.000000	-64.000000	780.000000	3
2118	6	0	1	4	72.859315	0.518758	72.642691	0.278434	40.808881	23.900856	-1000.000000	-1000.000000	-64.000000	-1000.000000	-64.000000	780.000000	3
2119	7	0	1	4	80.961609	0.775520	81.125176	0.347638	43.593170	25.796262	-1000.000000	-1000.000000	-64.000000	-1000.000000	-64.000000	780.000000	3
2176	0	0	2	4	79.148165	1.832181	79.202096	0.263728	18.033825	11.968836	-1000.000000	-1000.000000	-64.000000	-1000.000000	-64.000000	780.000000	3
2177	1	0	2	4	80.390041	1.462129	80.440061	0.202802	25.218921	17.238387	-1000.000000	-1000.000000	-64.000000	-1000.000000	-64.000000	780.000000	3
2178	2	0	2	4	81.154083	1.110462	81.078864	0.287943	17.520661	12.247828	-1000.000000	-1000.000000	-64.000000	-1000.000000	-64.000000	780.000000	3
2179	3	0	2	4	84.232883	1.741966	84.104898	0.264509	22.982571	14.581495	-1000.000000	-1000.000000	-64.000000	-1000.000000	-64.000000	780.000000	3
2180	4	0	2	4	81.685764	1.298226	82.036933	0.231066	28.553166	14.366311	-1000.000000	-1000.000000	-64.000000	-1000.000000	-64.000000	780.000000	3
2181	5	0	2	4	81.572170	1.179398	81.983227	0.255588	35.423239	18.047166	-1000.000000	-1000.000000	-64.000000	-1000.000000	-64.000000	780.000000	3
2182	6	0	2	4	80.375337	1.062804	80.215856	0.246253	38.782142	22.303969	-1000.000000	-1000.000000	-64.000000	-1000.000000	-64.000000	780.000000	3
2183	7	0	2	4	81.112921	0.936225	81.330398	0.317612	41.899204	21.420396	-1000.000000	-1000.000000	-64.000000	-1000.000000	-64.000000	780.000000	3
2240	0	0	3	4	80.311962	1.369977	80.279243	0.283141	20.001106	13.295048	-1000.000000	-1000.000000	-64.000000	-1000.000000	-64.000000	780.000000	3
2241	1	0	3	4	80.292781	1.499568	80.289611	0.224592	23.279301	15.169278	-1000.000000	-1000.000000	-64.000000	-1000.000000	-64.000000	780.000000	3
2242	2	0	3	4	79.166123	1.742663	79.382504	0.313633	17.425053	12.992982	-1000.000000	-1000.000000	-64.000000	-1000.000000	-64.000000	780.000000	3
2243	3	0	3	4	79.822906	1.571589	79.701241	0.384029	25.047454	14.992990	-1000.000000	-1000.000000	-64.000000	-1000.000000	-64.000000	780.000000	3
2244	4	0	3	4	81.284218	1.536763	81.753725	0.368137	27.825318	13.274241	-1000.000000	-1000.000000	-64.000000	-1000.000000	-64.000000	780.000000	3
2245	5	0	3	4	80.768520	0.621517	80.952621	0.389236	35.572159	18.983092	-1000.000000	-1000.000000	-64.000000	-1000.000000	-64.000000	780.000000	3
2246	6	0	3	4	80.854500	0.516828	80.721430	0.438205	41.570186	22.286913	-1000.000000	-1000.000000	-64.000000	-1000.000000	-64.000000	780.000000	3
2247	7	0	3	4	80.770974	1.475757	81.030074	0.464379	39.943300	21.457197	-1000.000000	-1000.000000	-64.000000	-1000.000000	-64.000000	780.000000	3
2304	0	1	0	4	79.886159	1.417662	80.002058	0.209581	-1000.000000	-1000.000000	-1000.000000	-1000.000000	-64.000000	-1000.000000	-64.000000	780.000000	1
2305	1	1	0	4	80.306511	1.434050	80.362984	0.207216	-1000.000000	-1000.000000	-1000.000000	-1000.000000	-64.000000	-1000.000000	-64.000000	780.000000	1
2306	2	1	0	4	81.068634	1.161022	80.934515	0.199947	-1000.000000	-1000.000000	-1000.000000	-1000.000000	-64.000000	-1000.000000	-64.000000	780.000000	1
2307	3	1	0	4	81.494348	1.105910	81.663655	0.235314	-1000.000000	-1000.000000	-1000.000000	-1000.000000	-64.000000	-1000.000000	-64.000000	780.000000	1
2308	4	1	0	4	80.512266	1.108100	80.070402	0.233359	-1000.000000	-1000.000000	-1000.000000	-1000.000000	-64.000000	-1000.000000	-64.000000	780.000000	1
2309	5	1	0	4	80.503278	1.349986	80.433276	0.188469	-1000.000000	-1000.000000	-1000.000000	-1000.000000	-64.000000	-1000.000000	-64.000000	780.000000	1
2310	6	1	0	4	81.491900	1.157160	81.520030	0.217748	-1000.000000	-1000.000000	-1000.000000	-1000.000000	-64.000000	-1000.000000	-64.000000	780.000000	1
2311	7	1	0	4	81.522028	1.102056	81.900361	0.211320	-1000.000000	-1000.000000	-1000.000000	-1000.000000	-64.000000	-1000.000000	-64.000000	780.000000	1
2368	0	1	1	4	80.622861	0.868688	80.059310	0.203303	-1000.000000	-1000.000000	-1000.000000	-1000.000000	-64.000000	-1000.000000	-64.000000	780.000000	1
2369	1	1	1	4	79.609541	1.546588	79.689654	0.209020	-1000.000000	-1000.000000	-1000.000000	-1000.000000	-64.000000	-1000.000000	-64.000000	780.000000	1
2370	2	1	1	4	80.600341	1.242044	80.572022	0.184069	-1000.000000	-1000.000000	-1000.000000	-1000.000000	-64.000000	-1000.000000	-64.000000	780.000000	1
2371	3	1	1	4	80.945831	0.842811	80.732419	0.224724	-1000.000000	-1000.000000	-1000.000000	-1000.000000	-64.000000	-1000.000000	-64.000000	780.000000	1
2372	4	1	1	4	81.111295	1.472121	81.098189	0.196772	-1000.000000	-1000.000000	-1000.000000	-1000.000000	-64.000000	-1000.000000	-64.000000	780.000000	1
2373	5	1	1	4	80.078977	1.685185	80.237353	0.203403	-1000.000000	-1000.000000	-1000.000000	-1000.000000	-64.000000	-1000.000000	-64.000000	780.000000	1
2374	6	1	1	4	80.015943	1.440504	79.878941	0.158760	-1000.000000	-1000.000000	-1000.000000	-1000.000000	-64.000000	-1000.000000	-64.000000	780.000000	1
2375	7	1	1	4	85.521822	1.118602	85.701849	0.200368	-1000.000000	-1000.000000	-1000.000000	-1000.000000	-64.000000	-1000.000000	-64.000000	780.000000	1
2432	0	1	2	4	81.153495	1.045002	81.022603	0.216139	-1000.000000	-1000.000000	-1000.000000	-1000.000000	-64.000000	-1000.000000	-64.000000	780.000000	1
2433	1	1	2	4	80.834119	1.331341	80.907528	0.298753	-1000.000000	-1000.000000	-1000.000000	-1000.000000	-64.000000	-1000.000000	-64.000000	780.000000	1
2434	2	1	2	4	82.042108	1.155115	82.255876	0.236473	-1000.000000	-1000.000000	-1000.000000	-1000.000000	-64.000000	-1000.000000	-64.000000	780.000000	1
2435	3	1	2	4	80.090546	1.388617	80.118429	0.257784	-1000.000000	-1000.000000	-1000.000000	-1000.000000	-64.000000	-1000.000000	-64.000000	780.000000	1
2436	4	1	2	4	77.938368	1.419443	78.070861	0.213125	-1000.000000	-1000.000000	-1000.000000	-1000.000000	-64.000000	-1000.000000	-64.000000	780.000000	1
2437	5	1	2	4	80.805665	0.494752	80.502649	0.258584	-1000.000000	-1000.000000	-1000.000000	-1000.000000	-64.000000	-1000.000000	-64.000000	780.000000	1
2438	6	1	2	4	79.437964	2.020681	79.541262	0.233516	-1000.000000	-1000.000000	-1000.000000	-1000.000000	-64.000000	-1000.000000	-64.000000	780.000000	1
2439	7	1	2	4	80.824373	0.503754	80.582847	0.268709	-1000.000000	-1000.000000	-1000.000000	-1000.000000	-64.000000	-1000.000000	-64.000000	780.000000	1
2496	0	1	3	4	80.506463	1.296344	80.324334	0.192346	-1000.000000	-1000.000000	-1000.000000	-1000.000000	-64.000000	-1000.000000	-64.000000	780.000000	1
2497	1	1	3	4	80.803487	0.874083	80.486526	0.191386	-1000.000000	-1000.000000	-1000.000000	-1000.000000	-64.000000	-1000.000000	-64.000000	780.000000	1
2498	2	1	3	4	80.603237	1.237072	80.570345	0.185533	-1000.000000	-1000.000000	-1000.000000	-1000.000000	-64.000000	-1000.000000	-64.000000	780.000000	1
2499	3	1	3	4	80.803823	0.493827	80.437698	0.190034	-1000.000000	-1000.000000	-1000.000000	-1000.000000	-64.000000	-1000.000000	-64.000000	780.000000	1
2500	4	1	3	4	78.491207	1.521198	78.679284	0.222760	-1000.000000	-1000.000000	-1000.000000	-1000.000000	-64.000000	-1000.000000	-64.000000	780.000000	1
2501	5	1	3	4	81.374281	1.412591	81.533790	0.231884	-1000.000000	-1000.000000	-1000.000000	-1000.000000	-64.000000	-1000.000000	-64.000000	780.000000	1
2502	6	1	3	4	80.726881	1.397175	80.757690	0.189559	-1000.000000	-1000.000000	-1000.000000	-1000.000000	-64.000000	-1000.000000	-64.000000	780.000000	1
2503	7	1	3	4	79.302328	1.487458	79.683594	0.180356	-1000.000000	-1000.000000	-1000.000000	-1000.000000	-64.000000	-1000.000000	-64.000000	780.000000	1
2560	0	0	0	5	80.157886	1.605183	80.462783	0.421520	23.576717	15.540242	-1000.000000	-1000.000000	-64.000000	-1000.000000	-64.000000	780.000000	3
2561	1	0	0	5	80.500062	1.241071	80.630175	0.315318	26.039389	15.648018	-1000.000000	-1000.000000	-64.000000	-1000.000000	-64.000000	780.000000	3
2562	2	0	0	5	79.761911	1.622210	80.148618	0.364292	27.797792	18.083981	-1000.000000	-1000.000000	-64.000000	-1000.000000	-64.000000	780.000000	3
2563	3	0	0	5	80.573824	0.572411	80.136192	0.413504	24.532412	14.426748	-1000.000000	-1000.000000	-64.000000	-1000.000000	-64.000000	780.000000	3
2564	4	0	0	5	80.813122	1.942894	81.498037	0.425244	42.905646	20.803425	-1000.000000	-1000.000000	-64.000000	-1000.000000	-64.000000	780.000000	3
2565	5	0	0	5	80.885669	1.331542	81.274099	0.446330	39.353159	19.709829	-1000.000000	-1000.000000	-64.000000	-1000.000000	-64.000000	780.000000	3
2566	6	0	0	5	80.764238	1.234596	80.818144	0.395777	39.619816	20.138759	-1000.000000	-1000.000000	-64.000000	-1000.000000	-64.000000	780.000000	3
2567	7	0	0	5	79.372553	1.300077	79.907869	0.312335	48.058673	25.876339	-1000.000000	-1000.000000	-64.000000	-1000.000000	-64.000000	780.000000	3
2624	0	0	1	5	80.136798	1.547818	80.538784	0.215907	23.806788	15.649210	-1000.000000	-1000.000000	-64.000000	-1000.000000	-64.000000	780.000000	3
2625	1	0	1	5	89.660023	1.453365	89.966190	0.291172	30.162485	18.774289	-1000.000000	-1000.000000	-64.000000	-1000.000000	-64.000000	780.000000	3
2626	2	0	1	5	86.390368	1.314671	86.804841	0.204584	22.372837	12.720567	-1000.000000	-1000.000000	-64.000000	-1000.000000	-64.000000	780.000000	3
2627	3	0	1	5	81.138868	1.566218	81.510272	0.224683	30.499590	17.538981	-1000.000000	-1000.000000	-64.000000	-1000.000000	-64.000000	780.000000	3
2628	4	0	1	5	81.856845	1.320848	82.327002	0.292043	39.181812	19.166822	-1000.000000	-1000.000000	-64.000000	-1000.000000	-64.000000	780.000000	3
2629	5	0	1	5	73.155066	0.849861	73.151363	0.311387	39.893178	20.551603	-1000.000000	-1000.000000	-64.000000	-1000.000000	-64.000000	780.000000	3
2630	6	0	1	5	79.330959	2.095261	79.476534	0.442460	46.377513	23.415970	-1000.000000	-1000.000000	-64.000000	-1000.000000	-64.000000	780.000000	3
2631	7	0	1	5	81.066197	0.830955	81.001830	0.311035	47.791133	24.428969	-1000.000000	-1000.000000	-64.000000	-1000.000000	-64.000000	780.000000	3
2688	0	0	2	5	80.160797	1.681446	80.229425	0.202230	27.157346	17.682207	-1000.000000	-1000.000000	-64.000000	-1000.000000	-64.000000	780.000000	3
2689	1	0	2	5	80.160991	1.637330	80.549914	0.272823	26.879008	18.282275	-1000.000000	-1000.000000	-64.000000	-1000.000000	-64.000000	780.000000	3
2690	2	0	2	5	80.248938	1.305196	80.318083	0.157987	24.916449	15.656256	-1000.000000	-1000.000000	-64.000000	-1000.000000	-64.000000	780.000000	3
2691	3	0	2	5	79.522718	1.876549	79.688587	0.228391	30.564764	18.548196	-1000.000000	-1000.000000	-64.000000	-1000.000000	-64.000000	780.000000	3
2692	4	0	2	5	80.377749	1.927467	80.785096	0.215584	49.727514	31.361399	-1000.000000	-1000.000000	-64.000000	-1000.000000	-64.000000	780.000000	3
2693	5	0	2	5	79.109964	1.856473	79.527616	0.234642	53.388927	29.878226	-1000.000000	-1000.000000	-64.000000	-1000.000000	-64.000000	780.000000	3
2694	6	0	2	5	80.469183	0.637872	79.909129	0.260105	42.728901	21.504989	-1000.000000	-1000.000000	-64.000000	-1000.000000	-64.000000	780.000000	3
2695	7	0	2	5	81.168557	1.088682	81.480007	0.308564	63.514928	39.406738	-1000.000000	-1000.000000	-64.000000	-1000.000000	-64.000000	780.000000	3
2752	0	0	3	5	58.851004	1.184474	59.369087	0.213188	-1000.000000	-1000.000000	-1000.000000	-1000.000000	-64.000000	-1000.000000	-64.000000	780.000000	1
2753	1	0	3	5	81.963655	1.025632	82.199159	0.223048	-1000.000000	-1000.000000	-1000.000000	-1000.000000	-64.000000	-1000.000000	-64.000000	780.000000	1
2754	2	0	3	5	80.532004	1.295901	80.497046	0.170642	-1000.000000	-1000.000000	-1000.000000	-1000.000000	-64.000000	-1000.000000	-64.000000	780.000000	1
2755	3	0	3	5	85.535737	1.079266	85.475891	0.216128	-1000.000000	-1000.000000	-1000.000000	-1000.000000	-64.000000	-1000.000000	-64.000000	780.000000	1
2756	4	0	3	5	82.259012	1.925439	82.840709	0.221317	-1000.000000	-1000.000000	-1000.000000	-1000.000000	-64.000000	-1000.000000	-64.000000	780.000000	1
2757	5	0	3	5	82.462921	1.132284	83.010406	0.188557	-1000.000000	-1000.000000	-1000.000000	-1000.000000	-64.000000	-1000.000000	-64.000000	780.000000	1
2758	6	0	3	5	81.241675	1.064007	81.274557	0.196013	-1000.000000	-1000.000000	-1000.000000	-1000.000000	-64.000000	-1000.000000	-64.000000	780.000000	1
2759	7	0	3	5	78.064212	1.957277	78.403088	0.303740	-1000.000000	-1000.000000	-1000.000000	-1000.000000	-64.000000	-1000.000000	-64.000000	780.000000	1
2816	0	1	0	5	80.605913	1.600389	80.914160	0.247480	-1000.000000	-1000.000000	-1000.000000	-1000.000000	-64.000000	-1000.000000	-64.000000	780.000000	1
2817	1	1	0	5	78.154062	1.433496	78.605070	0.240520	-1000.000000	-1000.000000	-1000.000000	-1000.000000	-64.000000	-1000.000000	-64.000000	780.000000	1
2818	2	1	0	5	80.656244	1.251330	80.600457	0.231194	-1000.000000	-1000.000000	-1000.000000	-1000.000000	-64.000000	-1000.000000	-64.000000	780.000000	1
2819	3	1	0	5	80.803066	0.493445	80.285875	0.211096	-1000.000000	-1000.000000	-1000.000000	-1000.000000	-64.000000	-1000.000000	-64.000000	780.000000	1
2820	4	1	0	5	81.267281	1.278649	81.331885	0.232634	-1000.000000	-1000.000000	-1000.000000	-1000.000000	-64.000000	-1000.000000	-64.000000	780.000000	1
2821	5	1	0	5	81.358905	0.971754	81.565199	0.224997	-1000.000000	-1000.000000	-1000.000000	-1000.000000	-64.000000	-1000.000000	-64.000000	780.000000	1
2822	6	1	0	5	80.810783	0.497284	80.640938	0.245850	-1000.000000	-1000.000000	-1000.000000	-1000.000000	-64.000000	-1000.000000	-64.000000	780.000000	1
2823	7	1	0	5	80.944789	1.336419	80.847036	0.220666	-1000.000000	-1000.000000	-1000.000000	-1000.000000	-64.000000	-1000.000000	-64.000000	780.000000	1
2880	0	1	1	5	80.979723	1.284911	81.095369	0.218883	-1000.000000	-1000.000000	-1000.000000	-1000.000000	-64.000000	-1000.000000	-64.000000	780.000000	1
2881	1	1	1	5	80.321518	1.662893	80.709853	0.207642	-1000.000000	-1000.000000	-1000.000000	-1000.000000	-64.000000	-1000.000000	-64.000000	780.000000	1
2882	2	1	1	5	80.049149	1.286728	80.134705	0.161995	-1000.000000	-1000.000000	-1000.000000	-1000.000000	-64.000000	-1000.000000	-64.000000	780.000000	1
2883	3	1	1	5	80.803428	0.493628	80.355665	0.231068	-1000.000000	-1000.000000	-1000.000000	-1000.000000	-64.000000	-1000.000000	-64.000000	780.000000	1
2884	4	1	1	5	67.541246	1.525345	67.802897	0.191296	-1000.000000	-1000.000000	-1000.000000	-1000.000000	-64.000000	-1000.000000	-64.000000	780.000000	1
2885	5	1	1	5	80.783093	0.693400	80.645054	0.189275	-1000.000000	-1000.000000	-1000.000000	-1000.000000	-64.000000	-1000.000000	-64.000000	780.000000	1
2886	6	1	1	5	80.906960	0.928992	80.710844	0.198804	-1000.000000	-1000.000000	-1000.000000	-1000.000000	-64.000000	-1000.000000	-64.000000	780.000000	1
2887	7	1	1	5	80.590229	0.639420	80.101201	0.153498	-1000.000000	-1000.000000	-1000.000000	-1000.000000	-64.000000	-1000.000000	-64.000000	780.000000	1
2944	0	1	2	5	77.927602	1.620570	78.157958	0.237975	-1000.000000	-1000.000000	-1000.000000	-1000.000000	-64.000000	-1000.000000	-64.000000	780.000000	1
2945	1	1	2	5	78.934560	1.601164	79.251572	0.217256	-1000.000000	-1000.000000	-1000.000000	-1000.000000	-64.000000	-1000.000000	-64.000000	780.000000	1
2946	2	1	2	5	86.728923	1.901059	87.118315	0.212943	-1000.000000	-1000.000000	-1000.000000	-1000.000000	-64.000000	-1000.000000	-64.000000	780.000000	1
2947	3	1	2	5	81.017377	1.050667	80.874976	0.208876	-1000.000000	-1000.000000	-1000.000000	-1000.000000	-64.000000	-1000.000000	-64.000000	780.000000	1
2948	4	1	2	5	80.073968	1.352171	80.168782	0.178929	-1000.000000	-1000.000000	-1000.000000	-1000.000000	-64.000000	-1000.000000	-64.000000	780.000000	1
2949	5	1	2	5	79.982165	1.786370	79.923118	0.196298	-1000.000000	-1000.000000	-1000.000000	-1000.000000	-64.000000	-1000.000000	-64.000000	780.000000	1
2950	6	1	2	5	79.919379	1.524327	79.473337	0.223633	-1000.000000	-1000.000000	-1000.000000	-1000.000000	-64.000000	-1000.000000	-64.000000	780.000000	1
2951	7	1	2	5	80.941120	0.544789	80.665790	0.210294	-1000.000000	-1000.000000	-1000.000000	-1000.000000	-64.000000	-1000.000000	-64.000000	780.000000	1
3008	0	1	3	5	81.062594	1.518934	81.070478	0.229742	-1000.000000	-1000.000000	-1000.000000	-1000.000000	-64.000000	-1000.000000	-64.000000	780.000000	1
3009	1	1	3	5	80.647046	0.639786	80.213988	0.144836	-1000.000000	-1000.000000	-1000.000000	-1000.000000	-64.000000	-1000.000000	-64.000000	780.000000	1
3010	2	1	3	5	80.784350	0.483613	80.004841	0.206081	-1000.000000	-1000.000000	-1000.000000	-1000.000000	-64.000000	-1000.000000	-64.000000	780.000000	1
3011	3	1	3	5	80.483145	1.295315	80.508862	0.172452	-1000.000000	-1000.000000	-1000.000000	-1000.000000	-64.000000	-1000.000000	-64.000000	780.000000	1
3012	4	1	3	5	79.987931	1.971894	80.356313	0.235184	-1000.000000	-1000.000000	-1000.000000	-1000.000000	-64.000000	-1000.000000	-64.000000	780.000000	1
3013	5	1	3	5	79.514878	1.828059	80.028588	0.196126	-1000.000000	-1000.000000	-1000.000000	-1000.000000	-64.000000	-1000.000000	-64.000000	780.000000	1
3014	6	1	3	5	80.351946	1.080317	80.211053	0.155522	-1000.000000	-1000.000000	-1000.000000	-1000.000000	-64.000000	-1000.000000	-64.000000	780.000000	1
3015	7	1	3	5	81.316424	1.599476	81.729292	0.223795	-1000.000000	-1000.000000	-1000.000000	-1000.000000	-64.000000	-1000.000000	-64.000000	780.000000	1
