#****************************************************************************************************************************************************************************************************************
#Calib info:
 	 RunNr: 373	 start time:0x7ffd19331b10	 RunNrPed: 372	 start time:0x7ffd19331b20	 RunNrMip: 373	 start time:0x7ffd19331b30	 Vop: 44	 Vov: 5.7	 BC calib set: 1
#****************************************************************************************************************************************************************************************************************
#cellID	layer	row	column	module	ped mean H	ped sig H	ped mean L	ped sig L	mip Scale H	mip Width H	mip Scale L	mip Width L	LG-HG	HG-LG	BC
#****************************************************************************************************************************************************************************************************************
0	0	0	0	0	80.739780	1.130048	80.513965	0.243894	13.885321	8.833180	-1000.000000	-1000.000000	-64.000000	-1000.000000	-64.000000	780.000000	3
1	1	0	0	0	90.184760	0.858777	90.564417	0.350538	12.830910	9.442303	-1000.000000	-1000.000000	-64.000000	-1000.000000	-64.000000	528.000000	3
2	2	0	0	0	81.091738	0.851841	80.764588	0.281474	16.873317	10.187133	-1000.000000	-1000.000000	-64.000000	-1000.000000	-64.000000	780.000000	3
3	3	0	0	0	75.265529	1.327783	75.577078	0.229195	18.124783	11.008613	-1000.000000	-1000.000000	-64.000000	-1000.000000	-64.000000	528.000000	3
4	4	0	0	0	81.250661	1.216059	81.148482	0.295333	25.851141	12.363725	-1000.000000	-1000.000000	-64.000000	-1000.000000	-64.000000	780.000000	3
5	5	0	0	0	78.615344	1.090489	79.133403	0.284672	26.863478	15.672212	-1000.000000	-1000.000000	-64.000000	-1000.000000	-64.000000	780.000000	3
6	6	0	0	0	82.211379	0.883425	82.742732	0.333964	32.282887	19.021893	-1000.000000	-1000.000000	-64.000000	-1000.000000	-64.000000	528.000000	3
7	7	0	0	0	80.909305	1.257244	80.514917	0.245048	36.175560	22.388250	-1000.000000	-1000.000000	-64.000000	-1000.000000	-64.000000	780.000000	3
64	0	0	1	0	-1000.000000	-1000.000000	79.746751	0.197581	-1000.000000	-1000.000000	-1000.000000	-1000.000000	-64.000000	-1000.000000	-64.000000	780.000000	3
65	1	0	1	0	79.608448	0.965287	79.940371	0.166102	14.128351	8.346225	-1000.000000	-1000.000000	-64.000000	-1000.000000	-64.000000	780.000000	3
66	2	0	1	0	80.945792	0.865326	80.719733	0.275554	20.916942	14.102361	-1000.000000	-1000.000000	-64.000000	-1000.000000	-64.000000	780.000000	3
67	3	0	1	0	81.701797	1.014735	81.339514	0.356927	18.868393	12.377209	-1000.000000	-1000.000000	-64.000000	-1000.000000	-64.000000	528.000000	3
68	4	0	1	0	89.673125	1.008534	89.645502	0.353745	22.842434	10.561080	-1000.000000	-1000.000000	-64.000000	-1000.000000	-64.000000	528.000000	3
69	5	0	1	0	81.461831	1.063674	81.310461	0.305798	28.757349	14.528659	-1000.000000	-1000.000000	-64.000000	-1000.000000	-64.000000	780.000000	3
70	6	0	1	0	82.366047	0.786035	82.821361	0.333194	27.806581	13.507406	-1000.000000	-1000.000000	-64.000000	-1000.000000	-64.000000	528.000000	3
71	7	0	1	0	77.851221	0.751396	77.833263	0.398669	33.117218	17.213273	-1000.000000	-1000.000000	-64.000000	-1000.000000	-64.000000	528.000000	3
128	0	0	2	0	80.791451	0.680034	80.283406	0.203417	14.646788	8.986502	-1000.000000	-1000.000000	-64.000000	-1000.000000	-64.000000	780.000000	3
129	1	0	2	0	80.952282	0.975390	80.583151	0.255191	15.362432	9.364357	-1000.000000	-1000.000000	-64.000000	-1000.000000	-64.000000	780.000000	3
130	2	0	2	0	81.740486	0.940027	81.533669	0.374397	15.528090	9.431883	-1000.000000	-1000.000000	-64.000000	-1000.000000	-64.000000	528.000000	3
131	3	0	2	0	81.549248	1.050293	81.326035	0.314443	20.439062	14.732486	-1000.000000	-1000.000000	-64.000000	-1000.000000	-64.000000	780.000000	3
132	4	0	2	0	83.159387	1.389320	83.429262	0.254893	23.857717	12.165415	-1000.000000	-1000.000000	-64.000000	-1000.000000	-64.000000	528.000000	3
133	5	0	2	0	81.679524	0.937024	81.613060	0.392505	26.927185	17.927888	-1000.000000	-1000.000000	-64.000000	-1000.000000	-64.000000	528.000000	3
134	6	0	2	0	82.012719	0.937214	82.275561	0.388597	34.313885	23.601846	-1000.000000	-1000.000000	-64.000000	-1000.000000	-64.000000	528.000000	3
135	7	0	2	0	82.711056	1.125347	83.233889	0.279801	34.726022	19.123914	-1000.000000	-1000.000000	-64.000000	-1000.000000	-64.000000	528.000000	3
192	0	0	3	0	81.671854	1.103649	81.781398	0.341231	13.349949	7.590607	-1000.000000	-1000.000000	-64.000000	-1000.000000	-64.000000	780.000000	3
193	1	0	3	0	80.972822	1.128270	80.822580	0.287751	14.202026	8.946335	-1000.000000	-1000.000000	-64.000000	-1000.000000	-64.000000	780.000000	3
194	2	0	3	0	81.668710	0.944110	81.371575	0.341320	19.248974	13.353254	-1000.000000	-1000.000000	-64.000000	-1000.000000	-64.000000	780.000000	3
195	3	0	3	0	80.751482	0.464307	80.153869	0.155367	16.396196	10.112665	-1000.000000	-1000.000000	-64.000000	-1000.000000	-64.000000	528.000000	3
196	4	0	3	0	81.519816	0.905284	81.216563	0.284697	23.167280	10.743339	-1000.000000	-1000.000000	-64.000000	-1000.000000	-64.000000	528.000000	3
197	5	0	3	0	81.498834	0.961461	81.290776	0.296063	28.787002	13.864822	-1000.000000	-1000.000000	-64.000000	-1000.000000	-64.000000	528.000000	3
198	6	0	3	0	80.817608	0.500579	80.315999	0.227861	33.879457	20.203158	-1000.000000	-1000.000000	-64.000000	-1000.000000	-64.000000	780.000000	3
199	7	0	3	0	82.670545	1.226937	83.083789	0.299472	34.188303	20.496567	-1000.000000	-1000.000000	-64.000000	-1000.000000	-64.000000	528.000000	3
256	0	1	0	0	82.466519	0.869461	82.804836	0.324426	13.174432	7.876280	-1000.000000	-1000.000000	-64.000000	-1000.000000	-64.000000	528.000000	3
257	1	1	0	0	90.463391	1.029248	91.111280	0.295744	14.397398	9.027163	-1000.000000	-1000.000000	-64.000000	-1000.000000	-64.000000	528.000000	3
258	2	1	0	0	81.471201	0.883643	81.005426	0.307281	16.575029	10.173174	-1000.000000	-1000.000000	-64.000000	-1000.000000	-64.000000	528.000000	3
259	3	1	0	0	81.610809	0.946917	81.490680	0.372316	18.341633	10.802051	-1000.000000	-1000.000000	-64.000000	-1000.000000	-64.000000	528.000000	3
260	4	1	0	0	76.382109	1.191970	75.996992	0.207412	24.989788	13.017711	-1000.000000	-1000.000000	-64.000000	-1000.000000	-64.000000	780.000000	3
261	5	1	0	0	90.573301	0.895283	90.939514	0.308639	29.899411	16.302101	-1000.000000	-1000.000000	-64.000000	-1000.000000	-64.000000	528.000000	3
262	6	1	0	0	82.187214	0.900155	82.412599	0.351763	32.941931	16.910239	-1000.000000	-1000.000000	-64.000000	-1000.000000	-64.000000	528.000000	3
263	7	1	0	0	82.439170	1.215770	82.713184	0.322038	38.041407	19.770423	-1000.000000	-1000.000000	-64.000000	-1000.000000	-64.000000	780.000000	3
320	0	1	1	0	80.554545	0.591893	80.028710	0.162363	13.132966	7.564897	-1000.000000	-1000.000000	-64.000000	-1000.000000	-64.000000	780.000000	3
321	1	1	1	0	81.892982	0.999696	82.022768	0.320686	13.292409	8.378403	-1000.000000	-1000.000000	-64.000000	-1000.000000	-64.000000	780.000000	3
322	2	1	1	0	81.227104	0.993062	80.829891	0.287972	20.207870	13.727405	-1000.000000	-1000.000000	-64.000000	-1000.000000	-64.000000	528.000000	3
323	3	1	1	0	81.320665	0.938610	81.090604	0.311005	18.258903	11.127508	-1000.000000	-1000.000000	-64.000000	-1000.000000	-64.000000	780.000000	3
324	4	1	1	0	81.445439	1.211866	81.267320	0.290755	26.879161	12.907474	-1000.000000	-1000.000000	-64.000000	-1000.000000	-64.000000	780.000000	3
325	5	1	1	0	82.203354	1.069330	82.516929	0.315267	30.058197	14.684586	-1000.000000	-1000.000000	-64.000000	-1000.000000	-64.000000	780.000000	3
326	6	1	1	0	83.061534	1.324774	83.480209	0.241772	28.578077	14.364287	-1000.000000	-1000.000000	-64.000000	-1000.000000	-64.000000	528.000000	3
327	7	1	1	0	81.107139	0.879167	80.985017	0.301984	37.776936	20.063047	-1000.000000	-1000.000000	-64.000000	-1000.000000	-64.000000	780.000000	3
384	0	1	2	0	81.466800	0.884046	81.371156	0.336416	14.795029	8.310037	-1000.000000	-1000.000000	-64.000000	-1000.000000	-64.000000	780.000000	3
385	1	1	2	0	82.415950	0.891831	82.857154	0.321369	16.555773	10.569734	-1000.000000	-1000.000000	-64.000000	-1000.000000	-64.000000	780.000000	3
386	2	1	2	0	80.868061	1.009701	80.480723	0.233750	17.560297	10.769857	-1000.000000	-1000.000000	-64.000000	-1000.000000	-64.000000	528.000000	3
387	3	1	2	0	64.988055	1.745539	65.113150	0.317823	17.587535	10.414159	-1000.000000	-1000.000000	-64.000000	-1000.000000	-64.000000	780.000000	3
388	4	1	2	0	82.451598	1.177736	82.649017	0.335301	24.575804	11.483317	-1000.000000	-1000.000000	-64.000000	-1000.000000	-64.000000	528.000000	3
389	5	1	2	0	81.802281	0.923297	81.846243	0.376990	28.250004	13.334500	-1000.000000	-1000.000000	-64.000000	-1000.000000	-64.000000	528.000000	3
390	6	1	2	0	81.760949	1.138427	81.856639	0.308601	36.606874	18.977282	-1000.000000	-1000.000000	-64.000000	-1000.000000	-64.000000	780.000000	3
391	7	1	2	0	81.833453	0.884418	81.881008	0.391627	35.599600	18.261446	-1000.000000	-1000.000000	-64.000000	-1000.000000	-64.000000	528.000000	3
448	0	1	3	0	86.643640	1.130370	86.987415	0.305678	15.914408	10.012945	-1000.000000	-1000.000000	-64.000000	-1000.000000	-64.000000	780.000000	3
449	1	1	3	0	81.500673	0.842046	81.344007	0.319877	15.156966	9.219518	-1000.000000	-1000.000000	-64.000000	-1000.000000	-64.000000	780.000000	3
450	2	1	3	0	81.731825	1.072537	81.615573	0.332099	18.682873	11.378118	-1000.000000	-1000.000000	-64.000000	-1000.000000	-64.000000	780.000000	3
451	3	1	3	0	81.825500	0.916554	82.022426	0.426391	16.055293	10.089063	-1000.000000	-1000.000000	-64.000000	-1000.000000	-64.000000	528.000000	3
452	4	1	3	0	82.402089	1.143657	82.795850	0.301676	25.653615	12.127901	-1000.000000	-1000.000000	-64.000000	-1000.000000	-64.000000	780.000000	3
453	5	1	3	0	73.615067	0.967750	73.377592	0.317675	29.349695	14.412905	-1000.000000	-1000.000000	-64.000000	-1000.000000	-64.000000	528.000000	3
454	6	1	3	0	80.839770	1.013408	80.417668	0.222761	31.038246	15.611404	-1000.000000	-1000.000000	-64.000000	-1000.000000	-64.000000	528.000000	3
455	7	1	3	0	81.325270	1.100391	81.194136	0.334498	32.975564	17.139420	-1000.000000	-1000.000000	-64.000000	-1000.000000	-64.000000	528.000000	3
512	0	0	0	1	81.598903	1.082012	81.492774	0.337129	14.099040	10.752391	-1000.000000	-1000.000000	-64.000000	-1000.000000	-64.000000	780.000000	3
513	1	0	0	1	95.556296	0.555648	96.103760	0.151216	15.484759	10.239995	-1000.000000	-1000.000000	-64.000000	-1000.000000	-64.000000	780.000000	3
514	2	0	0	1	82.208218	0.957110	82.429017	0.326132	17.215491	11.660221	-1000.000000	-1000.000000	-64.000000	-1000.000000	-64.000000	780.000000	3
515	3	0	0	1	81.928667	0.911782	81.882569	0.399401	19.609951	12.421489	-1000.000000	-1000.000000	-64.000000	-1000.000000	-64.000000	780.000000	3
516	4	0	0	1	83.829206	1.371009	83.863798	0.202003	21.712846	9.823463	-1000.000000	-1000.000000	-64.000000	-1000.000000	-64.000000	780.000000	3
517	5	0	0	1	82.269480	0.989212	82.624458	0.322216	21.737715	10.251007	-1000.000000	-1000.000000	-64.000000	-1000.000000	-64.000000	780.000000	3
518	6	0	0	1	84.396204	1.154546	84.144046	0.176091	28.405095	15.797477	-1000.000000	-1000.000000	-64.000000	-1000.000000	-64.000000	780.000000	3
519	7	0	0	1	82.286167	0.899530	82.655300	0.339613	30.690160	16.822410	-1000.000000	-1000.000000	-64.000000	-1000.000000	-64.000000	780.000000	3
576	0	0	1	1	90.732904	0.905399	91.456792	0.246271	14.753450	10.438396	-1000.000000	-1000.000000	-64.000000	-1000.000000	-64.000000	780.000000	3
577	1	0	1	1	81.899366	0.969090	82.015800	0.353704	15.983756	11.914573	-1000.000000	-1000.000000	-64.000000	-1000.000000	-64.000000	780.000000	3
578	2	0	1	1	80.862472	0.883429	80.526568	0.240859	17.278072	10.947965	-1000.000000	-1000.000000	-64.000000	-1000.000000	-64.000000	780.000000	3
579	3	0	1	1	82.326865	0.918126	82.529457	0.346763	17.336424	10.651153	-1000.000000	-1000.000000	-64.000000	-1000.000000	-64.000000	780.000000	3
580	4	0	1	1	81.828896	0.929894	81.718914	0.355839	22.202739	10.880587	-1000.000000	-1000.000000	-64.000000	-1000.000000	-64.000000	780.000000	3
581	5	0	1	1	82.888426	1.349213	83.207273	0.284262	24.404287	11.796130	-1000.000000	-1000.000000	-64.000000	-1000.000000	-64.000000	780.000000	3
582	6	0	1	1	84.769810	0.722050	84.241561	0.198637	30.215345	16.381053	-1000.000000	-1000.000000	-64.000000	-1000.000000	-64.000000	780.000000	3
583	7	0	1	1	83.151902	1.374828	83.479410	0.241117	34.784781	19.252510	-1000.000000	-1000.000000	-64.000000	-1000.000000	-64.000000	780.000000	3
640	0	0	2	1	83.305703	1.344841	83.711337	0.198518	8.607635	15.596422	-1000.000000	-1000.000000	-64.000000	-1000.000000	-64.000000	780.000000	3
641	1	0	2	1	80.889772	1.027749	80.569062	0.250167	16.620980	11.147254	-1000.000000	-1000.000000	-64.000000	-1000.000000	-64.000000	780.000000	3
642	2	0	2	1	81.269508	0.903761	80.876459	0.292964	16.771534	17.864071	-1000.000000	-1000.000000	-64.000000	-1000.000000	-64.000000	780.000000	3
643	3	0	2	1	82.218894	0.974598	82.509771	0.332141	16.100876	10.058376	-1000.000000	-1000.000000	-64.000000	-1000.000000	-64.000000	780.000000	3
644	4	0	2	1	83.175983	1.316743	83.620371	0.225257	23.216704	12.419262	-1000.000000	-1000.000000	-64.000000	-1000.000000	-64.000000	780.000000	3
645	5	0	2	1	82.498656	1.019764	82.800190	0.307011	25.464291	13.431531	-1000.000000	-1000.000000	-64.000000	-1000.000000	-64.000000	780.000000	3
646	6	0	2	1	82.426700	1.044830	82.666685	0.344544	33.749741	17.329611	-1000.000000	-1000.000000	-64.000000	-1000.000000	-64.000000	780.000000	3
647	7	0	2	1	83.609596	1.410753	83.717354	0.201877	31.350045	21.509938	-1000.000000	-1000.000000	-64.000000	-1000.000000	-64.000000	780.000000	3
704	0	0	3	1	81.618820	1.058059	81.423627	0.362094	14.231047	8.217320	-1000.000000	-1000.000000	-64.000000	-1000.000000	-64.000000	780.000000	3
705	1	0	3	1	84.580443	1.081043	84.255231	0.187385	16.050614	12.274763	-1000.000000	-1000.000000	-64.000000	-1000.000000	-64.000000	780.000000	3
706	2	0	3	1	82.245903	0.876888	82.437806	0.350681	16.016612	10.841922	-1000.000000	-1000.000000	-64.000000	-1000.000000	-64.000000	780.000000	3
707	3	0	3	1	81.999658	0.929187	81.862921	0.377191	16.366794	10.735118	-1000.000000	-1000.000000	-64.000000	-1000.000000	-64.000000	780.000000	3
708	4	0	3	1	83.331962	1.310712	83.702732	0.214478	23.397383	10.486076	-1000.000000	-1000.000000	-64.000000	-1000.000000	-64.000000	780.000000	3
709	5	0	3	1	84.173094	1.276033	84.172642	0.178554	25.520434	12.553965	-1000.000000	-1000.000000	-64.000000	-1000.000000	-64.000000	780.000000	3
710	6	0	3	1	83.372049	1.214413	83.777439	0.179079	28.053758	15.474364	-1000.000000	-1000.000000	-64.000000	-1000.000000	-64.000000	780.000000	3
711	7	0	3	1	84.740324	0.778148	84.098620	0.167749	31.624492	20.457946	-1000.000000	-1000.000000	-64.000000	-1000.000000	-64.000000	780.000000	3
768	0	1	0	1	82.274245	0.887925	82.687322	0.327683	14.056130	8.596822	-1000.000000	-1000.000000	-64.000000	-1000.000000	-64.000000	780.000000	3
769	1	1	0	1	82.482223	0.800191	82.814926	0.314617	16.563499	10.777930	-1000.000000	-1000.000000	-64.000000	-1000.000000	-64.000000	780.000000	3
770	2	1	0	1	85.355040	0.898787	84.929500	0.296024	18.752521	10.479138	-1000.000000	-1000.000000	-64.000000	-1000.000000	-64.000000	780.000000	3
771	3	1	0	1	81.399160	0.871177	81.013879	0.323401	18.151259	10.813294	-1000.000000	-1000.000000	-64.000000	-1000.000000	-64.000000	780.000000	3
772	4	1	0	1	82.913724	1.153521	83.358020	0.261782	23.437677	11.005781	-1000.000000	-1000.000000	-64.000000	-1000.000000	-64.000000	780.000000	3
773	5	1	0	1	81.724362	0.914055	81.485159	0.372035	24.299711	12.169276	-1000.000000	-1000.000000	-64.000000	-1000.000000	-64.000000	780.000000	3
774	6	1	0	1	84.633041	0.697184	83.970186	0.177308	26.847265	12.656343	-1000.000000	-1000.000000	-64.000000	-1000.000000	-64.000000	780.000000	3
775	7	1	0	1	83.305613	1.171368	83.696335	0.205465	33.591916	17.473936	-1000.000000	-1000.000000	-64.000000	-1000.000000	-64.000000	780.000000	3
832	0	1	1	1	82.053321	0.958123	82.349506	0.315823	15.317288	9.098692	-1000.000000	-1000.000000	-64.000000	-1000.000000	-64.000000	780.000000	3
833	1	1	1	1	82.232076	0.903066	82.483612	0.307315	16.795824	10.487053	-1000.000000	-1000.000000	-64.000000	-1000.000000	-64.000000	780.000000	3
834	2	1	1	1	81.984817	0.931872	81.898409	0.416522	16.591835	9.961228	-1000.000000	-1000.000000	-64.000000	-1000.000000	-64.000000	780.000000	3
835	3	1	1	1	82.563168	1.334709	82.858372	0.320228	21.586456	0.534459	-1000.000000	-1000.000000	-64.000000	-1000.000000	-64.000000	780.000000	3
836	4	1	1	1	64.169435	1.385993	64.465309	0.233310	24.462032	12.132363	-1000.000000	-1000.000000	-64.000000	-1000.000000	-64.000000	780.000000	3
837	5	1	1	1	82.188132	0.941991	82.613378	0.353731	24.790355	13.600236	-1000.000000	-1000.000000	-64.000000	-1000.000000	-64.000000	780.000000	3
838	6	1	1	1	82.734819	1.097945	83.136564	0.291912	29.402934	15.209493	-1000.000000	-1000.000000	-64.000000	-1000.000000	-64.000000	780.000000	3
839	7	1	1	1	82.937733	1.251622	83.236821	0.279192	33.317939	18.165316	-1000.000000	-1000.000000	-64.000000	-1000.000000	-64.000000	780.000000	3
896	0	1	2	1	83.398156	1.569129	83.539952	0.234307	22.147863	0.550815	-1000.000000	-1000.000000	-64.000000	-1000.000000	-64.000000	780.000000	3
897	1	1	2	1	81.084581	0.969450	80.800723	0.284030	16.287980	10.876749	-1000.000000	-1000.000000	-64.000000	-1000.000000	-64.000000	780.000000	3
898	2	1	2	1	83.547950	1.379846	83.590976	0.224399	21.023329	0.637761	-1000.000000	-1000.000000	-64.000000	-1000.000000	-64.000000	780.000000	3
899	3	1	2	1	81.346965	0.948536	80.968377	0.313099	20.063276	13.479481	-1000.000000	-1000.000000	-64.000000	-1000.000000	-64.000000	780.000000	3
900	4	1	2	1	82.837565	1.055943	83.209595	0.283936	22.477200	10.529751	-1000.000000	-1000.000000	-64.000000	-1000.000000	-64.000000	780.000000	3
901	5	1	2	1	82.534653	1.153590	82.953527	0.299297	28.634695	18.882205	-1000.000000	-1000.000000	-64.000000	-1000.000000	-64.000000	780.000000	3
902	6	1	2	1	82.373601	0.835594	82.967044	0.309968	28.203430	15.593577	-1000.000000	-1000.000000	-64.000000	-1000.000000	-64.000000	780.000000	3
903	7	1	2	1	84.129256	1.107218	83.909605	0.153685	34.259771	17.263702	-1000.000000	-1000.000000	-64.000000	-1000.000000	-64.000000	780.000000	3
960	0	1	3	1	80.504640	0.874596	80.118610	0.153627	14.353701	7.689333	-1000.000000	-1000.000000	-64.000000	-1000.000000	-64.000000	780.000000	3
961	1	1	3	1	81.200276	0.868281	81.012851	0.323195	15.751573	9.183851	-1000.000000	-1000.000000	-64.000000	-1000.000000	-64.000000	780.000000	3
962	2	1	3	1	81.679043	0.820197	81.722760	0.321672	17.687410	10.105833	-1000.000000	-1000.000000	-64.000000	-1000.000000	-64.000000	780.000000	3
963	3	1	3	1	80.744173	0.925999	80.312915	0.194805	15.997663	9.324961	-1000.000000	-1000.000000	-64.000000	-1000.000000	-64.000000	780.000000	3
964	4	1	3	1	82.285248	0.928570	82.651911	0.308209	21.446253	9.768821	-1000.000000	-1000.000000	-64.000000	-1000.000000	-64.000000	780.000000	3
965	5	1	3	1	83.911363	1.292367	83.923579	0.169000	24.617982	11.807969	-1000.000000	-1000.000000	-64.000000	-1000.000000	-64.000000	780.000000	3
966	6	1	3	1	83.002675	1.130620	83.605864	0.218570	28.150180	13.974273	-1000.000000	-1000.000000	-64.000000	-1000.000000	-64.000000	780.000000	3
967	7	1	3	1	25.724973	0.810093	40.000000	0.001243	-1000.000000	-1000.000000	-1000.000000	-1000.000000	-64.000000	-1000.000000	-64.000000	780.000000	0
1024	0	0	0	2	80.343586	1.221869	80.295552	0.202348	12.241294	7.038609	-1000.000000	-1000.000000	-64.000000	-1000.000000	-64.000000	780.000000	3
1025	1	0	0	2	93.874595	0.979453	93.807557	0.376355	17.079201	10.144111	-1000.000000	-1000.000000	-64.000000	-1000.000000	-64.000000	10.000000	3
1026	2	0	0	2	-1000.000000	-1000.000000	79.554155	0.233324	-1000.000000	-1000.000000	-1000.000000	-1000.000000	-64.000000	-1000.000000	-64.000000	780.000000	3
1027	3	0	0	2	80.954325	1.084102	80.536011	0.223272	19.465047	11.834991	-1000.000000	-1000.000000	-64.000000	-1000.000000	-64.000000	10.000000	3
1028	4	0	0	2	81.913822	0.984233	81.607805	0.327456	25.007269	11.219847	-1000.000000	-1000.000000	-64.000000	-1000.000000	-64.000000	780.000000	3
1029	5	0	0	2	81.971457	0.952319	82.116932	0.364774	25.919219	12.453244	-1000.000000	-1000.000000	-64.000000	-1000.000000	-64.000000	780.000000	3
1030	6	0	0	2	84.815305	1.066679	84.376735	0.220382	32.085537	17.828343	-1000.000000	-1000.000000	-64.000000	-1000.000000	-64.000000	10.000000	3
1031	7	0	0	2	80.182606	1.058004	79.987092	0.122521	-1000.000000	-1000.000000	-1000.000000	-1000.000000	-64.000000	-1000.000000	-64.000000	780.000000	0
1088	0	0	1	2	80.882117	0.527300	80.582237	0.256076	13.369582	7.672335	-1000.000000	-1000.000000	-64.000000	-1000.000000	-64.000000	780.000000	3
1089	1	0	1	2	81.095581	0.942024	80.492908	0.239405	17.755153	10.990161	-1000.000000	-1000.000000	-64.000000	-1000.000000	-64.000000	780.000000	3
1090	2	0	1	2	82.202630	1.008813	82.555273	0.340312	18.943092	14.334114	-1000.000000	-1000.000000	-64.000000	-1000.000000	-64.000000	780.000000	3
1091	3	0	1	2	82.446909	0.740147	82.853041	0.320525	19.115720	11.973012	-1000.000000	-1000.000000	-64.000000	-1000.000000	-64.000000	10.000000	3
1092	4	0	1	2	83.041626	1.248156	83.485007	0.246360	24.357913	11.450314	-1000.000000	-1000.000000	-64.000000	-1000.000000	-64.000000	10.000000	3
1093	5	0	1	2	81.946440	0.992568	81.981150	0.371615	23.664021	11.139508	-1000.000000	-1000.000000	-64.000000	-1000.000000	-64.000000	780.000000	3
1094	6	0	1	2	84.787804	0.760925	84.193508	0.183417	29.944279	14.700319	-1000.000000	-1000.000000	-64.000000	-1000.000000	-64.000000	10.000000	3
1095	7	0	1	2	82.060067	0.906358	82.429586	0.356868	38.817212	21.477448	-1000.000000	-1000.000000	-64.000000	-1000.000000	-64.000000	10.000000	3
1152	0	0	2	2	81.428202	0.989652	81.201751	0.324935	12.411533	7.467011	-1000.000000	-1000.000000	-64.000000	-1000.000000	-64.000000	780.000000	3
1153	1	0	2	2	81.430078	0.965613	80.907987	0.293099	17.588627	10.399173	-1000.000000	-1000.000000	-64.000000	-1000.000000	-64.000000	780.000000	3
1154	2	0	2	2	81.477466	1.033988	81.157887	0.316271	17.242227	10.917844	-1000.000000	-1000.000000	-64.000000	-1000.000000	-64.000000	10.000000	3
1155	3	0	2	2	81.737354	1.083596	81.880132	0.370921	20.240890	12.086349	-1000.000000	-1000.000000	-64.000000	-1000.000000	-64.000000	780.000000	3
1156	4	0	2	2	81.106277	1.027806	80.840133	0.286028	26.106480	12.196625	-1000.000000	-1000.000000	-64.000000	-1000.000000	-64.000000	10.000000	3
1157	5	0	2	2	81.741665	1.004264	81.776448	0.363014	28.256735	13.200487	-1000.000000	-1000.000000	-64.000000	-1000.000000	-64.000000	10.000000	3
1158	6	0	2	2	83.587153	1.428013	83.663893	0.209976	31.624216	16.284440	-1000.000000	-1000.000000	-64.000000	-1000.000000	-64.000000	10.000000	3
1159	7	0	2	2	83.387069	1.485304	83.601104	0.223716	38.834405	21.571457	-1000.000000	-1000.000000	-64.000000	-1000.000000	-64.000000	10.000000	3
1216	0	0	3	2	80.623412	1.068990	80.217419	0.186090	15.140796	8.962406	-1000.000000	-1000.000000	-64.000000	-1000.000000	-64.000000	780.000000	3
1217	1	0	3	2	80.910673	0.923680	80.401485	0.218981	17.075817	10.471073	-1000.000000	-1000.000000	-64.000000	-1000.000000	-64.000000	780.000000	3
1218	2	0	3	2	81.478233	1.039166	81.219000	0.326081	17.176965	10.839230	-1000.000000	-1000.000000	-64.000000	-1000.000000	-64.000000	780.000000	3
1219	3	0	3	2	83.658564	1.550662	83.686397	0.208600	18.652162	11.684733	-1000.000000	-1000.000000	-64.000000	-1000.000000	-64.000000	10.000000	3
1220	4	0	3	2	82.655162	1.284208	82.966207	0.307530	24.095626	11.014864	-1000.000000	-1000.000000	-64.000000	-1000.000000	-64.000000	10.000000	3
1221	5	0	3	2	83.195979	1.431789	83.482799	0.246448	27.868273	13.678062	-1000.000000	-1000.000000	-64.000000	-1000.000000	-64.000000	10.000000	3
1222	6	0	3	2	81.736849	1.008668	81.784140	0.323144	29.833026	14.602708	-1000.000000	-1000.000000	-64.000000	-1000.000000	-64.000000	780.000000	3
1223	7	0	3	2	82.104313	1.023528	82.379625	0.342298	36.033992	19.920731	-1000.000000	-1000.000000	-64.000000	-1000.000000	-64.000000	10.000000	3
1280	0	1	0	2	81.027349	1.084853	80.834269	0.288262	12.440334	7.398223	-1000.000000	-1000.000000	-64.000000	-1000.000000	-64.000000	10.000000	3
1281	1	1	0	2	80.232552	1.064388	80.049081	0.153170	15.020643	9.057237	-1000.000000	-1000.000000	-64.000000	-1000.000000	-64.000000	10.000000	3
1282	2	1	0	2	82.109346	0.898402	82.082587	0.371215	16.368449	11.017798	-1000.000000	-1000.000000	-64.000000	-1000.000000	-64.000000	10.000000	3
1283	3	1	0	2	87.932209	1.235464	87.899438	0.164431	18.184492	10.334725	-1000.000000	-1000.000000	-64.000000	-1000.000000	-64.000000	10.000000	3
1284	4	1	0	2	80.842297	0.671045	80.530224	0.250113	25.287465	13.422302	-1000.000000	-1000.000000	-64.000000	-1000.000000	-64.000000	780.000000	3
1285	5	1	0	2	81.643919	1.134296	81.640590	0.353557	25.257755	11.582703	-1000.000000	-1000.000000	-64.000000	-1000.000000	-64.000000	10.000000	3
1286	6	1	0	2	81.991943	0.944004	82.080188	0.384708	29.617085	14.879650	-1000.000000	-1000.000000	-64.000000	-1000.000000	-64.000000	10.000000	3
1287	7	1	0	2	82.524708	1.413841	82.755259	0.319274	39.652649	21.529652	-1000.000000	-1000.000000	-64.000000	-1000.000000	-64.000000	780.000000	3
1344	0	1	1	2	83.340048	1.490432	83.666140	0.218604	-1000.000000	-1000.000000	-1000.000000	-1000.000000	-64.000000	-1000.000000	-64.000000	780.000000	3
1345	1	1	1	2	81.357905	0.702356	80.791318	0.283806	19.818141	14.706165	-1000.000000	-1000.000000	-64.000000	-1000.000000	-64.000000	780.000000	3
1346	2	1	1	2	79.505002	1.167343	79.773709	0.183969	16.067773	9.279588	-1000.000000	-1000.000000	-64.000000	-1000.000000	-64.000000	10.000000	3
1347	3	1	1	2	81.963039	0.978998	81.868709	0.358600	19.727213	11.813254	-1000.000000	-1000.000000	-64.000000	-1000.000000	-64.000000	780.000000	3
1348	4	1	1	2	81.598549	1.090126	81.389243	0.322561	23.218708	10.413110	-1000.000000	-1000.000000	-64.000000	-1000.000000	-64.000000	780.000000	3
1349	5	1	1	2	82.831463	1.103396	83.303189	0.275651	27.000983	13.060349	-1000.000000	-1000.000000	-64.000000	-1000.000000	-64.000000	780.000000	3
1350	6	1	1	2	94.251623	1.058778	94.761310	0.332626	30.420718	17.594139	-1000.000000	-1000.000000	-64.000000	-1000.000000	-64.000000	10.000000	3
1351	7	1	1	2	95.128840	0.651605	95.497947	0.237974	37.708701	24.695776	-1000.000000	-1000.000000	-64.000000	-1000.000000	-64.000000	780.000000	3
1408	0	1	2	2	81.991058	0.927608	82.231658	0.351445	12.724525	7.909688	-1000.000000	-1000.000000	-64.000000	-1000.000000	-64.000000	780.000000	3
1409	1	1	2	2	82.102621	1.016953	82.281996	0.355940	18.095529	11.225320	-1000.000000	-1000.000000	-64.000000	-1000.000000	-64.000000	780.000000	3
1410	2	1	2	2	80.772628	1.037043	80.497439	0.237885	17.575873	10.759994	-1000.000000	-1000.000000	-64.000000	-1000.000000	-64.000000	10.000000	3
1411	3	1	2	2	79.891953	1.067845	79.864179	0.167177	18.637891	11.150061	-1000.000000	-1000.000000	-64.000000	-1000.000000	-64.000000	780.000000	3
1412	4	1	2	2	83.293499	1.298968	83.750557	0.204155	23.190451	10.693365	-1000.000000	-1000.000000	-64.000000	-1000.000000	-64.000000	10.000000	3
1413	5	1	2	2	84.704030	0.781325	84.040819	0.181000	26.264646	12.377362	-1000.000000	-1000.000000	-64.000000	-1000.000000	-64.000000	10.000000	3
1414	6	1	2	2	82.223460	0.806350	82.560489	0.330231	27.709536	13.592259	-1000.000000	-1000.000000	-64.000000	-1000.000000	-64.000000	780.000000	3
1415	7	1	2	2	83.663960	1.419462	83.632099	0.198568	37.947248	20.502715	-1000.000000	-1000.000000	-64.000000	-1000.000000	-64.000000	10.000000	3
1472	0	1	3	2	82.261538	0.953262	82.615624	0.337037	13.770083	8.696545	-1000.000000	-1000.000000	-64.000000	-1000.000000	-64.000000	780.000000	3
1473	1	1	3	2	85.551033	1.000036	85.555792	0.335032	18.613928	11.406623	-1000.000000	-1000.000000	-64.000000	-1000.000000	-64.000000	780.000000	3
1474	2	1	3	2	81.609245	0.806241	81.620371	0.332217	19.310014	12.150783	-1000.000000	-1000.000000	-64.000000	-1000.000000	-64.000000	780.000000	3
1475	3	1	3	2	81.887443	0.851677	82.019075	0.365257	18.933167	11.737332	-1000.000000	-1000.000000	-64.000000	-1000.000000	-64.000000	10.000000	3
1476	4	1	3	2	79.525395	0.967319	79.902561	0.199555	26.682079	12.840851	-1000.000000	-1000.000000	-64.000000	-1000.000000	-64.000000	780.000000	3
1477	5	1	3	2	81.846498	0.941035	82.035867	0.329045	26.023770	12.377401	-1000.000000	-1000.000000	-64.000000	-1000.000000	-64.000000	10.000000	3
1478	6	1	3	2	82.324635	0.958846	82.762113	0.324003	33.347643	16.863512	-1000.000000	-1000.000000	-64.000000	-1000.000000	-64.000000	10.000000	3
1479	7	1	3	2	82.147364	0.919240	82.240758	0.368932	37.121934	20.541576	-1000.000000	-1000.000000	-64.000000	-1000.000000	-64.000000	10.000000	3
1536	0	0	0	3	81.718224	1.106475	81.630994	0.281914	18.334425	11.066303	-1000.000000	-1000.000000	-64.000000	-1000.000000	-64.000000	528.000000	3
1537	1	0	0	3	81.697675	1.011537	81.716439	0.299045	16.652781	10.223438	-1000.000000	-1000.000000	-64.000000	-1000.000000	-64.000000	528.000000	3
1538	2	0	0	3	82.283134	0.991767	82.512551	0.314730	18.659073	11.380123	-1000.000000	-1000.000000	-64.000000	-1000.000000	-64.000000	528.000000	3
1539	3	0	0	3	81.880000	0.888843	81.777096	0.389924	15.855350	9.537457	-1000.000000	-1000.000000	-64.000000	-1000.000000	-64.000000	780.000000	3
1540	4	0	0	3	83.723183	1.385303	83.884626	0.202268	22.863275	10.747168	-1000.000000	-1000.000000	-64.000000	-1000.000000	-64.000000	528.000000	3
1541	5	0	0	3	48.750213	1.359946	48.325489	0.181867	25.996480	12.281173	-1000.000000	-1000.000000	-64.000000	-1000.000000	-64.000000	780.000000	3
1542	6	0	0	3	84.297313	1.232030	84.138677	0.146931	26.792638	13.176470	-1000.000000	-1000.000000	-64.000000	-1000.000000	-64.000000	780.000000	3
1543	7	0	0	3	84.410086	1.239520	84.125198	0.150553	32.197371	17.145611	-1000.000000	-1000.000000	-64.000000	-1000.000000	-64.000000	780.000000	3
1600	0	0	1	3	80.873147	0.868503	80.554631	0.237115	18.541217	10.757925	-1000.000000	-1000.000000	-64.000000	-1000.000000	-64.000000	528.000000	3
1601	1	0	1	3	80.959191	0.926877	80.694450	0.228777	18.826194	12.914056	-1000.000000	-1000.000000	-64.000000	-1000.000000	-64.000000	528.000000	3
1602	2	0	1	3	94.804516	0.902953	95.176501	0.268173	17.491205	10.274389	-1000.000000	-1000.000000	-64.000000	-1000.000000	-64.000000	780.000000	3
1603	3	0	1	3	81.309769	1.068712	80.914307	0.274383	14.624649	8.693859	-1000.000000	-1000.000000	-64.000000	-1000.000000	-64.000000	528.000000	3
1604	4	0	1	3	82.565194	0.998712	83.047501	0.272505	19.006027	9.366548	-1000.000000	-1000.000000	-64.000000	-1000.000000	-64.000000	780.000000	3
1605	5	0	1	3	82.110117	1.003998	82.421128	0.318367	24.290771	12.162850	-1000.000000	-1000.000000	-64.000000	-1000.000000	-64.000000	780.000000	3
1606	6	0	1	3	83.028383	1.351484	83.259629	0.264404	31.048938	16.543811	-1000.000000	-1000.000000	-64.000000	-1000.000000	-64.000000	528.000000	3
1607	7	0	1	3	82.854981	1.194146	83.320628	0.238200	33.634653	17.229694	-1000.000000	-1000.000000	-64.000000	-1000.000000	-64.000000	780.000000	3
1664	0	0	2	3	81.682807	1.031430	81.720094	0.321636	17.659956	10.824485	-1000.000000	-1000.000000	-64.000000	-1000.000000	-64.000000	528.000000	3
1665	1	0	2	3	82.921840	1.185790	83.303265	0.273089	16.919093	11.054457	-1000.000000	-1000.000000	-64.000000	-1000.000000	-64.000000	528.000000	3
1666	2	0	2	3	81.859802	0.857358	81.693060	0.387676	17.569030	10.098398	-1000.000000	-1000.000000	-64.000000	-1000.000000	-64.000000	780.000000	3
1667	3	0	2	3	81.113885	0.848729	80.844093	0.266714	13.344974	8.112141	-1000.000000	-1000.000000	-64.000000	-1000.000000	-64.000000	528.000000	3
1668	4	0	2	3	82.598938	1.116467	82.871318	0.313602	20.003849	9.254529	-1000.000000	-1000.000000	-64.000000	-1000.000000	-64.000000	528.000000	3
1669	5	0	2	3	81.705688	1.013607	81.670785	0.308689	25.416368	12.036299	-1000.000000	-1000.000000	-64.000000	-1000.000000	-64.000000	528.000000	3
1670	6	0	2	3	83.036942	1.272216	83.462618	0.240260	26.725677	12.555836	-1000.000000	-1000.000000	-64.000000	-1000.000000	-64.000000	780.000000	3
1671	7	0	2	3	83.836502	1.423086	83.866540	0.211399	36.121032	19.010718	-1000.000000	-1000.000000	-64.000000	-1000.000000	-64.000000	528.000000	3
1728	0	0	3	3	80.824609	0.893430	80.265319	0.182006	15.688575	9.482182	-1000.000000	-1000.000000	-64.000000	-1000.000000	-64.000000	780.000000	3
1729	1	0	3	3	82.918158	0.974029	83.434555	0.248717	17.118601	10.899749	-1000.000000	-1000.000000	-64.000000	-1000.000000	-64.000000	780.000000	3
1730	2	0	3	3	81.525488	0.890923	81.291842	0.381867	15.629220	9.224067	-1000.000000	-1000.000000	-64.000000	-1000.000000	-64.000000	780.000000	3
1731	3	0	3	3	81.346676	0.905700	80.945683	0.327196	13.582218	9.282659	-1000.000000	-1000.000000	-64.000000	-1000.000000	-64.000000	780.000000	3
1732	4	0	3	3	81.705487	1.092574	81.838857	0.316790	21.990431	10.986124	-1000.000000	-1000.000000	-64.000000	-1000.000000	-64.000000	528.000000	3
1733	5	0	3	3	90.359606	0.933796	90.836402	0.337666	27.025108	14.388430	-1000.000000	-1000.000000	-64.000000	-1000.000000	-64.000000	780.000000	3
1734	6	0	3	3	83.390633	1.176681	83.776449	0.175415	27.638013	13.217075	-1000.000000	-1000.000000	-64.000000	-1000.000000	-64.000000	780.000000	3
1735	7	0	3	3	82.943539	1.385355	83.401923	0.267665	35.245805	18.794109	-1000.000000	-1000.000000	-64.000000	-1000.000000	-64.000000	528.000000	3
1792	0	1	0	3	80.756362	0.993793	80.474822	0.227580	17.382315	10.150045	-1000.000000	-1000.000000	-64.000000	-1000.000000	-64.000000	528.000000	3
1793	1	1	0	3	82.408869	0.983677	82.777040	0.314050	18.596803	11.991274	-1000.000000	-1000.000000	-64.000000	-1000.000000	-64.000000	528.000000	3
1794	2	1	0	3	81.436126	0.940900	81.273489	0.299125	17.596060	10.554367	-1000.000000	-1000.000000	-64.000000	-1000.000000	-64.000000	528.000000	3
1795	3	1	0	3	65.232491	0.841231	64.576606	0.241971	12.873361	7.537689	-1000.000000	-1000.000000	-64.000000	-1000.000000	-64.000000	780.000000	3
1796	4	1	0	3	84.287880	1.224892	84.177173	0.162735	19.483935	9.377716	-1000.000000	-1000.000000	-64.000000	-1000.000000	-64.000000	780.000000	3
1797	5	1	0	3	84.113637	1.193423	83.886226	0.146662	25.549390	11.685489	-1000.000000	-1000.000000	-64.000000	-1000.000000	-64.000000	780.000000	3
1798	6	1	0	3	84.191113	1.361516	83.928072	0.198522	31.889843	15.869881	-1000.000000	-1000.000000	-64.000000	-1000.000000	-64.000000	528.000000	3
1799	7	1	0	3	83.794302	1.176234	83.928187	0.138456	32.239372	16.451546	-1000.000000	-1000.000000	-64.000000	-1000.000000	-64.000000	780.000000	3
1856	0	1	1	3	81.910319	1.022831	82.148765	0.347576	15.240843	9.287389	-1000.000000	-1000.000000	-64.000000	-1000.000000	-64.000000	528.000000	3
1857	1	1	1	3	82.981553	1.229352	83.370433	0.264218	17.936710	11.633378	-1000.000000	-1000.000000	-64.000000	-1000.000000	-64.000000	528.000000	3
1858	2	1	1	3	81.902226	0.903098	81.781551	0.369282	17.732310	10.179236	-1000.000000	-1000.000000	-64.000000	-1000.000000	-64.000000	780.000000	3
1859	3	1	1	3	81.031335	0.773391	80.709605	0.274039	13.684820	8.019328	-1000.000000	-1000.000000	-64.000000	-1000.000000	-64.000000	528.000000	3
1860	4	1	1	3	84.271146	1.259425	84.153870	0.170805	18.526460	9.079252	-1000.000000	-1000.000000	-64.000000	-1000.000000	-64.000000	780.000000	3
1861	5	1	1	3	83.487200	1.293390	83.731061	0.187116	23.888373	12.008865	-1000.000000	-1000.000000	-64.000000	-1000.000000	-64.000000	780.000000	3
1862	6	1	1	3	82.883411	1.122564	83.319562	0.267306	28.028275	13.759040	-1000.000000	-1000.000000	-64.000000	-1000.000000	-64.000000	780.000000	3
1863	7	1	1	3	85.137804	0.862699	84.614679	0.257679	36.434916	18.544582	-1000.000000	-1000.000000	-64.000000	-1000.000000	-64.000000	780.000000	3
1920	0	1	2	3	80.675871	0.688500	80.144464	0.183090	16.845762	9.950074	-1000.000000	-1000.000000	-64.000000	-1000.000000	-64.000000	528.000000	3
1921	1	1	2	3	81.808877	0.965304	81.634764	0.332639	18.026311	11.010418	-1000.000000	-1000.000000	-64.000000	-1000.000000	-64.000000	528.000000	3
1922	2	1	2	3	81.089621	0.847437	80.686340	0.266501	19.804939	11.471662	-1000.000000	-1000.000000	-64.000000	-1000.000000	-64.000000	528.000000	3
1923	3	1	2	3	81.043923	0.782262	80.527634	0.240192	13.533656	9.351599	-1000.000000	-1000.000000	-64.000000	-1000.000000	-64.000000	780.000000	3
1924	4	1	2	3	95.053762	0.466864	95.392321	0.254951	17.748497	8.987602	-1000.000000	-1000.000000	-64.000000	-1000.000000	-64.000000	780.000000	3
1925	5	1	2	3	83.507161	1.506408	83.758553	0.232817	26.418147	12.448132	-1000.000000	-1000.000000	-64.000000	-1000.000000	-64.000000	528.000000	3
1926	6	1	2	3	83.356369	1.202551	83.648548	0.205389	28.796432	13.591717	-1000.000000	-1000.000000	-64.000000	-1000.000000	-64.000000	780.000000	3
1927	7	1	2	3	83.370590	1.329454	83.518058	0.233326	30.818753	15.270102	-1000.000000	-1000.000000	-64.000000	-1000.000000	-64.000000	780.000000	3
1984	0	1	3	3	81.535134	1.032411	81.583550	0.335773	16.909859	10.527349	-1000.000000	-1000.000000	-64.000000	-1000.000000	-64.000000	528.000000	3
1985	1	1	3	3	82.691686	1.076366	83.143113	0.290817	16.911041	10.845275	-1000.000000	-1000.000000	-64.000000	-1000.000000	-64.000000	780.000000	3
1986	2	1	3	3	82.518203	1.252860	82.852965	0.314840	20.689586	12.434651	-1000.000000	-1000.000000	-64.000000	-1000.000000	-64.000000	528.000000	3
1987	3	1	3	3	81.105455	0.964732	80.518648	0.239017	14.074680	9.685552	-1000.000000	-1000.000000	-64.000000	-1000.000000	-64.000000	780.000000	3
1988	4	1	3	3	82.590186	1.187091	82.769614	0.325442	19.969858	9.324726	-1000.000000	-1000.000000	-64.000000	-1000.000000	-64.000000	528.000000	3
1989	5	1	3	3	81.894604	1.020453	81.961312	0.329262	27.158016	12.605801	-1000.000000	-1000.000000	-64.000000	-1000.000000	-64.000000	528.000000	3
1990	6	1	3	3	83.952870	1.256796	83.908881	0.152474	29.242469	14.203268	-1000.000000	-1000.000000	-64.000000	-1000.000000	-64.000000	780.000000	3
1991	7	1	3	3	83.022385	1.249192	83.326378	0.272958	33.613222	18.053031	-1000.000000	-1000.000000	-64.000000	-1000.000000	-64.000000	528.000000	3
2048	0	0	0	4	79.251693	0.965033	79.312061	0.269801	12.454655	7.817353	-1000.000000	-1000.000000	-64.000000	-1000.000000	-64.000000	780.000000	3
2049	1	0	0	4	81.311930	0.922062	80.961485	0.307611	20.204821	11.325783	-1000.000000	-1000.000000	-64.000000	-1000.000000	-64.000000	780.000000	3
2050	2	0	0	4	81.120108	0.810809	80.778029	0.278811	13.689365	10.643999	-1000.000000	-1000.000000	-64.000000	-1000.000000	-64.000000	780.000000	3
2051	3	0	0	4	82.273569	0.955199	82.543278	0.346045	14.833151	9.392043	-1000.000000	-1000.000000	-64.000000	-1000.000000	-64.000000	780.000000	3
2052	4	0	0	4	81.307551	1.104233	80.929538	0.297568	22.502616	12.196927	-1000.000000	-1000.000000	-64.000000	-1000.000000	-64.000000	780.000000	3
2053	5	0	0	4	82.188565	0.948633	82.522146	0.327070	23.787954	12.593977	-1000.000000	-1000.000000	-64.000000	-1000.000000	-64.000000	780.000000	3
2054	6	0	0	4	82.343316	0.907346	82.770148	0.321896	25.945190	13.558640	-1000.000000	-1000.000000	-64.000000	-1000.000000	-64.000000	780.000000	3
2055	7	0	0	4	81.525742	1.014663	81.348272	0.315756	27.421408	15.162399	-1000.000000	-1000.000000	-64.000000	-1000.000000	-64.000000	780.000000	3
2112	0	0	1	4	80.947774	0.558764	80.577820	0.244198	14.392977	8.595438	-1000.000000	-1000.000000	-64.000000	-1000.000000	-64.000000	780.000000	3
2113	1	0	1	4	81.297317	0.960340	80.831566	0.280540	18.225493	12.420006	-1000.000000	-1000.000000	-64.000000	-1000.000000	-64.000000	780.000000	3
2114	2	0	1	4	81.925458	1.016414	81.840418	0.347271	14.685120	8.935017	-1000.000000	-1000.000000	-64.000000	-1000.000000	-64.000000	780.000000	3
2115	3	0	1	4	81.722302	1.018146	81.754935	0.375232	18.538119	11.196022	-1000.000000	-1000.000000	-64.000000	-1000.000000	-64.000000	780.000000	3
2116	4	0	1	4	82.396185	1.040907	82.670721	0.328794	21.123896	9.868380	-1000.000000	-1000.000000	-64.000000	-1000.000000	-64.000000	780.000000	3
2117	5	0	1	4	81.858705	0.997989	81.765330	0.303498	22.637928	11.446319	-1000.000000	-1000.000000	-64.000000	-1000.000000	-64.000000	780.000000	3
2118	6	0	1	4	77.579852	0.844343	77.434789	0.320353	29.585317	16.570955	-1000.000000	-1000.000000	-64.000000	-1000.000000	-64.000000	780.000000	3
2119	7	0	1	4	83.176646	1.473713	83.450585	0.242165	29.353819	15.456269	-1000.000000	-1000.000000	-64.000000	-1000.000000	-64.000000	780.000000	3
2176	0	0	2	4	80.643917	0.659615	80.087501	0.181534	13.378800	8.662574	-1000.000000	-1000.000000	-64.000000	-1000.000000	-64.000000	780.000000	3
2177	1	0	2	4	83.056496	1.075816	83.520190	0.242031	15.731102	9.909095	-1000.000000	-1000.000000	-64.000000	-1000.000000	-64.000000	780.000000	3
2178	2	0	2	4	80.588604	0.786864	80.177591	0.165475	12.962173	8.849986	-1000.000000	-1000.000000	-64.000000	-1000.000000	-64.000000	780.000000	3
2179	3	0	2	4	84.430652	1.234113	83.986559	0.206669	19.723930	13.668029	-1000.000000	-1000.000000	-64.000000	-1000.000000	-64.000000	780.000000	3
2180	4	0	2	4	81.169392	1.034164	80.881066	0.294680	22.307031	11.465022	-1000.000000	-1000.000000	-64.000000	-1000.000000	-64.000000	780.000000	3
2181	5	0	2	4	81.171633	0.893294	80.773079	0.281434	25.576416	12.722382	-1000.000000	-1000.000000	-64.000000	-1000.000000	-64.000000	780.000000	3
2182	6	0	2	4	81.266925	0.921426	80.960609	0.307644	27.341949	13.707014	-1000.000000	-1000.000000	-64.000000	-1000.000000	-64.000000	780.000000	3
2183	7	0	2	4	82.367945	0.788324	82.991604	0.308245	29.626027	18.317333	-1000.000000	-1000.000000	-64.000000	-1000.000000	-64.000000	780.000000	3
2240	0	0	3	4	82.624710	1.040810	83.004893	0.298920	12.999697	9.000351	-1000.000000	-1000.000000	-64.000000	-1000.000000	-64.000000	780.000000	3
2241	1	0	3	4	81.236666	1.042326	80.864503	0.294169	16.784392	9.887738	-1000.000000	-1000.000000	-64.000000	-1000.000000	-64.000000	780.000000	3
2242	2	0	3	4	81.309892	0.900938	81.000552	0.302651	11.532084	8.319431	-1000.000000	-1000.000000	-64.000000	-1000.000000	-64.000000	780.000000	3
2243	3	0	3	4	80.946410	0.554890	80.607444	0.256030	16.717626	9.528500	-1000.000000	-1000.000000	-64.000000	-1000.000000	-64.000000	780.000000	3
2244	4	0	3	4	82.638261	1.061793	83.031242	0.297009	20.762070	9.963369	-1000.000000	-1000.000000	-64.000000	-1000.000000	-64.000000	780.000000	3
2245	5	0	3	4	81.376102	0.952468	81.063379	0.317803	24.287552	13.456420	-1000.000000	-1000.000000	-64.000000	-1000.000000	-64.000000	780.000000	3
2246	6	0	3	4	81.220809	0.905600	81.101913	0.299323	27.876836	15.408787	-1000.000000	-1000.000000	-64.000000	-1000.000000	-64.000000	780.000000	3
2247	7	0	3	4	82.783909	1.059476	83.166073	0.290473	30.909814	17.177669	-1000.000000	-1000.000000	-64.000000	-1000.000000	-64.000000	780.000000	3
2304	0	1	0	4	80.500160	0.777118	80.174050	0.173824	13.775018	11.094181	-1000.000000	-1000.000000	-64.000000	-1000.000000	-64.000000	780.000000	3
2305	1	1	0	4	81.160113	0.981214	80.771023	0.280136	17.533744	10.088266	-1000.000000	-1000.000000	-64.000000	-1000.000000	-64.000000	780.000000	3
2306	2	1	0	4	80.730325	0.888206	80.276933	0.189434	12.694413	8.267819	-1000.000000	-1000.000000	-64.000000	-1000.000000	-64.000000	780.000000	3
2307	3	1	0	4	81.553477	0.990429	81.403788	0.381957	16.730919	9.830843	-1000.000000	-1000.000000	-64.000000	-1000.000000	-64.000000	780.000000	3
2308	4	1	0	4	81.600051	1.053773	81.511318	0.319902	20.377806	11.806029	-1000.000000	-1000.000000	-64.000000	-1000.000000	-64.000000	780.000000	3
2309	5	1	0	4	82.020546	0.981667	81.982826	0.371504	24.307756	12.153983	-1000.000000	-1000.000000	-64.000000	-1000.000000	-64.000000	780.000000	3
2310	6	1	0	4	82.273299	0.937964	82.470971	0.343887	27.506676	17.441337	-1000.000000	-1000.000000	-64.000000	-1000.000000	-64.000000	780.000000	3
2311	7	1	0	4	81.023477	0.780468	80.761237	0.284113	30.637683	19.222705	-1000.000000	-1000.000000	-64.000000	-1000.000000	-64.000000	780.000000	3
2368	0	1	1	4	80.878244	0.627176	80.514384	0.247479	13.894959	8.628839	-1000.000000	-1000.000000	-64.000000	-1000.000000	-64.000000	780.000000	3
2369	1	1	1	4	81.596555	1.054193	81.310652	0.322535	16.211361	9.813893	-1000.000000	-1000.000000	-64.000000	-1000.000000	-64.000000	780.000000	3
2370	2	1	1	4	81.491417	0.987114	81.344312	0.345159	14.269820	8.635302	-1000.000000	-1000.000000	-64.000000	-1000.000000	-64.000000	780.000000	3
2371	3	1	1	4	81.683875	1.002045	81.449519	0.317138	15.854024	9.344177	-1000.000000	-1000.000000	-64.000000	-1000.000000	-64.000000	780.000000	3
2372	4	1	1	4	81.926461	1.052895	81.768833	0.323076	21.380242	9.764591	-1000.000000	-1000.000000	-64.000000	-1000.000000	-64.000000	780.000000	3
2373	5	1	1	4	80.874483	1.117344	80.592442	0.266221	25.751419	12.790027	-1000.000000	-1000.000000	-64.000000	-1000.000000	-64.000000	780.000000	3
2374	6	1	1	4	84.953778	0.844928	84.545188	0.248657	27.086856	13.121566	-1000.000000	-1000.000000	-64.000000	-1000.000000	-64.000000	780.000000	3
2375	7	1	1	4	82.516250	1.051335	82.873717	0.309913	26.248376	18.649722	-1000.000000	-1000.000000	-64.000000	-1000.000000	-64.000000	780.000000	3
2432	0	1	2	4	80.591667	0.738049	80.111109	0.170295	12.796746	8.529586	-1000.000000	-1000.000000	-64.000000	-1000.000000	-64.000000	780.000000	3
2433	1	1	2	4	81.361660	1.054903	81.125940	0.314221	17.168843	11.005772	-1000.000000	-1000.000000	-64.000000	-1000.000000	-64.000000	780.000000	3
2434	2	1	2	4	80.607307	0.805875	80.164302	0.164881	13.165939	8.955442	-1000.000000	-1000.000000	-64.000000	-1000.000000	-64.000000	780.000000	3
2435	3	1	2	4	81.025013	0.921918	80.723008	0.274090	15.061273	8.291013	-1000.000000	-1000.000000	-64.000000	-1000.000000	-64.000000	780.000000	3
2436	4	1	2	4	82.707575	1.121761	83.052147	0.299833	21.345066	10.468882	-1000.000000	-1000.000000	-64.000000	-1000.000000	-64.000000	780.000000	3
2437	5	1	2	4	82.023598	0.901276	82.353809	0.348346	23.526949	12.471555	-1000.000000	-1000.000000	-64.000000	-1000.000000	-64.000000	780.000000	3
2438	6	1	2	4	82.045714	1.016213	82.544421	0.326644	25.945418	12.992518	-1000.000000	-1000.000000	-64.000000	-1000.000000	-64.000000	780.000000	3
2439	7	1	2	4	81.115186	0.947116	80.801295	0.283988	28.111655	18.049659	-1000.000000	-1000.000000	-64.000000	-1000.000000	-64.000000	780.000000	3
2496	0	1	3	4	81.277228	0.948366	80.846492	0.278428	13.605025	8.122081	-1000.000000	-1000.000000	-64.000000	-1000.000000	-64.000000	780.000000	3
2497	1	1	3	4	81.687929	1.077282	81.507625	0.323754	16.010878	10.226574	-1000.000000	-1000.000000	-64.000000	-1000.000000	-64.000000	780.000000	3
2498	2	1	3	4	81.070780	0.960765	80.764626	0.267394	12.606526	8.417483	-1000.000000	-1000.000000	-64.000000	-1000.000000	-64.000000	780.000000	3
2499	3	1	3	4	82.471607	1.103765	82.985321	0.299502	17.503030	10.085960	-1000.000000	-1000.000000	-64.000000	-1000.000000	-64.000000	780.000000	3
2500	4	1	3	4	78.805061	1.073826	79.041828	0.275508	18.104003	10.159589	-1000.000000	-1000.000000	-64.000000	-1000.000000	-64.000000	780.000000	3
2501	5	1	3	4	82.502527	1.048983	82.756249	0.294267	24.476978	11.923935	-1000.000000	-1000.000000	-64.000000	-1000.000000	-64.000000	780.000000	3
2502	6	1	3	4	81.180510	1.006465	80.769729	0.261587	25.957679	13.817551	-1000.000000	-1000.000000	-64.000000	-1000.000000	-64.000000	780.000000	3
2503	7	1	3	4	81.726887	1.038869	81.822560	0.342077	27.493050	14.308923	-1000.000000	-1000.000000	-64.000000	-1000.000000	-64.000000	780.000000	3
2560	0	0	0	5	79.559270	1.143411	79.846169	0.180467	15.717418	8.915547	-1000.000000	-1000.000000	-64.000000	-1000.000000	-64.000000	780.000000	3
2561	1	0	0	5	80.787424	0.671734	80.683027	0.270499	19.370788	11.809895	-1000.000000	-1000.000000	-64.000000	-1000.000000	-64.000000	780.000000	3
2562	2	0	0	5	80.205000	1.113514	80.145302	0.183433	19.973310	12.273473	-1000.000000	-1000.000000	-64.000000	-1000.000000	-64.000000	780.000000	3
2563	3	0	0	5	81.567628	0.838290	81.296259	0.367292	16.319253	9.595144	-1000.000000	-1000.000000	-64.000000	-1000.000000	-64.000000	780.000000	3
2564	4	0	0	5	81.449999	1.111971	81.212261	0.298676	30.606968	14.101649	-1000.000000	-1000.000000	-64.000000	-1000.000000	-64.000000	780.000000	3
2565	5	0	0	5	82.787877	1.212423	83.238801	0.279684	27.056936	13.063109	-1000.000000	-1000.000000	-64.000000	-1000.000000	-64.000000	780.000000	3
2566	6	0	0	5	84.449215	1.068083	83.968244	0.157584	29.363332	14.508392	-1000.000000	-1000.000000	-64.000000	-1000.000000	-64.000000	780.000000	3
2567	7	0	0	5	83.008476	0.850899	83.608872	0.217375	35.571217	19.671186	-1000.000000	-1000.000000	-64.000000	-1000.000000	-64.000000	780.000000	3
2624	0	0	1	5	82.040544	1.019149	82.614824	0.332478	15.920000	10.175864	-1000.000000	-1000.000000	-64.000000	-1000.000000	-64.000000	780.000000	3
2625	1	0	1	5	83.400428	1.267731	83.737344	0.213837	19.618261	11.732832	-1000.000000	-1000.000000	-64.000000	-1000.000000	-64.000000	780.000000	3
2626	2	0	1	5	86.978866	1.223820	87.394916	0.255926	15.265135	9.420634	-1000.000000	-1000.000000	-64.000000	-1000.000000	-64.000000	780.000000	3
2627	3	0	1	5	79.612190	1.104300	79.891937	0.174823	20.941596	12.398736	-1000.000000	-1000.000000	-64.000000	-1000.000000	-64.000000	780.000000	3
2628	4	0	1	5	82.047060	0.957830	82.229907	0.357022	26.130972	11.969419	-1000.000000	-1000.000000	-64.000000	-1000.000000	-64.000000	780.000000	3
2629	5	0	1	5	82.912509	1.365197	83.154879	0.290035	27.695962	13.700545	-1000.000000	-1000.000000	-64.000000	-1000.000000	-64.000000	780.000000	3
2630	6	0	1	5	80.839578	0.510569	80.325822	0.212373	31.664492	16.217393	-1000.000000	-1000.000000	-64.000000	-1000.000000	-64.000000	780.000000	3
2631	7	0	1	5	83.678040	1.420999	83.692718	0.198400	32.297968	17.397582	-1000.000000	-1000.000000	-64.000000	-1000.000000	-64.000000	780.000000	3
2688	0	0	2	5	80.938739	0.868131	80.742313	0.275602	19.019651	11.164351	-1000.000000	-1000.000000	-64.000000	-1000.000000	-64.000000	780.000000	3
2689	1	0	2	5	80.850388	1.228930	80.667187	0.268170	16.939635	10.491296	-1000.000000	-1000.000000	-64.000000	-1000.000000	-64.000000	780.000000	3
2690	2	0	2	5	80.667633	0.986471	80.324528	0.199422	17.944109	10.933096	-1000.000000	-1000.000000	-64.000000	-1000.000000	-64.000000	780.000000	3
2691	3	0	2	5	81.111851	0.871165	81.022370	0.296495	21.377816	13.510466	-1000.000000	-1000.000000	-64.000000	-1000.000000	-64.000000	780.000000	3
2692	4	0	2	5	81.275514	1.159472	81.069129	0.299680	32.094047	15.463065	-1000.000000	-1000.000000	-64.000000	-1000.000000	-64.000000	780.000000	3
2693	5	0	2	5	80.915708	1.257997	80.672632	0.271564	35.951794	18.745026	-1000.000000	-1000.000000	-64.000000	-1000.000000	-64.000000	780.000000	3
2694	6	0	2	5	83.109583	1.351949	83.500314	0.237266	28.644954	14.781103	-1000.000000	-1000.000000	-64.000000	-1000.000000	-64.000000	780.000000	3
2695	7	0	2	5	81.198120	0.916288	81.009005	0.304191	40.807359	23.004453	-1000.000000	-1000.000000	-64.000000	-1000.000000	-64.000000	780.000000	3
2752	0	0	3	5	63.496686	0.583014	64.043141	0.141266	14.682699	8.348077	-1000.000000	-1000.000000	-64.000000	-1000.000000	-64.000000	780.000000	3
2753	1	0	3	5	79.785221	1.050700	79.876630	0.151654	15.421573	9.100775	-1000.000000	-1000.000000	-64.000000	-1000.000000	-64.000000	780.000000	3
2754	2	0	3	5	81.430820	0.995825	81.083789	0.342401	14.301291	8.222068	-1000.000000	-1000.000000	-64.000000	-1000.000000	-64.000000	780.000000	3
2755	3	0	3	5	91.598631	1.186833	91.788253	0.178851	19.256503	11.305741	-1000.000000	-1000.000000	-64.000000	-1000.000000	-64.000000	780.000000	3
2756	4	0	3	5	88.465802	1.107313	88.215097	0.243677	33.127633	15.783741	-1000.000000	-1000.000000	-64.000000	-1000.000000	-64.000000	780.000000	3
2757	5	0	3	5	82.290170	0.801393	82.625372	0.347102	26.509732	12.884411	-1000.000000	-1000.000000	-64.000000	-1000.000000	-64.000000	780.000000	3
2758	6	0	3	5	81.251152	0.932644	80.806854	0.288781	29.626526	14.940637	-1000.000000	-1000.000000	-64.000000	-1000.000000	-64.000000	780.000000	3
2759	7	0	3	5	80.817541	0.500548	80.319768	0.211572	41.781839	23.838005	-1000.000000	-1000.000000	-64.000000	-1000.000000	-64.000000	780.000000	3
2816	0	1	0	5	79.977048	1.099353	80.025359	0.170725	15.653077	9.547743	-1000.000000	-1000.000000	-64.000000	-1000.000000	-64.000000	780.000000	3
2817	1	1	0	5	80.612186	1.117796	80.617877	0.260070	17.360061	11.306540	-1000.000000	-1000.000000	-64.000000	-1000.000000	-64.000000	780.000000	3
2818	2	1	0	5	80.576777	0.742776	80.172946	0.179740	18.484260	11.858503	-1000.000000	-1000.000000	-64.000000	-1000.000000	-64.000000	780.000000	3
2819	3	1	0	5	81.522274	0.866744	81.290052	0.353519	18.739516	11.230811	-1000.000000	-1000.000000	-64.000000	-1000.000000	-64.000000	780.000000	3
2820	4	1	0	5	82.156966	0.913396	82.293571	0.367696	26.962189	12.957236	-1000.000000	-1000.000000	-64.000000	-1000.000000	-64.000000	780.000000	3
2821	5	1	0	5	84.460858	0.791287	83.994479	0.144925	28.314148	16.175795	-1000.000000	-1000.000000	-64.000000	-1000.000000	-64.000000	780.000000	3
2822	6	1	0	5	81.262701	0.897689	81.292603	0.313195	36.619323	24.651006	-1000.000000	-1000.000000	-64.000000	-1000.000000	-64.000000	780.000000	3
2823	7	1	0	5	81.118653	1.016410	80.513851	0.239738	36.747098	20.724324	-1000.000000	-1000.000000	-64.000000	-1000.000000	-64.000000	780.000000	3
2880	0	1	1	5	78.747011	1.425400	79.033070	0.295537	16.180720	10.440632	-1000.000000	-1000.000000	-64.000000	-1000.000000	-64.000000	780.000000	3
2881	1	1	1	5	79.478284	1.058849	79.788635	0.200590	20.278935	12.752160	-1000.000000	-1000.000000	-64.000000	-1000.000000	-64.000000	780.000000	3
2882	2	1	1	5	82.046653	0.920122	82.016257	0.371506	16.972691	11.236586	-1000.000000	-1000.000000	-64.000000	-1000.000000	-64.000000	780.000000	3
2883	3	1	1	5	80.922914	0.540103	80.472308	0.236440	20.326469	11.814511	-1000.000000	-1000.000000	-64.000000	-1000.000000	-64.000000	780.000000	3
2884	4	1	1	5	75.557002	1.211969	75.769595	0.192931	25.303855	12.185208	-1000.000000	-1000.000000	-64.000000	-1000.000000	-64.000000	780.000000	3
2885	5	1	1	5	82.367299	0.894851	82.874403	0.318661	31.431940	15.358869	-1000.000000	-1000.000000	-64.000000	-1000.000000	-64.000000	780.000000	3
2886	6	1	1	5	83.415103	1.222020	83.650224	0.207988	28.722454	14.331700	-1000.000000	-1000.000000	-64.000000	-1000.000000	-64.000000	780.000000	3
2887	7	1	1	5	83.096298	1.340866	83.423436	0.250933	32.901397	17.484435	-1000.000000	-1000.000000	-64.000000	-1000.000000	-64.000000	780.000000	3
2944	0	1	2	5	80.806940	0.495388	80.222598	0.199651	19.054259	11.159270	-1000.000000	-1000.000000	-64.000000	-1000.000000	-64.000000	780.000000	3
2945	1	1	2	5	80.316598	1.192121	80.189738	0.194922	19.710855	12.597985	-1000.000000	-1000.000000	-64.000000	-1000.000000	-64.000000	780.000000	3
2946	2	1	2	5	80.473913	0.590089	79.965959	0.165323	19.381258	11.312656	-1000.000000	-1000.000000	-64.000000	-1000.000000	-64.000000	780.000000	3
2947	3	1	2	5	81.987128	0.987001	81.892240	0.416455	19.957454	11.840903	-1000.000000	-1000.000000	-64.000000	-1000.000000	-64.000000	780.000000	3
2948	4	1	2	5	83.147729	1.169449	83.572318	0.226757	26.010020	12.112391	-1000.000000	-1000.000000	-64.000000	-1000.000000	-64.000000	780.000000	3
2949	5	1	2	5	82.559103	1.189856	82.904065	0.313675	28.939874	13.697990	-1000.000000	-1000.000000	-64.000000	-1000.000000	-64.000000	780.000000	3
2950	6	1	2	5	83.329287	1.454278	83.415707	0.252748	27.440137	13.751476	-1000.000000	-1000.000000	-64.000000	-1000.000000	-64.000000	780.000000	3
2951	7	1	2	5	83.441773	1.519350	83.488815	0.240016	37.785441	20.151229	-1000.000000	-1000.000000	-64.000000	-1000.000000	-64.000000	780.000000	3
3008	0	1	3	5	79.940971	1.125445	79.897192	0.184071	17.933487	10.496305	-1000.000000	-1000.000000	-64.000000	-1000.000000	-64.000000	780.000000	3
3009	1	1	3	5	81.470219	0.842443	81.192956	0.334267	15.773524	10.715619	-1000.000000	-1000.000000	-64.000000	-1000.000000	-64.000000	780.000000	3
3010	2	1	3	5	73.742671	1.003008	73.627339	0.327960	19.339931	15.499251	-1000.000000	-1000.000000	-64.000000	-1000.000000	-64.000000	780.000000	3
3011	3	1	3	5	82.121997	0.906858	82.646466	0.340173	19.614441	11.924114	-1000.000000	-1000.000000	-64.000000	-1000.000000	-64.000000	780.000000	3
3012	4	1	3	5	76.256633	1.393928	76.026083	0.234186	30.214795	16.754654	-1000.000000	-1000.000000	-64.000000	-1000.000000	-64.000000	780.000000	3
3013	5	1	3	5	80.092006	1.208884	80.189852	0.211962	35.411070	17.564413	-1000.000000	-1000.000000	-64.000000	-1000.000000	-64.000000	780.000000	3
3014	6	1	3	5	82.236232	0.845676	82.628646	0.341306	27.017067	13.755516	-1000.000000	-1000.000000	-64.000000	-1000.000000	-64.000000	780.000000	3
3015	7	1	3	5	79.869751	1.095439	80.038344	0.175041	40.912776	23.805845	-1000.000000	-1000.000000	-64.000000	-1000.000000	-64.000000	780.000000	3
